1398029
513436
604903
1345567
1672990
917553
775965
1459223
668626
143111
23352
178063
1224650
865105
133663
813532
287931
807344
1542575
1142222
240923
1911948
564906
1144327
519716
211863
1470723
1774520
798667
669959
1232345
1247949
1047803
882723
1263451
954739
1350926
1458562
934468
1009203
1702617
841284
1727644
1980311
774002
541884
1869880
1669628
578228
1891545
189038
94628
24039
376384
152593
306935
835746
404223
796197
733625
1593989
707367
1292807
832730
668905
74807
825520
536271
1510926
789817
848580
1950161
731194
1269503
808677
1492232
1679342
1081710
1319637
522054
184583
561103
1671691
579987
7950
8879
819520
1340782
1772456
1639584
814016
1203478
1439818
526532
1994475
1952790
1899510
1970609
1941936
793794
831840
213390
788698
118803
375976
1564344
827054
1768850
1694836
1218005
706101
1169530
1765933
971920
400141
566059
712888
1610535
1895444
1697843
787366
924849
902982
664399
716573
35477
1265958
1140834
1677009
1790937
1394751
155509
486502
1570573
887713
559297
497363
1150826
1996673
1482228
1913490
160217
669624
1491933
835225
346015
885372
505550
1645751
592865
1572549
1522989
1977444
1560861
1640965
822001
1446948
1040623
1068740
231402
1792870
1604439
861975
960880
907944
1737459
475474
1493832
977780
632602
1984840
1693297
1540522
278277
1760222
1595389
1432148
1234050
1146410
936328
893732
1787484
1663065
1295929
1002242
1860114
1113505
924323
747945
1416292
233757
1899926
1847298
314885
1598755
1666105
1018449
1526143
160925
1991367
1811384
680964
1412330
1409884
1301722
785801
1726072
1053705
32948
1920638
1121581
922524
415853
1927613
1511955
1827590
740302
1609930
1654990
1625516
1143922
584649
1074390
800863
1051263
1062325
837237
1481506
1922280
1790930
29878
1180233
924762
763198
1079823
396305
983341
1827954
1761970
824028
298171
432164
1796705
1350022
988930
26129
937523
1254499
397517
1330644
1665206
295704
46929
1229763
601177
1498650
1804413
1565408
620259
818409
223393
872912
445287
1488481
1111253
1980107
63442
111236
551629
1569496
1379623
1178456
84019
727466
265702
1322844
912051
4733
1665716
643693
1499259
251493
600288
1088229
1116856
1332064
765253
384827
1790997
1590183
1808010
318679
307095
799114
1394781
1761579
1078773
101920
1588662
271552
1024969
1119283
1208927
427157
405874
1498864
1668961
1832122
942161
1718888
1259524
257259
243053
476450
1109163
1063076
1278825
1181003
1212517
1926450
988730
1634422
1380505
1310770
1487759
18136
634341
366170
370463
1294378
1795582
906065
985085
319924
1034024
1196021
320730
753552
747857
1606843
459302
935563
1620706
1058538
636571
1104114
1655908
792209
1382357
806829
1784136
744081
859532
1185055
131455
170590
1518131
1825092
253378
1745320
1536773
1221550
495650
1319533
192292
514262
1250409
1570865
1226060
1262961
675031
1837014
546088
1049306
1779575
815370
504940
44392
309790
1554194
715722
671511
246812
533490
744102
1920953
901025
863788
1769255
1905451
434274
781577
943429
1343880
708670
1667377
229700
624409
1100973
741521
1756289
1170249
315923
1004810
1960050
913894
1477869
722407
1782185
1863975
1259478
590913
1091141
1286937
940699
739564
636954
392113
78611
1375532
797506
681386
589181
559402
1570358
1895926
433366
1172557
1762538
443310
1265640
903242
1511896
1136834
1988120
1585439
305200
260499
663649
1965949
1553208
75983
1254102
1736349
107425
1943004
1001699
678817
24073
1049810
1479045
942121
1932496
333398
236688
102110
567991
1848847
802349
434449
534853
1175189
799461
424713
180595
1387948
1375764
54524
514214
1130856
1680095
1621722
1052326
715189
1446066
284936
895030
441331
1547035
290777
1304902
692354
371099
223207
595150
789972
773891
1633688
576569
52974
657362
898103
2680
517407
1385019
1904256
1788699
901228
606281
1389720
1148754
1849752
1169593
456809
1803345
691439
705279
603694
632027
587602
2452
1219640
1302943
1574848
753534
237006
920858
1278206
137072
483236
137750
356491
496589
1355874
1206590
311608
1869676
1928119
862394
1979605
1017048
487029
1000425
1456160
1092320
1931223
1530988
1296150
1919110
294858
89762
315250
532036
851710
109431
852681
1604824
1720197
777989
803900
395396
1793173
166494
245723
61809
1766166
1957326
1397585
371158
1421119
396374
201175
1269913
1670613
830901
1917380
1471080
225211
1749672
794876
351092
1787789
1952961
1637700
1068435
557908
252238
280012
1928011
1283075
114523
834909
1117649
1788870
1994103
761186
1217419
1596285
1699632
319151
623882
1464070
1535528
1753459
68826
1268542
1845111
785190
1178106
1492611
198376
155935
740488
178120
868303
46193
429712
276472
1001081
573517
1873848
1663457
939286
733779
275138
1877626
1385268
1718822
1579787
696505
1678751
1175436
1160689
1969206
1679168
675725
1178688
776041
1461099
1531282
352080
1305035
457448
379287
1724855
1140751
634164
879462
1460778
1758205
265157
75100
1054686
924358
729211
1438517
1619791
1405410
380344
1365021
1330893
566031
87330
1211241
1147473
1719943
1600601
1117821
587965
480506
201331
1155094
896695
675381
774982
1030451
1151325
439296
178562
580608
534687
1888888
384736
1849924
1589129
1468956
1611331
1359234
1553708
1320216
1169322
1241552
387446
1339294
375565
1104439
607423
1387250
1271059
665306
470255
1387968
835574
1506085
761160
665407
1275711
407369
1105607
1903455
209921
1309965
1386944
511794
422845
861704
92198
668416
1036730
1356897
1111393
1057753
1884505
961377
1439670
1843726
1457481
371317
804129
725943
573163
853970
805673
305429
1098958
1275322
414683
1580575
1890687
262746
1817073
1494157
222962
1048039
664812
1028494
1922904
251238
1343100
1548453
1545114
718512
167033
1349321
507245
1166870
476423
904425
428990
166093
1727730
1423795
56898
395214
1646930
499193
1440236
575333
1615245
1157540
1614389
873378
359897
1103272
531176
814344
426302
100070
1850181
350026
1536076
1886380
527913
1285623
1548328
82011
519352
1462788
477957
1168257
488748
414052
1125562
854408
492987
20233
1141391
373328
335296
1912854
1933656
1309641
1384579
282103
978899
1191422
1057896
1556468
451424
1842792
612353
400557
228308
1720732
746509
1158382
1290320
363034
759283
1324941
974071
1346028
425839
943772
720555
819089
966558
965015
235881
1644888
1105755
1209489
1081951
297600
102523
1825525
1823605
250433
271548
3593
74165
739106
857149
1061971
284783
943225
1650276
1309295
942517
1009917
1667274
757065
1363900
1199245
23489
269619
652682
318574
1663972
817700
1574517
1051161
1973067
1537328
1710750
81792
1954755
1992479
1435818
508445
749099
1663492
1814483
1815484
1434107
542300
329845
930547
132096
643559
422862
1568665
1907560
1537658
1683609
854008
863870
27835
1227879
1099405
1039180
632225
762719
1983226
627589
1631794
1671670
1579439
1122472
1395190
1889611
923665
1520520
692000
293286
1061345
83170
455246
1081846
1526946
1356466
616897
12168
1063273
1131304
542193
1946567
1423491
1935244
1469353
774902
225488
57086
845149
957083
502793
285036
598081
1114637
1598783
14168
1756081
1339227
613647
1894393
1948749
1817672
242302
999017
1960699
550899
277009
768705
450400
638862
1168921
1169419
1079728
780881
1152070
1450606
301551
436357
926127
1256677
1981178
442909
896433
413620
1399453
1258139
1017461
160678
1524318
1379697
1786805
1300855
685348
1333145
295418
1541721
1789679
1186010
1998061
1900147
1737379
1352131
486854
1688051
613207
212072
376580
794295
1223613
497338
103945
1426474
706997
323188
1838516
705165
427590
727684
1931759
1762695
1515781
832686
139017
1292443
1223240
1781566
18139
432283
1320085
1088544
1139481
849091
975742
819984
1087522
593254
1859226
1624853
1588054
681279
183913
915936
1887182
479067
641459
955742
730660
387572
499549
867897
436587
1005851
1507241
990454
1268852
1044053
1527817
132405
168757
518890
844854
1006812
790174
1851335
1775827
1797995
1196447
504819
648901
874107
496558
1627512
1837182
953295
1570406
1447651
77020
897008
49193
1954745
2636
1900869
1103683
621445
820764
196347
877217
1570726
1480148
737511
571607
255126
1020851
528152
1851647
445604
407239
866823
637198
110555
1631312
693758
183435
1055747
987526
51250
1770629
1887934
757818
1633109
921697
94471
1948773
916901
181160
1817269
453874
1103203
1408606
1962391
311947
1294766
304651
716979
1705829
677442
645992
328984
1642774
864359
1973806
112390
1207275
1116596
1698604
1155896
1297026
281993
380173
910642
505518
1228705
1975500
1647676
1055210
280510
1140193
255152
1931383
37016
609250
1745753
1130374
792967
1883898
218212
138149
1028566
701839
432838
1573053
1591934
1117275
1378192
644168
1155198
1550842
178724
91898
1589864
555827
122128
394149
1822780
448245
1720508
476790
1484007
453252
580638
1066190
1580902
1811349
863764
1242643
262208
903940
362542
876722
1270966
1142517
947862
1638983
82283
184156
129599
1191021
830778
922178
1253634
1617122
253536
1731630
1177672
410917
552128
555331
59040
1031252
651844
698336
1252328
7059
1745752
1663769
512043
893164
1532004
1266813
1483388
727372
1743727
400187
904338
79807
1421691
1502264
105171
1749836
394327
55997
1441840
676388
1429295
1612413
1121612
1058621
1226318
580977
498777
1447700
1593806
1598136
1600964
1673702
23008
478517
1023719
833587
1526769
1937905
95853
1990386
1424528
446991
1731459
1250241
1529266
1002393
81996
1231016
579070
1600432
1537065
803159
1014283
275230
942886
1482612
1998541
91542
392990
959944
670582
1027618
1989185
889622
142715
315689
1319835
504181
1967977
143170
42956
1024791
829418
744109
789374
1706373
1335338
295216
1301966
333096
1841746
995363
710841
487715
1026439
870578
1727943
1906760
1785123
1685045
646945
193768
767473
807544
170590
1480078
480229
1413228
617685
1555562
740741
518618
1359439
317660
1689680
813903
1068594
1010430
701184
821616
144033
145585
1911211
378531
481198
1885728
1161351
1959871
1058186
641300
441707
1418301
1933363
1042225
306532
402203
806541
127459
967484
718437
1973868
617763
88872
1294807
184469
1011155
1203323
1845315
705489
1345135
15371
1711079
1523202
1508396
206982
1591321
717133
961430
456677
382995
1583928
1438930
1551648
1538564
426067
294073
513405
1279485
1507734
992000
152811
1640943
18232
358570
207566
1831678
863005
675429
1095819
1434639
1931289
278554
306079
1742247
1349520
1564263
663473
438472
1386699
706856
858823
1168733
1535837
1738946
1468626
1374756
570144
1721635
957054
1341479
663213
1949274
935244
1913715
474760
1024934
66714
1709490
293413
40576
776541
1427839
1169291
716954
949160
1892683
563784
733110
1935670
1637323
1003205
659433
857095
1284743
526639
944372
969039
575085
322370
1157390
372423
1755427
645880
1402244
1811502
203218
538301
992027
574
1619167
136960
889974
1454694
675284
1504424
1415585
513601
1476797
595375
235940
627819
566267
1119662
1201885
1707208
907078
446456
828471
869586
37780
1549450
170378
1238451
1250356
944779
1705855
1012848
970966
1399390
549033
374601
1514763
203692
1119947
136163
733711
920260
586224
1118841
1475008
1526228
1829348
874515
334818
185273
1558775
1314180
780829
895831
906381
473299
541295
880057
100282
566573
688624
1310419
1848195
497825
520782
1955981
158232
450088
942192
1027691
270677
761348
1086800
1607280
1462647
1022540
298972
478451
412081
654758
386975
751207
1855412
631398
656824
1505588
587700
1687025
1810449
1506767
562812
1339664
891785
761923
1531199
1256276
1903091
40358
604436
1208410
1362165
765733
1697176
1243277
890430
177453
191794
1715278
779371
1051702
964835
652296
559882
1906938
1352160
1310186
1855953
767020
1058417
1901105
1843793
1544277
757669
230144
190810
977608
607983
1073127
524676
430513
1603165
1265283
47143
1429004
1390904
1846685
646162
615664
18691
209006
1948971
543211
1391923
1682893
1169160
1902833
463982
1391048
103271
899183
172092
1938041
591466
1851904
1191606
113992
1676592
1945500
250960
765838
362235
437749
1947575
1631685
1373637
604401
1371677
810941
1354444
809500
1226537
1575909
366142
1591433
277200
481346
163667
1183072
1936657
855994
1678188
596486
1219973
537294
841039
1925371
1851895
1526673
1875193
1641006
633793
1549678
1280425
1684561
1902515
725770
1997658
1041431
828768
47697
1770642
72483
66649
617728
677724
796286
327884
1410479
260137
272732
1977272
1853404
1206254
1749904
1513586
792447
1023743
757611
490768
818775
1249129
94911
1604380
842091
526946
533192
306750
1330605
1541080
261832
1705330
1144682
1557745
259616
891719
1166477
195434
402084
1813089
1114046
833162
1928170
685877
372234
1822774
602512
1456234
958060
809512
619598
1955965
22792
1135097
167147
1885655
1840810
1202013
454599
1820929
1187864
637981
1727401
667
1683515
435934
1323885
516045
65068
1466487
828241
25849
375243
934616
1753867
236646
310682
371163
1575752
863723
915497
857689
349489
1206759
276690
890939
270247
533429
1997144
1550974
275665
76770
289828
537815
1982483
1515211
1288767
1196453
571808
1349588
933884
693892
1842225
578732
707475
815995
271304
1337734
1956268
1312520
1286656
400855
641639
1231021
1038995
854334
1931138
1607275
1470679
1531306
485572
1829869
1184844
520725
516138
591841
1974425
1121888
871537
468000
1245079
253094
183273
71404
447166
1744943
800524
1339908
395064
1757628
44734
1053234
1242095
718807
1444277
1227306
1017684
195003
1436203
501088
426344
1182510
1481328
989548
1355517
1542977
838013
612744
1306094
206548
1032760
1509353
718545
1325565
1716181
189272
458274
947912
906427
1078871
643007
1289918
591716
1689714
809171
1195252
1430805
479666
1914496
1926756
1017500
1789439
171741
833739
1706829
322306
37261
1966757
852574
609835
890725
1837594
1962500
176383
1174236
675240
482594
833525
648806
1517591
471560
503335
786561
1493091
1359296
107434
933665
845117
1737947
693017
622152
1637950
330106
591183
634094
1632591
1561957
1518570
1446857
1617603
1814319
1753681
646892
1484748
1630167
620035
404102
788454
1598296
200484
1520033
1674581
1663415
670409
313149
1717810
1197124
983904
129461
915595
1104570
319731
1039970
626988
1350352
1411234
1174012
728165
1856900
1080508
1598791
1872974
837102
374477
1922267
990930
562380
1911686
703921
929139
576976
1018604
1070132
1376466
1824280
656914
1754474
955176
1107092
558907
1574479
1307170
1714747
1148969
583404
589377
1202392
801549
1617337
1723773
274999
221135
562474
458818
96875
563735
352195
250926
171093
1402395
1476126
306396
1541115
1379571
1164416
1820625
1739360
18041
588777
846596
1918495
1647172
438608
1468341
551853
6650
79395
334264
992839
247611
928239
140563
1871011
1423853
1472953
58662
512234
352969
70870
473224
642266
1203499
415937
1452575
1007048
971900
954798
862933
1584124
659087
584297
503820
1005463
1899242
40863
1984883
94515
1209784
919512
877810
107445
8244
1609696
83879
1168068
781020
374214
421818
396053
1598761
1746456
362233
578282
1164866
1566305
1137752
1963256
928308
1952183
12523
1611690
1167180
606827
646945
1544042
905936
850991
473145
1748698
1967538
887899
938996
1452247
803938
1363641
701066
685679
322793
766237
1738573
1551342
1221615
924800
1610805
291757
767511
1487087
5425
1522940
1161006
93269
1732318
1961183
316672
627981
1438926
538293
71127
47245
1466926
1422936
482770
501039
1294092
550198
995673
639422
1253990
111704
1749481
197378
833719
340441
1100838
1140389
1158276
1779663
47476
1147601
1154766
1940752
94627
413374
1440128
647105
805731
1737069
1868667
1599658
1779537
444914
443884
1140943
365513
297980
1638819
402856
197769
319539
1220917
381491
1875749
1043568
18908
1659466
41961
287378
92852
1532935
1334410
1826378
813306
40967
1508052
1068681
1034274
200712
1123959
1095830
802928
58945
64157
1484399
625175
1946237
1530672
713412
394264
1073148
1154502
960759
61580
538538
533653
1950053
453423
481125
483525
533382
1816308
85896
1869851
402641
32995
1590597
1441721
600787
666988
876047
1862564
570549
1678053
1514521
1257788
1818570
1802519
1007342
1650453
877598
112260
1383611
1063997
1137796
1197729
1632428
1415108
66326
1141138
732614
1343636
1200667
1415548
1583974
24320
219970
284779
1462697
1434416
509497
1958375
1878660
1045090
292661
258972
286941
1776369
711402
1483126
377431
548418
1225136
116944
1698753
752185
1718433
85670
254276
60989
1157179
1545673
713653
596676
1345289
1892884
247103
515323
948327
339284
1901296
381648
936022
216307
824148
1765426
758910
39222
751608
1424394
1006085
1648452
468148
630420
830809
1746775
530841
165154
899832
401820
254158
1014018
1965682
1810473
1323980
1815161
1848226
1436859
276327
1111394
1654264
1382825
286637
1789509
1720951
249120
130622
1577383
1746296
1777359
1438758
478337
277682
1278087
1739650
629338
1113607
1123451
1979394
685477
1666826
1282139
773061
1675205
1864844
297281
1934884
1319835
1645868
576951
1062213
862394
735009
1857347
1791259
453219
1751612
1518856
1637105
752541
518855
986369
305712
38087
1212188
941456
1946982
453085
683974
1722066
359291
1626729
305067
1602765
745006
234130
1431531
1037920
309119
468836
1437774
780411
1893884
403083
24918
1306058
850211
256861
1423850
1478861
1411811
1139800
1550120
912285
448164
775222
651261
128053
974296
89181
879555
992961
30444
1025127
1997751
1114411
187594
1242549
121132
368986
1632269
492223
1724326
263366
510791
1933921
74451
13956
1001504
1167575
737719
737576
1148551
829529
455431
901532
1247133
800010
917442
878738
414137
1135094
710176
1874919
665974
1300718
1614065
38255
773898
1772415
548819
435003
1229720
654990
538589
1937653
43227
1359976
1745731
1658789
665418
462730
711157
1823965
126843
1231776
1549322
991100
1434938
841369
1188027
1099372
1336473
971584
1780422
1075426
1676801
664465
85950
1495136
799020
1946680
1000750
1757418
1555035
1437070
1413548
960866
663977
385789
731096
55588
1048173
225115
116337
1512076
611037
799016
792810
102919
1171780
792954
1774427
1047760
1943353
247384
1748052
233950
1169074
579878
971009
1710910
1731248
1517311
507708
643381
867785
803955
1072490
41817
1339382
585191
1981793
1095623
1143610
997072
132609
1308269
52601
1421989
1862562
855576
459376
1471853
844296
167583
1401466
1345626
1539700
1260707
830695
1622180
77251
1495388
1845794
167373
1331682
1255812
616695
881073
169731
1654497
320296
1609469
1014281
344788
1049448
1133803
1768767
1078159
1463242
1813339
1821019
787460
1786914
508780
1851070
426940
880514
893344
1464577
1381642
43045
1597318
1732599
87729
247762
840572
22346
1134398
355097
1008449
1366947
1606622
35882
267303
788704
1849356
1289573
442147
1880434
1856029
1903836
105549
1234597
87276
570521
1711741
1540922
226021
74881
1735226
252734
1393077
1918982
433758
893049
276206
87376
1471201
1571187
308195
1719394
1956178
1034844
530195
1844709
546040
1605607
463502
1617898
937638
1042151
213733
631142
1605834
1074246
1087329
599984
1655849
1474638
1746192
396064
281396
1832173
742222
962085
470180
1514061
236525
1190255
45272
1432699
469195
1224164
198887
1145373
117733
849972
609110
1210337
1701200
1953152
1018684
1538492
1916508
580945
1815211
1322966
1922890
640222
1286481
506259
180544
561796
627920
1376041
1764308
1695749
1488669
1408314
1756695
1618206
620371
1775916
1216251
1165354
582972
543656
338130
1816469
1738745
150135
1072446
1324138
1483724
730955
1692616
1131418
1491530
1799266
1601199
702552
1979185
1619529
1145514
1162240
907160
1260908
985190
821883
1179767
1695351
1176836
1527536
1939482
527006
1825475
320208
224701
777376
486750
1768851
1479460
638383
1248042
1040215
497133
845884
577241
1585041
1572657
214359
1684998
379304
1771780
311432
978260
109591
1275496
1410786
304675
1674748
1854445
1168400
1169001
1527743
1621255
249150
1107577
994169
1994088
447620
1861821
70018
1080152
742456
1142161
123233
1508439
680893
628339
279566
1073376
1437940
455632
345032
659887
776138
1988188
512972
971923
1202088
95240
1952838
1355543
1566290
1446290
1064446
1068941
1763890
1991385
1403815
1327165
698468
1406102
1575481
515868
1640024
118021
1832927
1691924
1279216
1647149
1363172
1538092
962183
334464
733628
204679
977889
400041
1113155
784204
129723
854599
1861540
622889
1792437
978332
1683147
866976
1265915
868881
710044
403800
111970
466027
1635874
1219644
687890
524946
1952586
227985
782744
1009194
1539117
368654
918773
1105476
399192
875135
966314
1047862
1569251
1588422
590837
822802
555128
1716583
156878
595402
103457
1501449
1087735
1048158
711488
928066
159326
306488
1341959
1095950
319929
617910
35163
1335320
1723242
827612
221223
1071123
498060
994742
335406
1320937
521490
810689
861458
1603805
758151
1185328
1718558
379046
1511264
1427524
1575821
1029484
1897720
535321
1165679
986390
487708
327435
1327195
931449
183938
509172
8319
35595
1392110
695156
173625
1632350
1391690
914745
680912
732048
1320671
432537
496619
282889
2614
27281
1314926
1591055
1295209
1473409
1329935
1412066
1945403
1309645
1676595
1651621
1791738
454328
811427
1120571
1865378
1052201
393297
597414
462077
1646015
770248
278853
1860155
1073267
1110173
413536
402288
1538922
1002152
304856
1560890
1739837
633405
1551676
170579
1250946
1194389
1878914
1799247
1963118
1441722
354365
1544710
633458
116122
508542
1344802
1670336
1376731
1307361
1536317
1955343
1715012
1949503
216016
1120340
1290138
875302
848994
877049
1165979
722357
206215
1865056
1214870
708068
499401
500166
240286
725378
1291953
801094
1006133
658241
141324
1258514
416687
1380193
1173724
1178927
1247120
1522273
1794219
1108804
349185
1639082
1897067
417732
93584
1437228
1419917
1658733
485712
1474031
1125739
1181642
92477
500420
585603
659006
1620884
1344627
533171
45515
859526
1658407
901784
1667919
344280
828877
446728
1529370
537286
354062
1523384
972062
1172766
1199141
929803
1733901
1138298
527450
680792
264153
1083706
1676462
1273261
311503
189710
166540
554198
1089009
1382492
1321605
391653
94875
1524371
1962863
1524172
44498
1799441
497254
1016980
1430327
1623152
1836548
1393522
801167
1589016
1814
1408757
1127712
1946866
1110045
806249
1714701
1147796
63445
1290573
1327033
1859844
1346923
896860
1426894
527954
1922539
707481
281038
1756883
253872
1932942
1980337
1116337
954186
1861091
1473697
808957
321483
670481
1603164
524345
722290
1522076
214737
560327
377395
125976
1057842
1029730
1789848
589505
947953
773891
452816
1055851
518672
992005
484595
371346
258713
211272
155767
200145
893815
943140
1212023
341614
1536618
94813
753632
454943
1153901
1799551
984280
1930590
1599235
1815104
10874
1334392
1815140
967233
1184821
1253531
1266877
793445
288036
1745680
975695
1485482
309822
1674075
59631
787969
1008678
1163120
1472044
1105319
726030
1791008
775674
366390
521464
1851556
1791199
1646593
1565189
106463
345789
1496835
404503
1723631
775064
598104
1430054
1491266
1144306
183190
1086648
1559392
1478936
1508385
160520
33101
1801609
1986529
66505
1683343
1967622
214998
1985339
1050438
483502
1037753
819454
1785924
1397466
388086
361071
1663941
1076138
448439
466379
316857
1167464
503753
1159434
1580690
432447
1331485
112990
1717085
542816
721047
1832714
1572377
1543463
69346
209369
1832141
163022
108243
1925336
224114
27124
1371085
248809
731962
1105975
1327829
1899527
1819195
385742
663737
1793268
1328934
1793677
526555
177065
771458
812581
946248
244595
626656
1074175
964741
1698358
1424386
1291391
817052
1976167
1849589
120368
1554058
340307
601622
338346
102246
1211434
702287
573090
1505157
1433085
400447
1272474
699489
1189638
682170
1381239
1113244
799946
1561354
874165
1991907
504279
1220276
1489221
21140
1731433
1292742
1086553
41749
523215
1206594
837277
510927
1680726
746239
238801
1090542
202952
55254
1942532
106047
1756592
1724310
198480
1860049
556893
744690
1970270
1351938
1698592
26726
833640
787861
1645112
830304
1428027
1773530
1422545
1571570
1810499
1753299
607425
411082
34330
352533
1585394
232340
768408
1657407
503211
754659
270143
1516472
1322814
1538174
77395
352313
1224338
1251024
1527691
662476
1768260
1587935
1995162
351031
1945313
429732
428137
749423
1568950
569969
218267
779619
1087287
887486
1662619
1811034
1312036
1043564
633472
386029
34591
1132900
1459768
513770
1112055
1604930
645137
1166323
1621717
389636
150251
1698423
115200
1518399
1886076
1981382
845349
1913126
615308
1526689
205864
1458040
1500072
675347
978715
285584
1561284
462641
249949
1953045
555076
1808259
17589
289942
1650358
1787048
913153
1842847
1304947
1100013
1993127
1426518
1460803
286650
835944
1749390
629361
1343420
484452
417816
1575372
986273
1136114
1827600
20334
1067437
1785385
1492619
1984752
1924135
340211
832048
28423
1087717
332439
241247
699523
1403225
1065927
452443
258603
895999
820188
911536
759456
20619
67375
315561
1752091
897171
200949
917475
477081
69736
450894
545866
1006389
2836
83918
1759455
1768322
1182188
1835688
1697160
642566
927478
403191
124086
731108
177259
1003585
1665039
281738
659148
830566
604158
1199369
1665612
71902
687815
22842
729396
168817
828130
1841308
616738
1678278
113701
397360
1241416
891959
743886
1064370
1406879
1618620
584875
653566
276861
1872778
203989
1173364
1542688
1499295
1319651
1676544
1514192
708422
1358403
97921
1492785
441602
106231
1194378
1358778
1344733
1862243
9625
473720
555158
1973950
1456194
1991000
1814785
1239211
970795
551600
1197065
273305
1256612
1033485
1027259
1897211
1198362
1079932
1607637
1936913
1405469
1887535
1707487
1041435
1483473
298519
174951
1627078
478344
743333
1642474
791281
1837454
1004710
490291
661983
497371
856648
492370
949101
1026505
1859403
1472032
1689568
641026
1750174
1679202
1824276
1396420
1538471
1141126
1511534
1077898
227895
1574990
1798141
546823
224834
1595206
1215178
1016911
712944
208319
1886355
1268506
963939
524637
1872034
1144655
1634306
430573
714452
1875286
1943386
1886316
1645850
603007
933635
1753769
249696
119604
446023
1955031
686124
324235
1045900
451800
1455103
799492
718598
132388
1697163
500568
178469
1778952
1095976
1162357
1928444
1797627
1858132
371042
1052443
1954667
646182
498171
1926982
1678690
189145
322953
1817461
800763
917505
642286
672989
143816
109731
1415239
1296187
1241670
1830041
794089
1630671
1880855
582989
867058
291578
1603255
1848662
893487
1783181
1552633
1601679
1647603
532766
1160861
304330
267595
1521043
250831
1559286
1389079
247955
1222624
142366
1601152
424710
1405753
559726
1402949
360482
813674
830414
1665189
366339
741170
535092
1301587
452333
1577560
1967276
102283
153791
1929767
425078
1421486
502713
1668768
1767589
211110
576040
454573
1766313
1070860
1640711
183992
1394223
1653764
1898649
74594
1289649
328752
1888278
617989
689235
371647
300326
113992
979993
967728
919896
679507
164228
398661
846013
738614
699117
1969100
563461
1069857
991550
213159
1854655
1509216
930640
672687
1272225
470575
851563
971673
866816
334105
1347074
1420109
1615358
524752
1406192
1018358
598279
868158
1684284
1047825
607312
276331
128560
749707
1436822
1297432
512988
670812
149532
334667
1094923
357275
151679
106422
1575515
1828956
468838
1784550
855370
1579183
1223722
103424
1643940
1221497
348632
1912372
1482525
1018126
833772
926163
1792826
1829105
724528
229971
1952953
1599625
1155413
724001
1652884
1771487
49559
69378
996291
1636494
545719
261838
1420415
1560733
920806
591822
600271
923415
744691
1496968
1742831
1674102
813331
990651
566602
1720873
1511650
1427214
1716564
715416
373843
923570
1437622
1067535
1449857
1385419
1361772
191324
299127
493006
1709157
1326586
368159
576165
314087
1616230
1481597
154524
382848
1694394
372480
1298559
496660
1217055
1270447
1205610
910524
589420
1041193
241087
319449
20466
257971
1854410
372167
582005
264028
515189
88299
912838
1495151
827857
1102269
1863943
1805374
342884
253536
253579
934687
1461227
216976
1750054
1643218
1341383
1645930
382112
1113752
1454602
1146806
858381
618107
998078
1533169
1126815
1968595
547227
347149
1323382
1816787
1099633
1901631
1401571
1592253
1495725
816384
863724
1547238
1838892
1676215
994757
394947
1344535
1837382
1069799
376877
444037
876203
925320
465777
1675575
163464
870579
1473311
170922
1559768
1866198
145630
608480
1561377
463182
1476841
679123
1197521
1450095
381614
1146384
1565865
135448
1786042
403614
712002
249558
317984
514396
265037
604549
405336
804736
1994713
457098
1178136
1009873
1863364
1653401
950750
61574
1531266
301173
1590665
1255982
1133729
1972648
1679127
267816
988191
1009981
453063
528146
21484
1319550
1973744
434788
483009
997190
725536
829084
1598990
842468
955367
566451
543397
11429
483265
1165105
443745
1528621
708068
869935
1865454
711187
1924700
1992816
1960041
731215
789925
862983
70403
1183108
204593
1025231
1503397
458781
1560712
1441439
1650257
1871079
649302
437313
540051
78179
137170
184991
401462
380768
717908
552665
1580069
589671
1684264
674962
1978004
1653810
1402959
126456
1502605
1190857
1579281
100981
839616
1243210
723637
517363
866096
112320
1231702
50766
482359
1168753
1460871
1188013
1216677
1590591
617996
679969
1038198
1428052
1525463
681358
324634
1996555
693966
1295070
1542329
818617
638526
1635698
577430
619227
1427658
644085
16590
288933
1816198
627707
562119
1442090
1198394
1466681
1299468
1976311
1365808
1702560
1338375
1519156
41054
1534276
762512
119507
104794
1552524
573461
1208588
932930
163179
1220996
446562
1365308
431827
693658
1312176
409306
131631
1221892
1653542
832233
1589966
1193055
1762879
954332
1548986
934769
1692276
341847
1496603
1962451
1962226
1419944
536495
20654
1784447
1626613
164441
1798578
756738
740494
1731310
1122901
1737129
939554
532883
1297919
1732115
1258062
1434078
705054
612047
599144
844320
592432
401235
503340
126779
931380
375706
227057
1500785
615535
1371406
1626307
608999
1308270
1015577
1481375
1266825
759696
1193514
115292
864305
491849
1854673
377752
1653814
1102172
1452471
954343
630101
934919
1829888
265955
274454
1727782
984813
1933185
1779721
9289
761111
794708
684875
1810903
1703794
1124918
625200
1549188
966835
1102153
706284
1791000
1754360
455126
613829
1387054
1807052
1962622
1637231
491366
1309287
1300376
127347
1387604
1865191
1135809
1693328
109305
1904184
330319
1786958
398902
1808675
1922001
1237083
1033470
1940466
1918322
421543
411539
425109
1209771
1591727
1006412
1816700
127915
88008
383427
1995057
767207
1311077
796323
1719255
1882457
935458
357725
1362661
738089
1107880
111498
899843
1478260
220170
116446
219978
1385401
885384
1049163
1451107
1607179
167024
1049280
397674
746169
416898
1497704
1665784
714015
57091
1997190
462516
603702
62750
1375558
1038089
262550
1326018
786638
860373
908891
294980
429585
139510
266449
1964781
1458109
78953
1493945
1358190
1085243
60490
1264053
1944932
79186
110258
1969993
1292087
819252
1087325
1791431
1318734
874922
1811950
1259571
430633
778276
1893025
1549995
1042131
695834
1933439
1240042
73107
1791375
1694784
1334409
351507
1557667
891841
169235
1910357
307216
1803053
668781
1032301
1670118
325617
732478
918726
221367
450168
1945496
1406165
1665866
1689734
816611
1117964
1463312
280403
887027
365706
1247569
916582
1218858
329846
563854
76289
894898
1903829
1599346
1216798
850002
1200762
545608
722541
9224
986077
618997
552448
848008
427148
284868
1874262
307175
1176308
1111567
1236832
1580460
1692134
720727
557944
1717620
1685648
1970197
725307
1893067
1753822
939681
1908916
117359
62914
64757
1680736
31009
41884
1023348
1398052
1814734
1271152
1395547
1253297
659739
974544
1751410
1206563
660334
614859
840139
1645964
1069417
483329
1442179
36066
1775657
1847893
1065685
286827
1361357
781484
1709041
1342344
1549885
988367
65800
1282475
585349
1772009
1282524
1485179
1222451
1257735
866353
1495812
889664
287271
1662553
1891066
580494
815376
509253
12289
644616
974096
1392089
1408561
1159697
307305
628375
374183
820319
633015
267759
432120
1426193
1965693
1035831
1638905
249071
834240
1958918
1127903
1818122
758947
431416
1110962
629013
109484
1032367
695509
1180239
1782429
464287
1324900
419045
591205
1101096
1674221
1585893
1866668
310122
622212
1568890
36996
202068
1100513
391518
1290187
1942854
1867835
842924
1530702
861148
92011
376077
463751
1912953
1076564
1079615
1149800
1053088
1732799
1421356
157299
1952309
214909
1218684
107698
185381
1659148
1108841
1901372
1787152
360162
1574292
809158
1518516
362964
367006
768720
1202063
1704614
794346
947916
1108829
1656792
1330830
1031944
126453
1545641
57902
672532
1051750
1658884
625213
1285891
782711
146618
1763132
899988
1063005
189699
821795
1766716
813304
1728203
1210353
1097998
1977421
771551
1128292
1603719
787590
1711209
1987838
1298318
386738
1121449
1883448
1980072
687481
708806
341885
1587885
329641
974645
1291888
459571
604338
985680
1673734
1354720
1190823
1299522
1710164
1203240
113378
1150286
80870
1134344
95462
1123426
1227425
1035443
1954862
680142
1754043
1102093
790322
639103
1753002
365793
1377973
1839725
753845
651313
408255
39861
814551
1300706
1111073
1793613
1459822
1039266
1062778
1268444
1458846
1910654
265750
1256438
1302911
440623
1880800
836065
1924342
130660
1199642
1058836
1395322
28777
1963168
190818
1640936
626243
925180
1139885
261980
1894513
1936128
637241
527929
1344781
1913313
1674252
1749150
1253591
1259394
755697
786463
1697869
1565523
772995
498714
1210331
1988396
63201
1211425
314191
1469512
1750111
293704
1785295
1036097
941380
49464
1872013
1008562
910940
925735
440297
670389
406894
1886904
1232174
1451692
1299844
1067480
1008560
394389
1687691
1235369
336366
513557
1784145
1721387
1120968
1462279
1933651
1686479
1585670
716348
856127
1131373
1653321
1130387
211082
1213831
1450173
1312108
991772
1463520
371458
1763553
850197
185230
315082
1915194
924784
1323470
280223
1674915
927755
1708082
1827543
646845
449075
1963017
1361517
953044
966686
1497474
1919697
657425
1885448
55462
1853605
109012
836389
886242
1319958
1975697
804036
1521022
566114
1461082
760553
351340
22372
762652
1223413
1796664
837485
725568
1266957
1913047
1093124
1018416
598653
751710
1237096
1777718
1038758
1983912
123954
1253321
894163
1163278
1485609
482509
370313
1126676
1034121
432885
1114069
1938380
331607
1023908
276811
1179646
431949
1409138
1564488
1466123
1075982
266531
756524
1055325
358020
327330
340056
1956630
1975456
1125083
1022989
374019
1326305
1915840
1125102
1612042
1082172
554995
1887742
280611
49682
1355151
1770330
1409160
18509
1869634
87178
916624
1296312
121117
798621
1322715
638008
698927
1576650
687527
1297474
454211
574393
1409063
704010
1778100
968330
353681
1021658
1826395
851582
724865
1221682
747136
1925608
1063468
1513916
943021
1572800
1909466
164046
636099
414032
1820844
532515
1752257
1110561
447366
1684296
1139813
113684
1283468
156847
723789
1683303
795371
641144
979347
548294
1049576
949277
136601
345032
1648974
1342398
1247677
466263
586836
675172
934343
830392
1759650
57544
197582
63527
1954798
1996214
1683307
422004
1717386
1401769
1861144
648659
261001
1515252
1454771
1202410
724033
1712367
487798
766201
245831
71942
704673
1567395
131213
1025057
12819
1320987
615897
1294587
1475390
1264774
55701
666661
133454
548110
1720163
1921438
1932789
1757177
1712825
1569127
201838
91651
1158022
1725001
1251463
249084
457178
1674893
347955
481464
1776312
1220392
1402312
455329
1410263
1532411
1396111
1261438
1901089
993271
522106
977135
846350
46253
1705856
1988105
1976587
1012471
802748
76073
945978
945105
313133
1036534
1575439
817306
350989
339073
1761427
255089
320189
1472479
1887889
1278147
841388
1033375
567512
751640
1740388
279110
950995
1048661
260978
860208
1411317
714057
1981883
1238539
1393190
979085
1616598
860140
206352
319686
556895
498157
1826737
182511
751844
650516
1348078
509930
694374
1641430
1669955
1164864
1461496
1343011
1377745
1224165
813405
1644711
325270
1829682
1881856
977437
95501
753563
1971956
415582
197696
84683
1521327
703226
1071729
757071
1012007
568878
1881851
219727
895078
1520744
1992880
1692584
488303
1871722
575078
1402724
1401250
842211
1252041
1848242
1640496
1480094
1111806
1280030
1527866
1709807
1451113
1204377
1004862
1647367
11326
891616
112376
714571
788583
1554840
1354382
1462182
434240
1515291
1352567
45747
781444
1474311
807020
1579930
96293
633417
372872
1745335
529681
1753942
423316
783298
588358
1394843
1942907
1783212
365930
387998
987910
1817466
1926758
625984
1098538
1171531
1917499
1995508
1230745
1080610
1724225
1661917
1433358
647419
778520
391000
1823700
367595
136227
533810
1614968
1822504
280931
1582425
1491483
1988997
1145687
279099
1104897
1947252
1164487
1201399
1316585
1022829
1263953
268070
846138
265704
1513312
1459409
1372612
745311
125239
297779
1721418
1750012
1702102
560777
1731714
205360
1556744
584253
1887222
961155
282710
1647505
1884331
1174990
1311018
40223
1462762
1698990
1017295
1035294
1841888
1575108
1326670
1995421
1670510
66838
1375332
805372
633078
273729
20067
1156404
64930
291631
1628666
1856869
1616826
675667
1802826
1863570
281123
640845
128924
1940268
436522
150122
882478
603250
95532
281734
492827
830272
147690
1947619
1697548
1510601
1783499
1954284
468066
441152
1303517
1822166
947789
553765
832553
1665660
240361
767674
1656713
708634
1210502
986392
901539
1081899
1424595
1167572
1926390
284143
1090696
551778
1554407
63081
338699
314059
811002
368478
1610177
612334
1695268
533904
1117844
61629
1021602
1726554
676176
801725
539025
135411
1353106
376677
751527
1010318
1268869
1020054
1886244
956796
978455
1646203
922007
444252
1989659
1299611
1528299
1158520
1411445
1167189
417442
1742347
753345
1768526
1615724
171755
1641859
339763
717387
1914892
1250415
635728
1452796
523852
1400444
1522733
1628874
1051551
85895
868820
1314285
334637
1829913
1783563
72202
1330142
1480044
811230
1297558
1006037
1729253
916970
1786218
1343378
1201372
122737
541472
345962
1364322
1014222
1983529
1932477
929836
457042
325441
431738
178973
1336944
1038505
1887812
745255
585506
1049538
225508
447493
929824
1908509
1523865
1608952
1852425
805780
109592
886739
822557
347841
1790644
1780560
54142
1396307
685358
1475566
1437473
969888
1315757
276568
1609585
1718100
445972
180328
1791238
1150105
791197
1914466
1966283
1879274
1710707
114408
1088481
1549164
140879
568206
100290
1592735
385736
1688266
102489
1987595
248606
951254
1145523
1296314
1430724
702438
812280
1885205
1747370
1967908
58687
480123
164003
787913
241666
1284359
1767850
1965521
528589
1397581
511089
1521824
872414
1111290
871929
215882
899840
759358
1266613
420585
1560504
327424
1129940
279534
1538762
1429170
9665
694813
39675
821105
680864
92602
1118734
1407486
551022
1263436
555305
1728980
1941963
344004
1933633
294285
273862
1652908
673596
1261027
1739553
1383044
417127
157661
671178
1872458
702612
168219
1543921
708161
1312479
414151
1210258
1914088
927388
92026
1422221
1953381
494995
822922
1670494
105402
1406710
588208
1826090
1246827
1840211
1328553
49475
1754642
6166
146633
803895
1764188
295431
628487
1613134
1072973
1888527
419383
1489447
1500564
1326599
1442369
1432068
1450922
1035501
1025665
784497
948332
985106
1530266
877559
1625180
545868
724814
577894
1289147
1868790
1587734
368260
1112938
484259
1789161
327374
224182
768677
716940
696355
1458468
1270621
73428
1479195
138524
157958
778219
1403897
1612922
1464717
1265426
1458506
1728039
1408886
27113
161955
1261002
1281259
1641853
481420
1426700
1874060
243199
1852381
1023785
7436
1845261
78571
1693339
1460445
104903
1303903
1664148
1303023
1041451
1387937
112973
1842103
1047132
1872341
1783459
333529
1415465
1132345
64504
443399
1560944
1548115
582299
1817214
1517844
1477320
555054
72675
1136207
421062
1968418
25643
1182365
1575893
1860853
91367
511350
131612
1450578
1088870
1676971
1009608
6215
1335757
1332965
730602
1845613
1326049
153779
485545
449155
1582247
357023
1543409
1677747
1184303
1285280
1827587
1279582
222579
1999614
1801747
1886993
1233143
1854969
1672733
37409
150491
623801
1424694
993591
1883970
607465
1099483
1342211
1398753
1381723
1669380
1164086
465751
1167302
55733
1043585
1275819
596061
1617291
829491
1028307
1340112
1850067
1577745
1208412
1538393
76397
501582
998234
682546
1269340
1029665
1501581
1898803
1184117
377557
1894383
1553491
511795
1128063
1434374
57533
207847
828997
1878527
131235
1969438
844187
882634
361809
910946
1162577
1484387
363488
801157
636306
1700334
207531
1091370
1510125
129830
1372818
1486761
114876
1015452
558944
610209
671199
1595283
661838
740340
567366
1567410
332796
1552459
634020
1540221
581547
594950
1313874
1170656
579999
1538223
354105
647017
255314
562141
985421
1343949
75087
418846
391058
1787907
517481
1082138
627544
1579206
1014680
334781
1316541
1334899
681415
62410
1343400
452083
600099
1100917
1261457
1162665
622223
731545
858344
1169309
1528371
468299
926867
1834092
1723222
1622458
679593
1421319
542607
1515286
1484227
1999466
1612381
1636767
839718
447591
462080
938213
1366880
681212
1025427
172212
1648668
825248
595913
327226
1407977
154347
1260396
1583681
1307735
105587
603048
1249138
121736
729494
1728559
1575063
1866345
1711399
1700690
1829609
1612779
1668958
992130
323421
92682
299990
352217
1296500
84747
856635
1039353
949545
4879
1219393
417606
1866095
646293
1984714
512193
1741661
1563297
272355
218647
7181
1841646
1746935
89066
11666
1285156
1244516
548846
572062
1059055
1589014
704735
1392877
607783
1055315
1635574
29745
947956
873045
1704325
1534655
1410990
692338
325828
1074189
167169
584111
920055
1988278
1108121
1063824
660690
1614191
179170
1571995
870239
930957
1244931
1754748
865347
593696
1809712
1155674
195240
1343809
21409
595766
1840311
1050130
1655281
449323
1302380
977749
817531
337054
451612
1066843
1230139
1594551
805957
1301789
661599
1673615
258379
1722574
1441705
700370
1187292
704322
1792909
930780
1166236
757070
1200642
393925
981895
277056
701820
155525
95508
889081
1528921
1429322
1645608
1210205
555353
806262
1665499
236490
1856314
439875
1305358
1647898
1107855
275396
1843187
1074631
1243760
436171
1499499
1468260
1510349
1982924
1454797
826608
459652
267326
405372
1734174
1274166
1320118
1174459
940907
1660251
1430601
632843
1410115
1954234
1652172
1077951
1318444
1046478
442791
1895968
1842664
1464240
266146
1299681
1314823
541329
921670
1635932
1745936
1223210
676661
1845190
1791753
618480
609126
1840930
1418294
427756
575022
967350
120460
1595750
1711048
457469
3278
677664
1526385
1062872
881870
1694325
632110
1658402
360989
424620
1137472
296802
453286
1541947
1014290
998087
468478
1441990
1600641
1132963
1962363
1371327
805303
843797
958002
290507
1697490
1146490
992077
1324878
929468
104269
720931
1207324
1822817
1431391
1106545
706452
648635
1941074
1989146
1326613
1163170
265543
667277
1228445
1404742
955008
587109
42564
1585383
1512212
683471
1191630
1167995
1515613
143518
1790227
1003773
1801486
821564
196811
1989874
1332877
492025
1538901
365221
432596
1255043
165197
1107288
202144
337096
742879
589359
196316
1883072
890222
858579
1119127
1165230
582362
1225769
1412533
424170
514137
1290887
699356
1503619
1099436
1567564
442951
324233
121653
734952
686841
66982
1254735
311069
555415
1325485
1416796
1450102
1843455
1240573
1021140
306214
1000486
512239
885308
1337272
1929594
250462
625185
5168
1648605
18961
1488550
994078
949886
781424
1669876
1478406
804879
1942344
1107841
520868
889050
1095196
1248781
700209
1360484
723879
1498484
1844156
782855
1561488
1632691
1174071
1645460
1953303
538389
1008404
1168032
942293
214428
1313083
394529
1292579
699097
263903
345391
835028
325108
1504638
1282188
1044076
1159278
1636057
361047
1354277
680920
661327
1765468
62437
559033
760373
116138
70351
902775
1217141
309432
1730032
796258
1439227
743976
182854
63680
711609
1230650
1588407
989253
746127
938341
208726
1870899
523485
1850382
527160
1435370
1084395
360576
1958007
757501
1451150
512889
1292793
249271
1524567
1964079
1754335
1017381
1797222
1427293
1319483
1008159
1722250
1332409
870708
1732391
1478905
1646428
1724363
1361779
1289584
816014
1804977
319054
865555
1787070
797020
222554
693139
1038053
1522000
1971001
1550543
1066033
1622262
440486
525690
1664331
1627277
546021
180131
1205733
996936
1110873
109682
903296
841714
697338
1396157
775756
345835
1755786
195275
1989999
1361611
1628091
1143741
708711
1017549
533997
926920
216330
251297
593281
389937
1655932
361658
912586
300102
821464
676570
1341749
592253
133655
431047
24589
589617
761374
337405
696786
282764
310380
1886881
766050
1426586
1316285
1314223
1805034
452848
747471
1964480
1158198
1887351
807086
1647364
1933881
75569
1269776
545126
446025
1209159
1104827
188338
981622
60177
1304497
1030232
748563
1151095
1199832
1900345
1462698
134493
270954
1459118
1663401
1979521
720524
478336
1331555
1279387
604868
1255205
1312706
884260
1710169
115247
673883
1441084
133290
1012983
1097288
1516890
358089
270114
1025411
979519
284363
1879128
935166
648
386553
1503769
1505808
606655
894489
71650
1915295
569836
1699740
81883
1560398
45293
1176885
1058369
1654295
260718
1320071
1904191
1090014
1236761
431655
1656197
502174
1042570
1273015
1167247
983027
380931
1882543
817760
354402
1066800
1165914
1762754
1091121
1447389
695304
1420174
1603906
1077410
1086484
1543498
1670729
495401
1505129
227027
1189988
1617783
391963
1731720
1137413
808962
1689504
428024
774502
1089553
1065822
799903
742547
1428444
1484921
1705216
1200858
237096
1300050
1559688
43385
1280295
1457057
1116633
153423
953816
1514750
79815
1712460
1225660
1745717
1976209
770783
360972
1271668
88178
1487185
211406
416229
983615
1484242
1997426
1940392
1274000
1281081
1468515
401227
1887997
1833946
1701950
885303
1620312
899922
1165490
1596742
1286487
688425
374138
1559327
679367
1363104
840216
841801
420758
1894036
1697674
1657893
876064
1349324
1140584
854816
865544
1764278
1806255
600285
459172
977234
1932695
1608631
406760
1744095
1183777
1706106
87271
1080843
1908390
1191219
206686
1441118
1227698
1872378
1808084
243838
1040776
1601767
204060
1563941
435848
1021935
1770426
100782
405418
293498
1569691
1463106
890728
355164
438340
510009
226367
1116993
66802
299996
619586
1943771
1935222
1858770
391062
1429056
756146
136399
1631010
1698331
1738569
334026
352727
699054
1124845
1689286
1544078
295147
1513483
572296
1923309
1852896
755545
103578
1299912
1274141
87230
1544929
762899
375585
1902926
1399507
1816555
989489
1421446
548854
1304220
547098
1652605
423569
1256089
1158787
65454
1623327
1105980
622088
1884947
1563745
602916
903068
752004
1880274
1876743
1617156
851829
1718047
336432
1243696
1058343
1305550
1287687
1062395
704516
534351
2579
274908
240305
600845
119918
688760
841838
234853
102539
1536354
1186617
691078
379911
1579101
99595
139457
1901049
1879833
1495446
1528503
560417
1863611
281879
752317
901937
605989
1729321
1054025
455041
1211884
692778
303611
1961495
1645797
798951
847749
1820236
882764
1343789
170539
1743772
1994179
155107
1737686
75418
1970141
537231
1036101
250022
755639
1991053
1088067
407729
693853
1158373
1211825
1919185
1484302
224105
1787198
1211929
814110
1680346
112941
375706
1602885
990303
454764
491703
302894
844547
456238
1155293
656283
1457026
1339150
865145
613714
164757
264152
1680297
1261202
719539
333093
1299419
951109
1899012
129301
1296722
1471507
1651097
1854745
1801409
169028
46454
1695556
350244
1245140
1368880
1128336
1020375
845797
1336046
1291866
991372
1083045
1959297
1014374
802934
638735
611115
1738899
949095
1488291
1072349
376184
1769965
1879737
728211
256604
117442
1219643
568286
1860235
1450919
1832780
1337939
864398
110133
682287
523497
1356541
66320
505822
330271
287372
314607
1937985
997918
1108156
124422
146274
569818
804421
692033
1520759
1711912
783909
248453
317526
1059566
868877
826163
677004
1765612
1820172
556631
1391829
698865
1534055
839852
782541
1399051
1686002
744854
1160112
587476
538280
1558679
636002
1440620
1441111
1151083
609725
554656
1106630
433468
31026
1129680
89205
1296628
615884
1210585
1760886
1910449
569246
1864623
1228717
119392
1251413
418730
1796572
1667476
8701
1284946
30622
805197
331018
530433
358812
485516
198700
214815
1070417
1943897
164458
1970481
544699
339966
1957641
671780
1101527
1740917
233567
1918722
448550
885238
1771058
811889
1146653
54328
1661145
829718
771361
1934848
524842
1505874
13776
124109
1422582
1623023
605060
1548491
1630263
1189872
943981
1754276
1201268
1817342
933322
1034621
254541
636826
216978
1258545
1528089
859467
618734
174959
881788
1368608
309796
1924443
96473
1706076
1793697
1563443
197976
979008
13529
597926
1452224
1975553
1074011
1591271
884310
1924970
1328832
1150578
860165
540005
1535348
1762763
42118
1474490
1010286
140292
1010610
1470521
574495
1536659
1306500
887977
724928
1935114
335643
1522890
676530
841993
1859687
1281436
1511457
847739
926443
1184840
624671
151743
158282
242794
984580
21686
1045879
1085111
1814652
1042841
1173490
866065
704475
222088
1056128
164720
1078411
186318
172156
1126525
1771082
1978249
1165784
1086463
535602
980104
439048
790085
315071
559486
933328
963636
73616
1236951
1784576
509222
1267442
1782612
1080927
610415
1883010
985746
1041266
1630644
1527579
989496
1762550
198689
1804869
335580
324323
1898702
1839386
388099
237276
47551
561474
768649
1686958
1359338
430418
110230
901723
730514
22640
367755
1798609
1412194
696130
835399
1561681
1434290
402266
126962
1278245
614930
1865486
484313
1769790
629309
116091
1853368
1887473
1099712
1400517
1955545
1939213
736805
1657974
1722162
695816
955048
1253941
1298369
1113749
1984810
738692
1340956
1655846
1083377
1552016
226851
1242324
1994608
95950
1827349
196477
1263735
1372346
1125433
687039
759446
1447871
216911
1797646
1952360
1146234
503824
1623333
1998319
788670
1609417
1266538
399097
971388
1092539
134657
1799819
1542364
1420105
1552718
747014
662741
22888
127436
1902722
450462
1888686
1512454
678293
1182112
1781545
1478114
1992488
141439
1882402
390770
1182488
1239782
560838
1837395
1997000
1731672
184711
13586
254948
587930
562737
1483015
78374
333358
1287092
1498008
743234
1204438
1656038
880456
689952
1572357
101362
282317
537493
479049
46510
1921076
712861
1052075
310922
497507
1557822
1943823
865379
1904607
1915845
954783
349035
177592
1860231
156603
1690023
1899015
431318
1858556
1280962
1797876
1473290
424361
1968938
1409028
319583
1338603
1516704
127649
1445940
1112712
1438165
752703
1263879
1861499
183140
246477
305544
1851105
219871
1110664
473445
506814
598246
1013589
54802
1448817
1715107
1450840
1222159
417958
1021350
136353
646034
1972124
1756028
1172218
1460932
519642
1919588
383746
1844745
1181383
469855
1745029
1844113
1671483
1315143
1869293
881345
1583243
1081989
240807
325248
1614805
1203756
1489254
888617
1317149
1430417
1865236
1200123
1217820
195564
1689805
472205
652864
538069
744410
959966
1287708
805374
1754490
1309552
661293
1220509
1826984
228226
99564
1244175
1580096
263916
221392
1486858
208267
57199
1600745
882313
990849
1418347
522351
1015339
1991824
377372
1369229
1113842
1718833
1022319
820378
357419
1171133
1083185
348777
444507
1656799
938637
1516699
24234
629894
1896873
1765487
1274883
654397
1064724
1433529
1008273
1037276
1739446
240579
1893452
1056963
146312
1991014
809014
1865704
526136
815638
934478
722287
1765931
1214824
973310
1437900
1193790
1775407
714297
1292973
607481
894601
207190
520189
255726
508763
1963568
55346
1738884
299286
1352893
435887
881836
276672
1598038
966077
1556401
41073
1885899
1785772
295899
870646
592336
1632640
1920583
1274065
857330
1142007
331715
1794295
498247
797315
655418
488601
1205025
1561416
155654
1439749
1936892
995993
1255802
1535891
565912
1387226
1013866
246974
1359148
600290
1138761
233613
731143
453913
630152
726080
1567565
1078891
521593
1325246
1773692
1026197
1209938
1090394
974289
1967328
1630986
1008870
1932106
1711874
1225809
533629
314891
940688
1337349
436932
1940622
456396
1044111
63395
469182
1889898
694249
190537
210756
1233530
1191231
1819503
1212713
1931357
378408
136895
960235
7140
1740828
1046361
911870
94521
198982
1219171
1580735
256468
287561
1199340
175604
1451906
1459328
1217346
1792800
1612634
439738
741602
1733354
440655
1278430
717640
844016
562318
1540766
1272443
1299350
882378
762122
1935933
1917801
952407
750809
1501471
1164126
563581
979241
1310196
1279764
1983576
473513
1482439
1471102
1291301
1647700
1907976
1566868
1188123
1959073
1565966
1995446
926380
1392399
1209799
615216
1453581
1388317
1881537
1330907
2057
547483
112200
1491327
92438
1054244
336250
1934891
1576739
827065
1367040
252276
1651465
1989772
1914977
122649
760323
1655806
308412
657619
872534
1515382
906682
1607363
1941062
1981970
1225960
507982
518184
1031842
50809
1724903
707528
1814402
803869
1778526
331959
215401
370487
577759
856964
627576
1182301
383482
1971805
1526640
341108
348452
1937516
173274
1988292
972321
1048001
394442
903465
675390
8375
831512
1252140
1511517
1519483
479840
1614432
489981
1288444
1316210
850778
591112
670764
146793
1928328
1732309
577562
743753
1173065
293420
1214407
555541
1910577
799388
1540440
804340
301130
1451141
958484
869314
1904397
171603
938775
186304
1964698
667134
1924010
207945
1143751
419391
1865717
789023
1717440
552566
514372
1270767
1973468
1394812
883836
869148
1744904
1774453
1746824
84571
1239502
1732376
1538416
1175077
1401469
671706
1910980
1264159
1807711
1174715
1051943
1154209
1142323
394669
1739087
349811
1135632
97559
1999453
1886626
1786904
1936846
468168
1761977
606745
856586
152902
111232
1895759
1377029
168513
560248
615439
494433
1679267
294955
1027393
1219633
432467
771150
619979
111446
1972490
1800030
1909037
1415431
57292
1339832
1808571
1250610
1715503
213166
976517
507882
1782374
1132583
1993484
1340708
1668859
1081689
1539873
848998
844836
511853
1946515
138808
404
1077516
142685
1691678
1905408
1274455
1978734
160304
1312540
488002
976653
1760762
485324
1896102
1584976
1803991
222872
266750
1522065
270428
1592668
673671
836923
394805
1989653
1371245
307176
989184
1349203
1887995
1116243
1659513
1727880
1607477
551673
1238688
1896007
1537735
1886872
223755
1687697
1269726
717060
363627
355726
143030
1401880
360803
815661
1465865
240816
753968
164810
816929
1889582
1073671
1140799
312294
67891
946781
1905482
1443673
824907
443529
1564568
1035121
1988447
605301
619023
1498248
1328715
783141
1471932
306968
1558539
678411
784445
1581729
534742
293801
243756
883897
585762
951011
1640322
1283198
365801
1861564
1886959
1647479
587415
558551
155452
1926610
189487
10207
94463
1980109
818233
1388796
224976
771690
155368
117810
851191
635932
1128974
293825
1273498
1573306
1384584
7722
306587
1580961
32133
562363
1894751
792966
1687907
1639178
1737043
1110330
714401
160759
849534
1090584
503233
436011
828999
80771
1584792
339531
930883
1388365
541198
253724
755870
694904
1619009
643183
498992
264598
593864
1951489
218422
732455
822275
412999
697346
1042657
933588
1321618
1320207
1646510
1399867
1739012
1021077
103617
80954
190557
524701
445832
1144937
1418022
998099
431390
1164051
357621
1739350
873212
1396910
804024
1508712
685041
1345899
1224028
1893621
243959
326128
772768
616871
47372
1601844
1510523
1137108
558351
1689078
1328627
359980
334395
842639
39609
1239926
482358
582627
1725044
498347
886845
1343137
834037
1762770
1962048
1634485
1276222
743126
1653678
1582331
1278053
1942557
1314781
1106607
1383147
1685983
1052082
1612853
1454211
602379
1856451
510930
1393907
1483624
1396740
1604688
829531
250104
1380341
1038460
1304082
1307893
347560
1615813
1648454
1631249
1131519
1767290
720076
1881583
351609
1091707
1931571
1455449
907649
950082
1682521
1631295
524565
421515
592442
934637
34281
1944824
1047252
654379
873737
730746
1771851
1961689
1519218
572215
326706
655890
1415875
1339460
1668458
1840497
1599181
1627158
391743
163990
645326
960539
1540214
220500
1742671
1058215
1338004
145501
177397
824417
849523
373844
362773
1942833
18602
913249
961279
1471522
1674586
25361
1640535
749291
137963
672764
701647
950014
1865410
1651427
146696
1440960
193568
927357
700086
1007141
1749399
1271813
1346590
311819
1255746
12229
1847230
1127553
1233071
1473533
66730
1854910
1853352
1212992
91001
1705743
1659030
1991691
197299
1386295
1711164
1493227
1553008
757606
1520443
1814717
1988174
292101
1050134
736825
1171436
830876
1783028
45698
442861
1075664
844784
1562223
769126
500014
331754
760778
1290070
914104
1462728
1034889
1432953
1762258
1167686
61399
336801
528602
1883742
1995514
378597
882558
1931536
1703473
1997988
1280871
1769323
818938
1327986
467404
91237
1313531
234905
1522562
148320
146564
272126
625685
933763
164438
1626304
108785
335639
1009908
86593
1924094
594635
448485
616963
1654806
1471528
768565
98911
1423769
667753
283092
1208834
69203
107040
1008543
745279
884507
1305712
1370321
1497885
871847
1138673
1784200
846429
60001
1752964
1135761
622350
1426730
938528
473594
286887
1226903
1854505
135391
1574409
1142503
1982760
617344
1904325
1667646
1631801
490623
788328
1378947
1574054
451424
71745
582174
1317139
618063
1027896
175539
1898548
1355520
392567
747859
12985
801324
1246451
403749
1528989
792309
43727
1806746
1888382
1240527
806357
1288112
879082
34295
859911
162238
1756155
520012
721361
367346
682483
1716425
1540586
553000
259132
1648244
1414367
115848
389299
690524
295212
1577294
1895918
765729
1532199
560765
919833
670784
1697502
1671841
278107
679826
429667
319652
1013303
1949280
190109
66013
879737
1879340
1914362
67928
456773
1217694
953385
145628
910688
1917738
931126
154124
17755
1483920
1677602
1795448
690189
898138
1269267
245145
1440096
1982909
1867113
1947069
709342
1842632
398115
258181
877025
49477
1101082
1385469
607623
378190
1626305
87726
1839025
499734
1130970
1968026
1754132
1579750
1507548
1865311
1693499
340846
631344
587466
575423
172911
781972
198074
825670
1571927
909464
125275
933916
1956234
1473810
439681
381810
1210565
216960
166301
921462
1644305
521507
1965728
1927823
1347150
424431
167651
342551
1809425
1520536
462424
272012
691311
222758
544466
1574793
576685
1743717
1860841
692219
1417600
1243545
415438
1734599
1746166
1737488
224728
1000452
1114937
1153296
1590005
276953
1063575
1217071
647373
1655983
1545714
441503
9695
1606258
1178352
296317
709010
1812074
995304
1687142
1373284
1333126
1769102
907256
1013122
367128
1097420
189685
1365093
1721110
1842373
939082
674969
1041545
960105
389291
1015780
404124
605471
1090754
446349
357162
1191114
756906
1280705
301626
655046
608559
1046180
264044
1379258
1476716
1801477
1078062
559142
996931
1898940
541119
842615
20179
1737642
1741314
418774
1857214
625784
245652
1906281
72961
1608478
602184
1778886
1822249
1667255
208400
156228
418887
1781423
1556499
1735450
1719313
846956
1842096
636118
444856
1314350
1700916
145675
30682
1367310
204570
1095965
1036683
291303
7840
3901
1299740
710254
263947
1764985
1999442
1496352
248133
1701622
1149762
1979374
985914
1302411
1175893
816925
145538
361771
1771369
227108
1817893
1139765
1487437
27263
1067056
696771
1057180
1905668
1267694
479520
843210
138986
466140
1032426
761062
1766536
962676
1434092
1689849
1848622
1816219
940902
558955
773156
479139
151031
1210737
989700
229419
1359171
1105390
492777
1842611
1406681
1257154
1993451
929107
829342
705567
74605
1124677
321437
432199
872381
69162
698189
1750597
1901549
981164
608024
699396
110970
877477
1449196
1299951
1956007
447925
8944
1487678
1624569
196905
549688
215879
1978798
1598555
1155502
1423540
345555
294995
1235024
748889
1759345
220906
775360
712846
1393487
494983
1246205
727002
295995
107346
1296891
837563
32705
1742106
1140096
721858
1238851
1520246
619036
1596870
1821944
1458071
1711493
80412
1734060
1494927
267432
655028
1449541
1485017
1930078
1101829
1809594
1392896
516779
1445857
1890928
1341311
1932699
474253
714629
517937
1317750
825365
1095363
507034
3601
274320
1583497
1815032
479709
406643
1438374
1096512
289843
1559709
1110832
1940815
1708513
322533
425244
1557566
1023891
1823470
1710371
1769955
537282
1237953
243012
1748767
836289
1874103
57295
509012
408607
1980561
382172
117526
1069374
414983
1165531
1777973
1683292
407924
229130
838835
499973
1686049
661081
616231
1753606
499978
1218513
1886000
339295
1513782
1811236
1782752
628618
936866
501177
1810665
1449415
1093878
1673287
118564
73115
1766061
1131576
55203
588850
1112967
462347
904143
1510989
703842
197451
1700557
1847516
336769
377299
1195322
1656397
79037
761137
1199033
952871
1233997
1187550
543345
1583774
1003567
1632254
1387879
877266
468543
140643
1227089
1103901
480985
1759737
879143
1497980
616184
1047743
1598351
1380523
496160
1439295
980054
546841
1964676
258768
1940638
1503051
273209
721637
815959
1815319
1554904
172343
1174262
1453039
894636
1951944
381825
1669341
1475159
402432
1850710
1705413
826563
648514
1745624
259792
1695485
1230404
759760
57070
861219
69199
468435
1675358
1677398
1088036
1876165
1037413
1531976
1809956
173913
533338
27618
1629306
196045
1285765
348683
550027
1488399
892247
1552067
731191
1327984
713844
78543
1310219
1960235
657162
1741728
1378603
266115
575505
9387
781529
306141
1585665
1570099
1286005
1028779
1136509
1278494
806522
996837
823959
261324
1831967
541500
1348275
1084522
600129
417496
268763
553190
1147236
624439
257496
234216
832007
1909034
1303591
296584
603653
994031
1759356
404421
80139
707121
800642
570368
1295958
1146766
1747732
1584726
465268
606396
1861616
570263
423777
1198004
375793
1347344
824230
174292
1648946
887000
1241496
1371905
1205550
1083260
1244227
1508806
1960460
1112046
799516
757467
1117569
521935
1475512
407262
221771
622741
1050850
466596
950428
1291287
669057
1911212
358303
1860049
1843997
761622
1217571
878396
1668406
1533639
683409
1426738
160463
1933882
148480
782106
1352062
309512
372958
1423559
1569597
1694868
1458232
1308521
332037
216556
1344912
1654037
960154
1479702
1958955
1152550
720041
696751
754968
962994
641567
1588685
1218091
416521
189099
1618658
379129
1594768
1866947
223612
443859
298414
670216
317390
1433589
483075
1847689
627993
1470443
1483386
1949078
93092
1018857
579999
1295470
1824358
1834454
807764
693113
1622254
1831266
1771771
889422
1631835
1958646
1506607
395842
695827
27195
1805150
1498290
85319
660413
429273
1115137
1389767
981006
217787
1643011
106899
1640847
254272
1809811
1770231
365916
717672
1139262
421554
960927
1629676
1963627
113469
1306584
731677
1274912
1203763
1554630
926432
170365
1851844
1163294
12229
512986
1145454
779702
628579
1647822
1921851
702546
1945983
1161462
964513
707439
810877
1769967
1866152
1052846
790732
1971559
319979
288886
696279
1723512
430895
1431102
1371729
582915
1943779
1917514
931257
561076
1610490
28650
1716539
1066436
574043
220312
831489
1065708
1957029
223915
282280
74122
1262774
1688724
1103598
853120
475119
1078588
817597
1610522
717437
1326918
462684
850588
1192862
1568402
940590
179711
408404
1543203
953740
909456
1601233
429778
515909
482672
955580
478480
757234
768670
1432145
489416
854728
847454
1470637
1507102
1458617
1679934
363301
517696
1761387
353979
725204
1154756
653269
754508
61353
1619744
1539178
1993347
599325
205558
105931
88027
911138
1854833
616842
100337
447757
97468
388331
983308
343008
1610135
685272
590479
751814
407060
1956403
1035855
440131
397858
168408
1646285
1410641
922072
283551
379739
947510
77287
35023
975575
264615
1161560
1493063
1794603
446181
577322
1251666
625057
1990101
1359272
1330339
163871
1466416
1611264
405600
503696
1219362
235191
958474
1398024
1377515
1871346
422196
1224693
1615527
1465215
1302880
1055105
1094811
1815712
40136
999299
660661
226285
110664
985087
1448116
1047247
1735007
1564687
1402537
777098
1076493
731235
160119
1970863
1463472
1783109
1449588
868820
189305
15754
1047929
1067669
811131
1801154
334926
1551737
1585083
219173
1621133
922774
412918
1118644
894918
1664833
1726911
1441147
804785
676185
1979556
1381906
162784
337848
1663015
1056234
1351896
475485
1454803
830055
384513
179239
1182900
1670732
536188
1673156
1210825
607527
542335
926965
1164417
1213916
493342
1649213
1034587
1201913
963822
496389
1358361
1064017
1342076
1045992
269145
679547
1090313
1912758
936746
9734
276037
1931067
893310
689911
1056279
1776328
1461043
1420690
103259
1378397
9969
1863650
998004
1505066
991328
1405247
1673848
1144599
1538734
265386
741298
1827934
1425839
787932
154614
1173930
995526
1938133
1198894
675373
1776765
731254
1907581
498159
960186
1557262
121070
972826
1927791
380028
402463
1313883
1132601
340058
1161821
544414
99205
1054801
584409
697749
352159
1922308
1038400
803810
459028
621471
564112
681180
598056
969007
1359439
855372
1859895
387028
884099
276515
403894
1489261
431593
238274
1774741
272968
1280053
1272419
1153493
879538
372023
1982261
606195
434324
934308
791422
85540
1578872
492410
614873
285748
1006854
1272577
146724
820265
1609620
81607
388031
1820354
1908038
7080
1454911
615760
285478
1275928
970684
1485546
518909
42722
478079
1497641
1843502
1355808
174945
689020
1874739
135067
514255
1732487
33748
12045
502070
1628905
1085792
745368
1248966
857510
566853
1708153
1289006
653797
1760518
808089
1757915
1320979
610661
1795061
1067798
656790
537655
1539685
160388
760804
1123571
1513014
1273718
1529275
102190
1221773
538962
57431
1046603
1939037
546573
1634413
1255412
1476694
1707991
1046593
1045994
702024
1435454
869590
1123063
186171
83495
459721
78921
786
1631769
481603
359368
995423
32446
89298
1474840
1937642
1412932
1117732
80845
413509
509696
807658
1269620
829149
1636767
634885
1690966
734314
584046
631151
1531804
240597
1915082
1079962
1477510
710030
1160427
558858
1230691
170740
296851
780895
323581
897506
1921060
656202
1386864
312627
813080
691997
1492793
1174047
422907
1640286
1874146
144498
682514
253673
138014
1782278
878365
1296697
1892014
641771
569982
1025250
1084056
1419717
1032698
1514061
555732
603695
1915862
1570348
520460
1420487
838651
1591186
1869507
627262
1817122
1357727
236089
793463
346217
1131078
873843
61296
1124830
1889897
248281
1804940
1121261
944470
1104719
1439018
991658
369959
1645025
1020235
1790301
1594350
756779
266805
1673281
336407
1543558
1953367
1894223
1664711
540296
1599923
910165
480956
1775456
315989
1550211
1647374
1162930
1345437
773784
713041
777677
224636
85151
4093
1383674
801275
29871
233500
1331927
703611
90074
655379
340765
1741748
1634267
1539633
186563
1901087
1186205
1667503
1824866
281774
1552658
957874
1059133
943342
15412
1596814
813915
173107
1031732
629580
1149473
1730128
1271595
1524333
541100
1233088
49029
1875011
721746
535203
1539579
9781
482201
813632
454824
106003
1683889
1003563
1240845
680335
1139006
1538624
220711
350869
1390085
1294744
1455674
932608
1327393
569042
793393
1900759
933960
1113131
1464623
838064
142461
173563
1706817
1239854
796149
629806
1387807
1929361
658085
110151
487480
57877
671291
1475434
1766110
1021148
847200
918144
913132
1968476
1446628
1166559
456839
139694
1131284
1073537
1784313
1475197
737400
1056831
499234
1666333
204584
681788
1949532
276106
405690
274631
839099
96055
1605209
1282440
38574
538301
688543
1984881
988404
941756
27088
544201
1088982
1595675
1618308
496949
1396139
1371676
1274965
1853804
996629
121325
384593
1426210
275942
1680184
385903
1098594
1048084
664262
1085266
1030502
1316723
1771882
1401164
118928
1132067
1529946
266404
1469021
58227
1388472
1838958
984875
415191
1894756
1264820
1922465
1145792
994750
1451837
259734
1124616
924465
1492344
1436889
1669195
1267522
1915053
988734
1780319
327667
500340
1555048
300711
602072
659205
1316342
968626
918758
1685181
1401609
80463
910046
1785355
1611114
30461
873520
595090
1636935
886694
1156312
606455
1725559
1019779
294605
236401
50528
393228
721796
1950534
1154254
1788410
697971
642494
1340045
1064267
1589877
1002153
1176201
187400
860536
159904
58525
109603
1178631
193998
1735480
853059
563925
978669
843044
1632226
1136968
102854
570838
1836842
1051362
1348237
152899
1091725
809323
1728439
1701941
1563636
1672989
1908248
77354
1740272
184590
982563
1990196
979822
701111
1752986
1643770
1838775
401566
177945
1750831
993735
431234
1705439
47342
809845
856798
216482
563982
1289802
233080
984899
1398969
1599493
92773
1381629
1446195
1796641
381163
1544767
1398800
1419587
1702612
336541
978786
273388
1091052
550955
584353
893399
1089523
1970274
1763588
860237
590457
919800
94112
1526200
754813
1128247
1539409
1514588
654631
695479
1591567
1410976
1818101
329278
1012992
1538874
1319821
1508531
1002790
1007064
1240087
723292
487463
594935
1914715
813762
1627320
1133987
956781
449310
402748
1654512
1773884
1193680
532107
129554
485171
1664928
1844484
1892980
1243668
1743039
1740273
693791
1558626
1777040
837857
1321540
1094289
443634
1379953
1643656
1155724
423335
982041
178463
9993
73190
217592
151382
1949933
490211
547929
154332
1996819
1655211
357701
636225
377104
1896298
1231159
254347
927796
1033775
1020624
1735816
998933
190802
475007
1950192
518687
889174
431087
917893
35439
1656814
1305495
889179
934217
32
644039
1621899
847508
951738
1787617
872513
608453
1311775
1272574
483010
1741327
975285
1663038
1797000
1521757
1037346
1829193
1124443
1717618
170170
1303505
1185540
10459
610773
1898500
729073
547012
605689
1549434
856678
170219
1053136
1821731
1255969
111575
1770440
787655
1176831
1195238
535261
899570
248159
1741385
1817168
855271
912100
1369234
730628
1402879
166360
1770100
1589410
1065809
212220
1162880
759714
1181717
314281
815387
1536873
156393
651246
1016162
1608510
634004
1525661
1964086
1224896
1612622
947612
258991
497282
107057
729618
524825
1536740
969475
1056016
1201664
226951
1924175
644836
905072
870505
908714
1027622
1063876
345705
488965
1972138
767549
623781
393187
310890
1713840
851854
1334495
1854676
1119889
39144
1481759
1341982
1864211
1297169
691841
822011
1183074
1826669
727316
293779
1861306
1627587
1320868
1889822
1062317
1184074
848796
545318
719281
878211
1124563
949564
39925
1290720
1336916
728804
461294
1080002
594764
1926569
1994480
1139186
176119
1665330
1532308
211484
1691992
987893
1424134
980055
296638
200937
974534
669392
1231880
1710416
794808
321992
1304238
1495844
1049086
1312467
31245
542078
352148
1948932
1784182
592360
1600475
1499530
346742
356239
192594
67305
1722191
1678353
1401100
953176
898333
1061680
1077287
345153
418064
1763902
491524
115743
1089766
1422947
371313
310740
109567
1654993
832198
1256951
273816
642455
1209654
1700242
529344
324949
547957
342555
433229
882240
1640892
1105508
255187
1685367
1941089
389623
1901501
1312406
419069
1097304
629330
1665084
1527093
1970917
43469
1129095
1095276
430427
1697075
39342
1740509
752303
566000
1398933
1417263
548159
1189396
119128
944035
1250121
656892
803767
1932604
1761351
1044442
390482
390901
1098446
817204
1186247
1665631
1799056
1628125
1878784
1972670
1901212
1187657
26635
66438
899377
1284304
212424
102888
445416
806227
1913609
1258048
1753799
251351
1960382
1919204
1264611
1822124
1720435
541968
42702
170321
1598143
402247
1723874
250561
620593
486053
1308570
93796
139300
547688
1683411
1011778
614918
653547
1463339
263114
172227
1172985
226117
988639
1031234
226770
610666
661661
236179
541579
1139114
1949333
1151368
1165644
1400578
1824979
1861242
478000
855685
1421291
582761
1131049
1003218
1076758
1792604
1663630
675456
1959732
74989
1144300
1449770
1349246
971010
1952098
1876562
930731
1023063
1578711
1114031
1078307
1254065
56212
1447150
922933
1353323
1493534
705476
1957103
941312
1836204
913823
147689
1230673
1068668
983115
1505340
1079653
1738381
981613
540993
233586
301860
692494
1118585
459123
1641674
241376
1817327
1594770
48223
199358
700584
1651631
268019
175932
196461
461846
118109
1407395
1160263
1739115
1506766
1736835
1650202
690456
1255089
1207920
848501
1886310
1805700
289416
1048723
692401
1193622
531265
876387
1514183
409307
173753
1577111
1919637
78780
483400
1508425
1650276
1139193
1944134
504173
859214
805362
995614
514257
1748751
1517168
1648688
1596466
608258
1376186
1839940
420834
1126037
486211
1140343
917692
740892
482446
59371
1335534
1781625
615561
375449
1771679
572396
1451571
1414266
1013452
543744
790658
435133
1062886
1793679
117249
474289
687830
1332934
1976173
667472
10021
1261951
1778354
196087
1694973
1812832
677714
1108034
1734959
1339010
1070401
350314
837381
1682532
210750
964101
1232544
1516758
1551327
234393
1796535
1292869
34303
583932
1988254
740095
589750
730060
530088
799967
229476
118319
1632134
1513004
842740
788253
907753
1672370
477337
1884105
1992818
750963
1700564
85848
624096
1087622
115774
1078360
413063
950429
1271948
333718
54948
451758
1727036
1728580
233278
34921
1131845
800527
456711
1232754
1895439
557195
1973051
1955036
756991
361061
427190
157933
1807048
1691938
1610289
908478
384735
937195
941614
1936402
494088
795892
245037
1959045
1655779
527556
431347
1218118
751412
1551105
1884004
723528
1140729
564895
839808
1725471
745147
597810
215957
357596
1666683
860405
614994
1517045
622881
839107
391990
765319
327138
1352514
458869
1360347
1918522
953498
1663491
1086350
185688
1962886
415210
1682777
985236
1850894
1653417
1934989
693691
1135019
6107
737120
1482667
498034
623721
1598798
92562
761531
1190078
1216806
884482
1302625
1181193
1961642
1575331
1137611
182728
430824
521382
1602086
1134428
1029106
984667
518829
1695287
869616
1860097
1592655
734378
1293203
627137
1702656
617828
52641
661821
1920991
969978
414076
1440745
1729186
643417
1215362
315789
564620
1702081
749758
214854
1446922
1432193
1519362
211136
1421845
1083241
1429124
1300046
380623
1411064
919714
454626
1806187
1483099
584443
1277661
1651433
618833
116833
775589
1760229
1279672
417727
1465534
1591111
1877089
1085319
1156347
220350
1827946
1307608
194039
1198116
1956448
319562
683395
1990827
1188169
983723
189919
1421788
1789460
1120522
27188
371626
1008339
491556
1844721
75793
1382782
1656766
1018923
173011
1982744
611794
1634744
1397795
796786
679874
1415808
1051788
1927523
1145476
1297719
1656709
255784
1055277
1953688
799349
682320
992591
608198
280204
1314996
1994880
1433710
1329178
1324977
1857312
1535349
16105
866865
1013465
1374316
466409
1924034
1939930
351547
848038
691528
329926
1653345
728212
12611
1018576
600180
1572965
541237
110769
1228507
1705826
488126
331851
1151760
728385
1844718
1841559
962517
261895
474240
1596493
1189688
368350
829768
590021
1639205
13573
1173472
467811
1333009
993520
334605
477324
341056
604052
1292454
1987385
1588237
830367
1885510
139352
531867
1888230
1333327
974823
1479398
1305806
36975
1550185
1672234
774572
358126
1880988
28057
1275070
1418899
322988
424106
691792
251473
1603870
1099558
1854641
492527
1318278
1153169
769053
1842087
728238
382874
310642
689893
1173359
751084
1584822
461764
493017
1173885
314667
1497316
176845
1750785
1145453
31779
254336
1080403
1806856
198809
1806196
710593
1426356
1863655
1614275
1712520
1900793
1498019
655981
1321343
1689907
850019
501078
1911959
362238
804774
1700166
888258
1201330
1178526
1711128
256471
5001
1445438
1785676
350739
1186408
1904448
1003738
259096
33437
447750
1060317
235256
908687
641248
1465572
1598735
239820
987093
474582
166504
884807
795933
1643434
401266
167627
1255934
908980
777309
1121179
1688411
1873713
1004062
198295
1736024
1933632
688791
550164
167330
1168063
551062
1191109
1853078
1145455
1849607
769911
252864
553973
541113
805889
1289454
1157113
1442775
268396
636617
1566835
207639
505062
306248
1500974
1487547
249767
470559
634312
514983
708387
339064
23492
1613433
790114
809515
1397508
1325301
1787454
444023
888087
44686
77676
1839506
