1943266
1289265
15494
1258128
893539
1484741
1144846
404545
1930509
247462
1188644
329266
1997856
84290
462458
240069
339913
1548397
776658
67307
1206101
1398659
780040
25954
1808046
283428
1848652
768057
1701321
252523
341014
542277
897162
454947
930608
1027935
1465694
1474247
649831
262022
460938
1174540
550600
89320
1154971
1878664
827887
1361349
1638008
1468270
1851127
1333190
865246
865080
1470582
308129
904960
37476
156476
841580
1436533
443673
547950
984581
1912167
1780380
1992819
1956738
1758764
1329544
69630
626559
1130195
1005638
684088
1734720
1176439
1108213
1328744
332236
618325
870848
805831
1586602
872113
208774
1179434
1535305
834581
368316
1603097
39126
1759766
17971
223452
139900
1668424
1032061
1013347
109424
170630
117864
439957
1944379
1432142
811143
309589
539973
207609
78807
1841637
95325
940106
478203
1330101
44691
453717
1969888
728616
1288226
1842048
234836
1155463
1132059
932497
801912
1849189
1055202
951224
1673142
279830
1970171
378937
1732250
1875252
302831
373149
938338
1477902
178909
1804747
1317807
424644
1261897
1258840
1887781
358289
324438
743757
360635
1097576
651385
1496836
64110
1484374
443910
460057
565149
186706
1151409
1756043
918939
358045
505709
547485
789130
1843905
495289
773605
1717454
1460297
975603
885572
242444
1874213
1734317
1042882
433879
1107767
1253521
807688
848529
902640
659865
1622461
1635550
859219
292631
1362407
326473
1237790
1350851
1882161
410236
1065350
323522
680664
1646482
886764
981229
918319
644749
24407
923940
309967
490159
797652
918315
1037433
56434
528632
315920
841450
879038
1839753
1061032
828025
701806
967769
909646
1329897
996454
472986
663682
1449143
540204
723021
1053461
1598341
181801
1430944
483477
174378
881160
1780419
1382924
1703269
1674165
1627887
196395
1776455
1964875
68513
18282
367432
402652
1668315
225280
1014871
747754
904818
337947
408916
71778
1794323
437020
1680266
1688337
981388
1473345
259535
8869
1952138
1764467
1013107
47095
1714548
770140
1105179
1886181
1200217
1924242
488554
443890
1097084
1153613
685140
1637221
77348
1837631
760684
698385
140120
1451935
1132126
1899800
1302745
1744664
1041206
1073692
1455549
1654316
37737
1391339
1851463
242672
1865138
603175
727978
890187
179602
1080115
1096216
277716
1297735
840497
137719
1523067
1045063
1045219
1216379
150009
392377
410986
1017608
296587
1048470
1092577
830063
806515
1583940
1700362
241368
1012279
256822
1814435
503933
550750
972370
41045
1858682
865490
114522
974423
1299539
1790763
1811817
1365036
553430
1729912
1971307
1475800
1485661
295777
880355
689232
398123
1515713
1745786
1083689
1013188
981792
462371
654187
1484394
733315
1474490
314541
581397
969690
1119072
1885398
38339
1516681
20070
1803014
241240
1788320
1190138
1421168
1646869
1606998
1574117
568669
67625
860043
782066
1131548
1795585
1805768
1443874
1639912
23603
1095474
564660
483780
269542
1419277
724944
786988
993431
1135595
815819
664699
1832207
511685
1744534
963023
752412
1475730
577626
861622
99530
87844
692167
1549464
1241400
375494
1585221
1979669
1180809
1227654
610834
1115522
992804
858546
181730
870915
1906219
245566
1905225
207434
1276902
1444017
1477854
904476
413165
586395
453854
1121113
1694843
426987
1920549
966427
142519
413786
284291
1021410
1824420
1459513
853320
264480
1553230
1563077
84146
1934883
1243993
24056
318879
964837
547811
1868023
513091
1560571
1878641
1224807
1736929
1625995
1366545
1651360
412339
1365982
915528
37537
659073
7464
995974
1865190
1983711
1088298
1103750
1459155
98970
1865821
637208
1159144
928839
1735519
901694
760856
60400
877212
1587339
737195
1235897
1105523
1642835
1355779
1490106
669000
1620018
28683
475454
181114
1794069
458805
1083328
903546
133964
1134521
1128363
1022221
1619463
189002
100031
1177733
337866
647395
559420
1253240
1881909
223310
644148
470980
1701514
447818
640655
1934251
1586045
1900071
1647618
141449
482713
41915
1092690
1488140
378546
1445130
304692
872327
769684
1205822
1278992
330111
871944
1716035
1567647
1168204
1686080
525101
1600196
77527
962987
1072968
672923
706356
68362
851869
912519
688965
1201670
1419089
1297503
1635270
1794074
957877
116232
912767
809095
1052069
41597
1270582
1613640
931610
1405627
411232
705089
1864181
539307
680990
517336
920758
753986
202724
863244
1722130
1181175
799436
1678203
655635
1313788
701129
1324657
1610674
1232713
1416547
86446
1253824
1047531
17577
902911
1126916
64565
1433510
1793129
1165683
8719
1493976
1503850
6690
208522
453511
257440
611622
1535664
1820178
1972967
1343063
685523
1559150
360678
471710
948991
1817614
579296
864105
1870813
732709
1864468
816877
77229
1267117
1423931
1369162
1538982
791567
771059
1640063
16324
1991292
1007748
356401
1937065
1514403
1325004
1115746
1512921
364375
1360910
212771
399616
937361
1982192
335274
1137933
579707
1563436
178687
1325405
1266682
1899308
857299
1696156
1039543
1126613
1941748
1371492
546025
103226
1027876
386262
1921419
976427
1863686
1264084
81278
1005277
1669259
1317663
634354
110155
1927189
129907
22488
1169289
1021739
199801
1475302
1269755
429320
1747036
1726650
155613
1686033
803037
335984
249151
1996529
1373555
1304256
379561
1557815
1786181
1688638
514443
907009
1135006
1029098
517591
860760
1053280
1231608
1567386
51434
1331555
381213
174988
881659
285542
1899684
1841449
9955
1303683
85170
844776
918607
241174
1371305
1182393
1221895
1839899
1623368
1033080
1138499
1019160
1853731
697959
182068
1620180
1263427
130646
155006
362855
1092311
1197829
394366
419749
260129
1482717
515155
633944
534782
1975749
950176
1631063
378382
643882
289908
61202
1378302
5783
519903
314127
1905336
1550243
1724656
1766327
1895467
266621
1859933
602749
805321
610560
1942167
1066177
1971399
1829704
274781
1607662
639992
1742427
354837
788082
969238
1674369
112278
1909069
523708
258127
1349366
1332505
1506076
1961000
1168385
1635631
1060148
289644
1986147
590876
1217034
599163
1918086
614872
436584
650731
1518688
449386
1967404
1592582
1856660
1047629
1526001
1901854
617944
537616
344327
586034
971315
983096
1758194
494790
825771
1015914
1329686
1413030
1515631
589425
1968304
96434
1888783
593148
208309
774113
279821
324131
527929
100937
1319244
1617985
764334
1970653
700888
221595
448290
475361
864369
856740
298767
1140040
1452445
147947
1615475
1601016
1315205
1211874
1609471
1256415
424570
1684758
1790729
823703
1419982
423986
1795305
1148035
1230958
1342430
1098302
1286019
1506330
1701485
252041
1886590
793910
1927329
1218252
583674
294855
1795601
1387540
141669
354031
474739
939236
167056
584520
243862
1305756
452180
1247801
1076838
496520
1253432
802834
1077101
1173589
1956463
694530
656567
617329
1714867
681461
153233
1566653
1649852
870998
1253661
634451
144869
773190
442637
551796
401993
179767
1351220
1459093
1514941
1908210
1092757
41270
25411
1635704
1443038
264082
1380505
1041514
951571
753087
1418092
1342191
45303
549195
1757911
590132
272084
296089
849000
1360985
1637661
24492
546023
1188885
862127
1144574
49812
1677159
229111
1698739
1586113
978537
1798603
1857755
80463
524481
829370
1672062
1599255
1787310
342048
290392
199927
1719509
1607246
1631663
1637791
626405
1609939
1250233
528949
1479703
531588
1524537
507453
210026
1957517
61614
497094
84530
946200
1667263
772865
1760929
493063
1054812
328834
71882
1294163
1369018
537591
1142630
950203
334658
1578679
533679
429078
350289
80167
1908308
1994112
386840
1586535
1315489
1419963
549724
402781
959503
969359
1035155
849410
1113901
161505
969720
1720168
1542546
1766999
891599
1396994
1923793
443211
9265
54439
1075116
922273
343086
622483
1977021
28678
1573382
1625901
1244087
874446
1376460
296488
647397
186855
33797
1743885
567007
1235360
1304972
141616
210764
487478
1783353
1746645
590465
1188040
1342336
1017406
552283
913410
1171604
618972
1290756
664343
920726
518333
407483
1189040
680243
787574
643696
585705
581471
938074
1017601
679012
5030
32326
1835771
1305014
1134745
147927
1255058
781273
1137746
913214
261283
1196463
869355
370228
924876
1020242
117460
1808416
1940997
396558
600822
1908245
1146010
1109285
642296
1779794
780350
87607
1321356
1850334
1972581
395814
1179374
1739618
1253428
867595
1494462
610302
1324902
1328537
1497813
1072891
574822
1440583
1524644
1115511
791618
711153
1082063
1184139
1608672
1153477
428790
1455764
332222
1431184
1094103
90260
409197
1160054
717972
995067
1696281
831077
835029
828194
1438456
429931
466435
141852
61623
897654
939231
757318
126835
776194
619514
1241605
419431
929296
1348503
1082746
1052356
1827550
86063
166989
1916205
1229153
898900
876199
424404
1599772
1386515
955275
317352
821188
1030114
1975937
1769738
1479127
1709020
609893
162872
1787608
1303379
1103192
1277728
127206
1099157
1859723
59239
1268501
1718756
1376183
369817
1038169
769840
606893
187910
39029
1725570
1830231
1706482
1582887
1912764
798457
1350843
936793
1195657
856877
1726324
735920
1078689
1954064
377852
193011
243462
1720905
1026211
1597729
1865220
1111697
1834567
1747854
1777682
1828353
739160
151330
1882488
1105502
1330674
753335
1191413
93542
1214057
1835539
1105717
1449315
1565000
695221
341475
5013
1997789
1317155
976656
747757
73618
1902465
851936
245097
427993
138530
1875286
111494
482942
323114
858584
950470
1511967
380577
1778630
1429996
1307983
1457526
1397818
1914058
1585413
1023354
1340368
1978249
127118
615299
642387
1237575
1848526
955490
1732586
1247467
659441
371117
1534640
1586967
1450122
541812
1175917
1370015
1778613
176582
1791186
1719248
1608202
1288841
1016710
1490663
1048729
1971048
1978994
785528
210985
54508
1541747
1641292
1038199
1899065
682704
1670475
300644
1974313
1030642
1557403
506039
124231
1171248
1034578
822639
1080531
762126
1003431
10966
107516
1425548
475897
733866
851905
842551
636130
701874
1169478
1877353
1792719
1371509
258955
1798889
1006369
1240425
287333
927974
1316358
271587
795512
594772
808530
1081308
880995
436816
1241400
647237
92060
301400
727798
555011
1621406
1756210
1790627
617142
1872158
1407959
1952951
795400
889055
1584650
101263
1312754
1257771
691101
986209
1054261
1895833
1319657
1505934
442348
287148
1936690
711568
1379953
233240
1294980
1821725
485158
1846156
83919
1921499
1858248
1875664
1893196
1934226
1603385
1707071
1542452
1194519
1946765
1934982
1178211
1363802
128605
1216151
251200
1361960
1010705
1890720
1979385
1738688
678941
140035
536212
441917
1567714
1591185
1958843
1406717
948132
1870276
426665
1444900
394287
1990314
179744
48738
737022
1065078
1330834
1779603
1098711
1929006
453276
871902
1427151
1276814
592313
1258887
228212
637703
1826367
1980754
229561
1408963
127409
1496737
1695672
1443285
1012110
243477
552365
1174718
1560323
1122620
498601
14629
391017
85053
188395
618820
1310043
29176
1512435
1684760
716451
455721
971606
1912215
1769572
1411713
589925
190190
1149571
220745
1923377
769118
1070994
1913145
491665
600332
419815
475484
1644092
880465
1997879
1397484
1173215
1544883
1800053
1691126
1195947
1561097
1077174
484236
396630
1509551
768099
615969
236028
1119400
218307
1544486
958700
1945273
1034831
1735483
294796
96021
1701311
823772
1446585
676111
1944380
48046
1432602
310106
1750610
1755466
1158339
1849660
422450
1273033
1178550
206332
1255323
65695
1874070
422468
1787682
980243
99313
1455171
449237
1172889
738101
1395859
1707188
1630424
177791
1763493
1158788
197276
151846
390870
751769
864418
369373
251795
663692
1996973
1737649
46636
502402
1194563
1176569
403326
1318268
204164
673223
1112882
281610
120264
1448836
1726362
123799
1124223
436585
873512
816354
1987329
1827907
1961787
1459998
1078611
393568
1954283
640250
1560863
1974527
887272
134899
448591
1527576
972579
361013
1377102
9334
458240
1404731
991892
851863
182644
155609
1852240
1396269
1516093
892764
1327073
496884
979260
722889
1148455
1840343
795416
748244
572169
250036
136514
755637
1392192
1364349
1774222
1815
991163
1279188
1056964
591182
736364
150908
647585
510921
149135
1926418
92437
47262
14763
1981616
891120
895301
1244349
946471
1167480
108584
1555767
979884
63694
675818
162935
1263754
780331
1256652
1287400
701905
1949747
203216
180410
1292736
749734
1948055
321641
879199
600229
1965441
555699
1526850
1277205
933707
426067
1706273
1994522
515835
1167133
1470785
1341469
1573010
1494402
766170
98788
504018
925071
449914
1734044
1904373
580492
404335
1043022
142927
671574
109360
620121
231773
472856
1014230
1818918
372690
774157
1415413
651531
71760
1669624
1948189
498465
1126601
861297
565185
1440849
956462
1060281
543288
1230470
430196
717818
1484442
173027
1327766
769421
1491791
317094
618983
979391
1464844
526946
1032019
751513
1695750
31052
1330403
81237
1662628
1504928
1554855
129966
1167252
1705284
1504650
1772533
510691
128260
1951047
1919977
1020814
1967243
36745
28317
1985633
135819
1598080
426914
950280
1648403
827995
1039519
403402
1087023
1297075
1192949
1627926
735888
56702
1869308
1165803
404246
542002
446514
515470
765001
937747
1159804
1976871
1327659
1286420
577543
882924
937581
1506027
1529861
1182254
1015272
413902
1882193
42634
1372511
648317
1391368
516335
1493626
129804
710105
1198006
1869188
1128324
1483781
132356
179312
218344
1723076
1151615
1410466
1990808
176952
1540360
1866133
41385
958387
1024549
64985
65419
1849706
398133
495485
185020
1459620
1229651
1827016
1823057
191165
703708
400207
280406
63986
1388410
1047612
968379
1342764
1429871
1839921
1369002
260517
349751
1591783
1405286
1960140
391747
1890121
617370
1023574
452147
56780
1389422
1007755
1251320
828736
584913
35700
313469
264479
1403223
54276
192082
1253895
592332
306115
1931347
1510369
1321074
623363
946554
1901994
203454
1356936
3168
1375774
254683
857606
1950934
770653
418931
894773
1657483
343877
515017
448862
823725
909857
379594
119431
725054
1171546
1161914
852065
1060130
1473884
1619673
1814379
596071
903809
1463764
712051
1274506
1955859
1676918
1072367
144403
108150
1577305
493172
813018
537849
221229
1309411
1904537
418776
1633662
417513
1994213
322955
1466937
378574
337206
262085
975790
1343544
1476352
1013570
711403
771365
166760
800102
1973886
1243451
1893754
1637005
1487119
23701
1180069
1245500
875458
324158
1736821
1026446
1485580
1121068
1601467
546192
870074
1750420
409999
1969893
371645
737501
746185
1341275
668586
798695
1181405
647086
1278088
79847
482676
994965
918694
242109
67559
1392876
853609
1617151
119384
1826104
1769885
609140
943
832213
834540
1810275
999259
630285
1004419
469608
922475
1047355
496407
989364
72479
1473321
1235760
1052448
1007449
83477
1259773
1604065
709629
171319
830678
914871
1279119
855957
1388756
1209322
1095275
245735
1837516
541762
848456
196846
1011201
1835802
328848
1496096
1940934
1410370
599899
1455223
738434
444143
1795233
762481
1274671
156118
735751
920253
1713803
884110
115573
566429
388743
1994934
1536205
1974317
195438
1783481
180094
413897
647843
1637653
840032
1694479
270734
1773638
94692
1999273
1553552
1144667
1118755
1761257
1823455
1028590
1720765
1463611
1273493
443500
1985933
1335163
271129
1136943
1073894
1505368
1721649
1880015
231158
1316081
867685
1452883
436652
248770
151624
1205730
708498
589321
1027690
300918
268927
1335839
1853838
233327
1814454
1108754
1942129
1855928
1967430
43483
718647
1087102
1133472
663264
1550727
518318
106860
1857667
1060426
630749
1553528
1192645
100253
296925
124146
634937
601416
1969393
995752
1984671
1173255
1032216
292172
1052802
380689
465524
617338
1813038
592773
284524
440613
1927186
1824930
1806300
450923
825825
844473
1366577
1540764
877294
145266
1072210
267456
26359
710447
185399
112740
1378831
802732
928224
24792
1397929
1606614
1942110
104497
1920605
1411624
1715932
1866534
399449
1374202
53097
1394016
992754
301276
1102665
1153632
1163956
1393001
1538251
763682
1810507
965173
768104
844625
35027
1271633
1396150
32814
514419
941641
725596
1442294
945245
127198
790250
620841
1034539
860587
1151619
1794381
1566193
1430183
1776602
203020
1355267
626936
1350172
763791
690586
1138693
1307158
515875
604561
775300
911991
1947290
1066393
87380
950229
689722
7279
1413107
111493
1494480
815982
1015314
296174
948218
440977
1673043
1236750
359098
174640
1957212
895299
735918
628122
842874
1395116
1398949
165043
63989
851776
491342
531627
1634070
1355857
1325421
1050104
1665403
1225269
37959
1098313
1786954
1710632
1167707
500926
391019
1131256
1685907
1373834
220114
1788052
1854100
1616971
818466
921393
1656283
1079624
711765
1449503
1192229
1384806
980679
4870
316731
1473755
1441383
1080280
517060
1059504
851237
1356952
66697
1546857
398645
1614037
400067
1006356
532731
1552673
1243796
1735795
971735
974963
193987
615256
996668
1134828
407390
1872923
1851603
1423311
1099423
308965
1369791
1852202
1659130
85356
12704
1813073
1751568
896287
1498721
1489820
68843
902850
388024
1095486
576953
1693702
1209546
1290330
1285430
1816089
1677930
1944781
294613
1005740
15004
232284
1475977
885727
333440
1321213
1635055
575112
418055
1514206
684783
442543
1111342
1885964
1606908
777768
1151225
477501
830149
1955957
526480
1219531
618313
1519595
837966
782956
961693
587953
244088
227757
16467
788473
1547899
1875447
99754
595194
1227937
1863495
792643
1575325
700916
196886
235656
628083
1321360
421691
46514
369093
1969078
843108
114810
1641347
1494113
954490
266152
914863
856591
436171
1483402
144590
1967503
754304
1298240
80157
237631
833580
873895
868720
1395654
1792360
178331
1234784
1224142
1773669
1963721
1105568
972844
864177
938530
100290
153772
1356075
1186362
105277
178229
1350317
341970
1641851
389207
1716153
1493436
426818
1348737
1049068
1161908
580294
1972747
1410752
1044219
1429770
1211658
1488824
1546588
1466310
1828850
1060817
660044
1536460
1196349
1496018
566609
902105
1574080
1921278
80679
1838642
24596
310049
1134530
1257928
801552
1603583
900321
1396473
661534
1060658
993874
992719
748460
1988541
1523934
956457
723450
1534313
1440903
1752058
1174953
710562
744928
1450159
132869
806311
1753200
1790858
334562
700324
1595909
1286110
1649609
889132
1542872
217691
248808
1935683
1994989
1178215
515472
111999
1702464
1962975
757831
24068
809839
1977015
1718239
708347
265598
1433991
1307598
1966268
1402988
178056
472614
1719683
1794406
1410430
1507248
1909795
1288749
114164
1387382
164361
1386260
648473
439354
60064
226010
872250
613873
629663
1909173
617775
641140
121800
1470933
1869298
1926565
977377
817455
524673
1616078
1492454
928040
1606059
1218157
1185839
681145
1560806
839062
347207
1736911
234411
1247040
318861
1094069
1669842
230272
1953755
1237624
1612766
1020838
1207359
961808
47511
562200
704198
564979
959772
279609
872064
528497
1841585
685878
734597
1223669
294279
1512964
141600
484843
1399659
943423
1735375
562864
246573
1572841
651062
610075
791879
720226
1200616
1275317
1709260
1399854
1714923
369389
749165
235149
977496
1591049
252310
932611
332355
1353041
1967383
1681292
1619025
310345
1582283
31786
1634939
309609
1376342
1428708
1772568
746776
160343
789915
1281226
1561754
1415109
1326715
300139
399498
1293746
1686942
533298
1130507
1289322
1267194
1922829
1712649
1871005
947656
1276646
278445
288228
853006
1491802
634465
680155
1859080
157386
1490714
1561304
1571362
1335574
1430284
1503380
1077872
1466651
1985713
702104
1568730
1362329
766689
717134
1565743
1712886
1539647
990590
1482563
390606
867532
1961076
951420
1893026
971025
592041
848512
317492
155963
370791
1208333
201688
1185487
343152
563762
795599
583942
1968522
1553131
9981
504143
435281
1039528
1911905
841186
501855
1009302
875303
1512508
857527
704991
1612181
1533026
1700704
871424
237440
436396
1558533
19638
299517
1264601
1607619
675816
1600806
1757788
1343496
1633384
1169524
733731
1811331
1673953
567593
1502900
729893
688710
1801071
435957
649201
1757284
786121
1231874
221398
63708
983325
10446
1790923
974661
1273259
1521580
11257
399218
518548
140274
598928
1200540
176241
1921030
1231073
1736480
1061689
1636551
1401904
36419
1256680
1208913
306319
857916
1507152
486534
288031
936892
122929
1778195
566864
644976
469917
1725583
506478
1187341
1869463
1040465
966521
69479
1923100
1898643
1231203
325592
787773
1824264
779307
484653
1921631
1667002
1618200
736609
770012
466882
1145957
1447766
258108
1761117
1404246
1715806
318322
93321
1042143
1160280
1244328
1217103
58835
1751624
251043
1924027
1280075
1817226
1537793
1770452
756407
430681
511267
1294618
554723
1795932
501354
1339765
1289034
1789812
607709
1441652
1771705
1106010
678405
1608438
1532515
37274
1430703
694242
262922
1465024
245344
372507
733086
1746598
1497631
707870
1331404
772194
748541
969455
345251
718265
1073594
1933819
434520
1225584
1618609
1749937
1181722
1156627
1942267
1615928
20729
165580
837128
334448
1544424
815030
1539095
689127
205709
179193
1073289
1327452
23503
1823781
1971115
1131344
152685
504003
1488260
1435344
884675
1205112
1867847
1790435
79562
1059995
758068
1612026
1944045
1355309
387970
1146166
1575438
1584156
452105
1775468
1915505
672260
1380274
599330
1230567
126509
1954512
953083
1614912
902156
1450906
457380
1651896
218520
819484
1815253
1998936
848602
596567
1942695
1160993
823907
1463756
625951
321995
1596078
782117
1456453
60983
270814
525062
478474
1787211
1901408
1474782
728391
219100
1219931
248455
1463707
1822782
212287
1770072
123844
983586
1922723
1714819
927909
192201
857855
1571927
1929075
1356903
234964
1622105
1752823
1646717
1271080
1033169
1109344
1517461
1750243
114462
1798191
1694960
1947524
1447943
1881617
582315
1008604
1047462
896725
40150
609712
502900
1840867
912447
1175950
1395969
1383231
877503
1246025
1315122
1496894
1753935
1280931
212168
335390
261683
404728
667717
397016
1992208
1586221
1835423
1992708
1705999
1772460
1880936
1397104
1674260
1490260
1093365
1038761
618185
1760596
609575
1416151
938308
1336200
717590
916170
1295588
1221166
1461890
1200977
743224
1123877
1571701
1295872
828057
1894490
421392
783655
437530
1610896
1272371
728530
78289
1179456
1317657
1621407
728860
617030
1018682
78717
310183
274320
550991
1156502
200805
190852
1531305
1517671
1691286
136176
739248
1965193
1745063
1164813
1908019
360839
643580
777864
12109
554875
1424166
119709
982462
185104
1597262
1464826
1385497
1970081
1952818
580610
146251
1992541
1750327
415646
1334790
1628467
343261
208613
893567
1520767
1629559
59590
529218
561161
441370
794614
1430026
1936773
101722
1031354
678782
114036
329283
529197
792099
1320551
1045331
1799872
1404603
445655
1013867
1162428
231382
1049397
473343
168702
224385
691276
445580
1079648
1857013
1848960
1178234
631686
1198693
776011
661501
12781
1985765
1329722
1024719
372311
286888
1717279
497073
1530362
922827
1689371
1318429
144707
608291
914210
631703
1323833
1322341
705653
88140
1237697
1511803
24960
1940483
1887000
961616
1193162
338726
1162546
823221
1153431
217895
1308258
687575
272514
1287790
332537
684242
596542
87567
139484
1958803
628863
1753960
519379
682020
634112
1414545
1871867
1384415
322581
806427
688560
1962248
1782245
43630
559789
478247
548744
422068
1365891
477830
1808911
1132338
1499408
986255
1435341
155532
964454
687037
1822121
1938336
1114138
1132958
87982
1771279
225435
370094
444578
1491632
828191
962114
245915
721842
473419
876364
1025275
1581012
990263
1988115
1610454
388827
723295
1357356
1661243
582403
1168376
1590199
1119160
239829
1251034
1930979
963422
1163205
1989970
1252982
1802691
552598
142889
1648845
1357982
1094940
2986
1328820
61078
409308
1303069
158213
672660
1698633
325380
474620
847005
1803441
1831321
161319
1091160
1182386
1364211
1432866
1672938
1048342
940245
476534
849522
1333742
1112686
60914
1198947
1520828
96311
1128259
33358
1924253
632770
786693
1000037
959754
464892
282200
41075
363958
1234122
1155232
1246818
300858
565597
21044
1044486
1370449
1514516
1757391
1989107
1578391
1231580
1511189
966017
1095211
107028
1516489
957753
859062
353158
1798753
881907
560433
1592225
29925
294283
1759094
753678
1405696
1124551
306353
454465
1891808
1655482
235985
256842
852184
473694
1567310
764768
617918
1778991
1851529
1176910
373870
1460336
870266
528210
185934
813775
1278235
77687
147098
1255046
1936662
1377964
1410302
514807
130351
1575513
1287314
911344
750023
1507468
518149
1162799
481182
142335
286619
990073
343712
1214239
1814365
741533
572548
1248129
538898
1091549
1559976
46272
1000152
1111809
1080688
1196858
856883
913389
1921001
924604
1943620
1070324
959022
658404
504531
1595136
308705
683761
1432747
482021
1287143
34227
991300
725536
1269103
10500
940168
1641994
1757662
1177403
1524733
1924681
963398
607160
284388
264132
849852
1959408
1275904
1259261
34009
223377
1764994
99721
1753832
385727
1986923
1904880
182759
1435236
381233
1213346
995014
114025
1521546
381760
1784933
1480149
1707521
948438
364471
1256744
1023621
1042438
1928808
429298
781791
1444970
643604
937854
791152
881544
1356078
1806552
1944814
1623176
1479651
237541
686518
821791
1166560
306271
665953
967758
764855
479800
416407
1046981
204186
1469917
1946039
861488
669494
1836004
1873253
1829922
1491514
1435477
185569
1367465
401071
394400
739126
350892
1121309
724742
1237612
1193009
193737
1984970
1408056
868697
1666303
1256402
1844326
1548212
537763
441795
1615526
334278
406134
1147060
834654
587018
1161639
905575
1818114
684815
836213
931717
1757674
1237643
1656738
1998185
609820
158300
981919
990263
824959
632809
1636376
1193876
683491
108677
1177271
922788
410609
589511
1013274
624117
1354054
416851
1842256
1105693
1379152
974855
463977
1329247
542218
207261
1568968
1986461
986175
830339
1318609
1811840
1598592
628149
1627747
1134851
363656
1225925
850423
1487838
1243498
1961528
1439707
1685741
1501127
546042
1979497
204266
1382228
1230201
915380
1334898
1618635
452388
283857
302236
465373
1138661
816606
1994827
1300335
1544728
508778
1893024
62209
11299
135002
1449741
116857
465626
1511658
1500709
95622
348398
1823527
1972217
1807075
408722
553338
1520799
934338
507302
1753425
1555533
112323
1071342
1390698
1784618
399015
735993
1525217
1614066
906267
1930597
60234
227466
1604952
1234622
167435
765134
1720550
1074652
1592672
1117203
144309
1600992
773297
1710815
753175
976327
747771
1136646
559924
215019
1481869
1413623
1694245
1134391
97925
1706113
1862665
1152456
1979418
1481691
214834
461053
660895
1697941
286070
601398
981046
1530564
1592474
884058
1369756
1357444
116690
293107
143330
1995107
1968519
1891824
910258
1364981
1318941
868261
1980122
1294822
1646441
855692
1824963
1780929
1152198
1347824
1742395
554469
1965309
673966
1083558
288849
1916751
1276258
1559172
297034
689051
60178
894763
1353646
1900411
1637895
1295544
460564
870440
1731562
1718530
574139
1157848
685700
736552
456143
800864
182817
851289
608334
1571889
54756
137060
1008478
652824
145680
1168072
320481
1497897
252866
1995586
1510035
466421
842292
222353
772803
1787278
937158
1387802
977798
557032
213124
1567116
358413
238456
1379203
1090542
747100
1772301
733593
1578620
943356
1991089
666299
1903769
1685976
361742
609244
1888672
291319
605593
24899
1944434
671198
1888573
1108600
1792913
1294394
1547347
1055915
267949
1547725
273659
1110315
802682
1654847
156153
1957956
463798
83130
1210431
1022773
777070
612990
3871
1927847
122951
1514319
1514866
1042501
1434914
1514312
1206510
451499
1165931
531214
1859990
1945345
746132
1100928
1974600
1943394
1064665
1728235
1793860
329894
354652
1920842
482526
174986
200493
1121817
1235409
10715
1778063
883073
417161
1513338
1962893
1005311
84215
1253691
1027200
609189
498903
1241403
538465
717470
1372140
1978054
705883
789255
898999
1334205
1014321
797535
435659
1402712
1571691
939974
687866
79084
541199
828599
215974
1752298
1502479
934636
424981
1264719
908520
1219103
649225
1794826
1244563
629120
55212
199626
1816381
1462641
1760812
1567650
586860
814617
232648
1699533
1454293
953435
382798
1235406
1537765
1382708
1311845
1989727
1160810
459709
477483
1691333
69396
810647
1152543
350793
148562
839614
617289
962541
1302440
1298983
1608753
1102988
1267089
347261
1169615
1252424
884710
1961421
1183205
739562
1185922
1890809
1811716
922655
1197087
300807
972190
199020
512241
503133
170853
246346
261224
159634
1309368
660021
562769
416308
1498804
989011
1368471
80869
575315
1331643
250804
1014893
1646744
1527056
981902
287660
401148
1313943
240567
1145311
30512
208832
106553
1489101
1384232
1991310
1402913
1079376
1327924
659759
899160
466118
990550
570586
870278
1285732
286979
1118293
1183341
717053
1141519
1856654
1844844
1406947
1453678
1885375
292298
1008317
1915985
181307
249903
1681476
1615810
932366
1674524
1046746
590584
266926
1319040
1185038
1072984
1087839
464788
1555165
221714
4230
1969254
1297756
1471818
10124
1200058
1690665
1107669
591175
271424
476123
1429369
1090028
326344
497249
1339833
747164
1555375
1778
1989409
168040
347081
390130
524070
1380268
722858
779675
1542885
276770
500432
1319476
623656
1697832
1140024
1132105
433322
846310
2984
211704
283268
615025
666207
736451
301064
1138775
974554
756927
619600
399300
1157682
403379
1305603
1448139
1071671
515030
1502796
1518610
1586110
842848
1596335
276420
972473
90235
985623
403501
1429854
993905
1957833
611245
680500
1046796
1684796
54887
1884510
565346
439452
994344
1863973
265211
310448
1686541
556062
403028
1937437
733580
1740636
518656
1124325
735451
287756
1106128
1300861
640863
661185
1316894
466381
465352
1864307
106292
1667013
120369
1305634
998283
590063
1923502
1018809
275134
1161969
458420
777131
340582
1044998
1683117
412848
572873
1161479
1160546
417154
2132
1362528
1301549
399188
859023
1994706
1883551
724049
300230
643021
165230
249386
879379
199259
222505
1317535
1323360
810744
1539299
640765
1719988
850751
1658699
334087
454389
455453
943595
1957870
1096577
599253
573940
1176770
31652
1265361
59748
472369
208208
1673729
910263
568256
386110
385051
1611159
1135781
1229637
1278291
186932
1977946
890484
1778668
620541
1720383
55812
239679
851935
313004
1822041
1660099
39917
1801836
350515
1874963
423166
1923114
136108
1186592
1999230
1021971
1645065
372019
10082
1044488
63109
828969
840833
1148522
721904
324880
143842
1627212
1472267
657863
1050750
1669770
299407
6438
1043035
1056467
847309
1646442
1156625
1507548
262888
1593326
509976
795779
1152065
1525741
1121788
1281460
174860
825834
219760
1197205
288219
1465699
536426
1234734
475298
808979
1440585
1154374
1649736
807402
1195930
881428
1945562
383780
124381
1923801
876152
183680
1603509
1448689
1740247
439723
1362244
1097830
725168
518769
1431723
775084
1321927
1361017
147451
231441
125248
1548220
1365956
647627
1618886
636789
1725297
1685379
1933009
42025
32945
1390222
1147196
1640730
225538
1894693
1821315
1664146
463491
112265
1313561
990138
1138371
733887
680857
613724
25391
579468
1391783
1990510
1356252
1759404
297762
85071
913974
661562
559867
561180
815307
507064
55199
1247405
223029
758460
615889
266737
174138
826199
463817
182376
1172669
228166
824017
276842
347033
113521
1905109
312677
1824805
604848
342237
1251912
788748
1225029
1815483
1953520
1935449
311226
1380715
273111
210304
224465
1296456
413326
537723
45482
1874763
1542906
1410206
1482291
95951
1524410
412623
81143
1716961
50782
494462
1361499
844196
1142265
315157
1697212
511175
1476387
1779845
373683
810648
1384596
1493804
522681
590284
1945176
378170
1640295
1741080
1267766
383273
381275
48475
118813
1061154
1466957
214757
774466
930999
1131484
1567719
728615
527712
979437
1934447
1945113
1953344
1015925
219799
10823
241813
333559
57887
1038253
1383941
1710801
764369
149907
1084556
1587454
1076445
264196
580832
1769615
73829
850687
239652
932365
594492
1871884
229879
815084
1000034
1052320
87711
952082
280786
1691845
264537
1090855
13643
782629
465595
179296
1141214
92537
1715437
1453544
1372722
1907071
435308
531883
1115190
942464
350993
1687500
594829
1845317
1411742
1202175
1375831
1775144
1362974
165715
112827
999998
1326090
704706
667030
711664
34609
167405
1990280
1712734
1764711
1891438
1992753
1668844
1463571
276170
1480454
185142
1143014
1405187
1196199
517122
363347
1213349
549876
1336094
1689206
1221332
1048922
64582
1108585
204324
714085
1494282
1837699
289476
45629
1536588
1751493
791313
86619
1669457
1410205
435209
1836997
921225
916906
62002
1673514
34562
1060680
218367
1872381
1035046
670172
872849
1371952
1870072
1335242
1443574
911716
1395868
1657086
1791542
687811
1294729
390039
1258466
1274704
1349530
1988907
554014
204893
375904
851640
96503
1239047
955357
1322485
1492098
43806
769927
1323891
382345
1297531
1281760
1022913
1779536
1919072
199700
358866
1619804
758911
1271269
1799642
674656
1646379
1903680
1327726
1383600
1948358
1074499
823491
664424
370850
270393
1308141
797151
1177214
1053647
824995
617632
1907669
1350467
356800
1652642
386073
1605632
1961670
1708103
40606
67951
91762
679579
674150
1950128
44603
1775920
1888903
627414
1165699
1704266
1986435
1297277
58018
1789497
21211
707325
1195425
1327737
1349280
747874
929219
1704494
317715
151000
1589769
311697
1630258
1216158
1070657
1385750
395475
435791
223069
1085395
388132
154428
351177
13631
1410119
1321121
546339
1336959
1617604
1972178
1265798
1522709
1591853
273392
574290
99764
1900634
1488681
7124
248432
102783
1028599
672853
1600326
722587
1927833
1588865
435981
1303103
1317587
1285153
172586
550393
1333089
1752737
1587280
1775023
1796119
506024
462368
1005349
1412874
1422514
1985023
510337
1771517
1407455
600462
891430
1566101
1642087
1323333
1133942
801041
1152277
977780
1217294
1931301
613695
1533862
1724419
316748
532232
576007
1091872
1457968
1101199
1009957
1215788
1840549
1517709
1392829
152892
1960815
1263008
834635
1023086
1739935
730418
1250841
464030
1442150
752215
805264
1435780
1361678
1269161
66197
1803304
1211763
878240
1053141
1213569
1233957
933459
139249
1476534
251386
1576377
1670894
1053040
1964558
1909351
471347
1176609
279981
1984156
1953585
266163
1975493
1286478
503776
1210846
435967
325953
490605
1608842
1489876
1491062
1291643
730143
1941727
868589
611310
1305857
574027
1356636
1635038
1776531
1670720
23842
1028038
462967
12385
775575
644860
1382869
1202345
642592
302017
1379047
1526014
1802451
1260741
1036111
1525610
1010991
1572157
902860
754673
1622423
1777839
126543
423406
168620
569504
846182
762353
1896514
344793
984705
1863926
1745800
515034
793396
1385405
735618
563390
666990
352038
787653
1695244
115979
851683
1479666
1937091
1876505
711867
1641907
1920640
780977
94818
1243430
43585
685430
1985036
1023005
1791785
886143
524756
872317
526426
462545
1320109
803806
1454301
529926
30475
1485669
736536
1551945
452808
830821
830996
878658
1510229
1854375
1240268
463581
1705111
281539
916736
1468432
178958
799339
1069140
1120321
284998
800
1951243
1623379
164101
703794
37351
1093250
1695108
1676743
1934038
1710150
172972
330806
784860
1062955
646335
101379
1654081
768342
1808426
1118488
1735466
19864
1713103
1354035
1367865
729443
83172
1319751
170045
299568
1861569
380426
1470463
1542976
1945482
101312
1991519
1854562
625998
1775900
558639
124512
1313431
178764
992945
160761
858981
518505
598867
187537
936894
63114
1083760
418240
457330
1862614
1417685
444617
1642393
280013
1437552
1004636
1931985
1177269
380898
935567
281539
1542847
1460068
1745548
1072812
553228
1590214
1571279
1319157
183450
1925966
713133
654672
1581547
1152466
246471
1430086
1103002
1035866
1016189
410669
58016
1593782
1442777
1323454
1831025
1845689
1496900
1654595
820198
488035
312970
599358
1071159
615644
1645963
1092867
261185
1745272
971987
939209
1537301
905248
545913
1134054
1907386
1948200
77222
645397
1660863
1627827
685169
138375
1758043
1092741
1271234
677508
476063
292336
424914
776231
255228
1469881
970128
331624
1564313
1881627
244624
467149
1442023
1294531
1277567
461149
354879
991615
1754190
198393
1301875
381891
1319936
1294814
521621
678924
1587908
1742267
1538066
1862277
814615
1384476
1285296
1350072
1132589
693039
112581
327552
1999789
358218
1533044
525459
1373156
119481
950253
1316719
39990
1851284
1803547
1385326
54741
1005167
697308
947714
707669
1519522
1082427
749127
591643
217767
43800
1362576
454643
194141
163759
588841
527631
943424
946858
838983
357803
879283
1973426
1796680
822748
509741
1907483
935083
470875
264160
495439
1945328
863740
1330357
28368
517787
27613
916104
613387
422932
442018
145788
1511121
264281
1742758
1051274
268993
993747
830181
1059857
120138
984475
891739
1526011
43969
813242
1474391
1369122
619685
1820009
1133923
88913
443792
1308635
197966
1154998
1626360
934698
1849635
1124587
111275
1096034
278018
812691
893667
1475308
774127
254125
1757762
1916154
337058
1603829
1786769
1295412
1478156
197194
1172387
374967
173222
361653
1636710
752860
1619624
1988206
992658
645131
1531672
1988882
1428408
1746605
244672
1496350
838519
672359
987430
141157
1723731
1297935
1850448
1060107
886788
702085
471931
1508402
1694201
1235205
1089866
518271
1900605
1831245
1455961
1933071
111544
306171
700749
1725034
1695876
27047
166499
702237
1363027
1294932
897944
409241
685295
1811771
569289
1150635
314591
1451264
661500
890747
180308
1661904
470879
152343
715722
735892
1938080
1169232
64377
1150537
1821494
163735
1394734
21614
66486
537613
380661
840240
856847
1472234
1883530
1217720
335199
222700
1790508
1609544
684719
730919
405956
1462801
261626
249369
1011570
1575047
1284432
1906998
470051
1633926
1531312
1073740
1036236
973641
1232035
22075
166150
1791502
1137745
433741
1259502
1887248
965407
1130625
654093
685794
1567465
166919
949604
1991958
578190
217933
704129
478094
1305720
1893124
133692
484989
1219315
32309
1822328
1864613
958761
986080
248974
61370
749622
770985
1894507
803836
398406
1099592
393537
363114
700166
1572052
1498300
1684662
1434109
140392
181474
1563185
573004
1826089
398015
560747
1503903
469476
1202013
1617278
1654872
1760158
136224
1541959
1942450
1195690
677352
107394
1201451
66475
267449
186684
185925
1273962
1392312
1450257
1686742
175176
52389
1613013
249935
226262
367285
1549015
836684
378597
1858284
1000164
1003829
342497
226617
151388
682121
568304
447739
720518
1905657
38191
1706059
199325
595337
936312
1076192
1649959
1733105
847481
1660277
441691
610222
421055
611808
1611482
617284
34009
541039
1347249
1858020
949074
176742
633266
1064948
1800430
1424180
436926
1474908
519221
1899943
630821
1872912
937216
776534
1986874
955317
1037146
1310148
1060100
800898
1405463
1273461
1269574
1610684
1529390
429263
1613357
778089
969401
412157
1563121
19740
819146
44359
1266045
182600
1546182
1841934
1368811
1426220
1202341
364418
995753
305993
880092
862363
1054733
659547
1793175
1934950
883999
21896
1143638
1871819
1039638
1160033
665427
1528445
1409342
1853851
1707311
1463829
1908661
1582811
1562282
288500
865130
680997
1814772
1808376
1913491
1228487
928612
1702600
887919
1389418
830705
807844
1843143
1933979
1869162
1231624
262539
1608245
1227686
549065
1268974
877941
1072076
1654246
1027860
998489
748764
1784550
1967941
507826
1880946
928327
467388
1472488
261610
1514435
1818350
1767547
719302
870947
1323219
1908864
1204921
430104
1805852
13603
1051888
1056168
232645
230900
1179881
188569
749153
1426368
365288
826011
1796302
1175406
1012306
534700
1008392
715165
759510
150653
1593986
1011907
997644
1944432
927103
1079781
608423
2468
859899
549942
585472
1426067
1937412
278123
1361161
279662
1498357
1775940
271019
212468
1035657
458695
1148698
800404
348131
1928330
1457994
136780
664248
1956978
1248592
841920
249669
788426
610848
1480624
1877897
1716407
1413847
1159699
734407
1957481
595831
1545513
1509496
921934
1302701
554249
1124989
562206
267184
1159542
331261
867214
1360916
739802
1999814
772466
718211
96658
611183
1981958
1331618
1217182
1982193
510938
361857
82222
201349
1466837
1668468
191597
1128686
550905
1826182
1258060
516131
1506553
1810884
203906
471782
659642
1375553
1499545
1827532
429249
176056
168856
1620877
23550
734697
638353
916995
1254957
438773
1940219
1977804
296944
254294
365947
1419863
865324
253200
396595
1376321
907378
1448949
1861732
1305477
1029716
1982716
1128356
1417329
145952
1566892
588683
219298
1551032
326577
91438
537687
127156
1133294
1354231
509683
1631643
616975
9795
178523
293594
250633
622094
787140
1776864
785347
555778
1044371
1083211
314852
1524189
717525
1812418
136831
1467429
925689
1668337
214653
913770
1211820
830417
1589391
516227
217210
1507795
649143
1847023
1303580
1979927
360545
1388271
1110862
751476
1118649
595385
1601454
1422262
712837
407495
1979076
582867
315435
1724844
1105914
1690562
1465908
1722976
47877
91603
1268984
971984
1056208
1832066
494379
1335422
1545723
696033
1180308
1942485
1257680
30497
17251
640698
291677
1608652
474231
1184154
201130
50785
815216
1705392
268002
863283
1393936
1738997
86387
1768998
1026598
907837
487151
230223
1778367
1081480
1597075
1509700
1428932
504558
1855023
697622
277026
1166495
495508
1829430
614611
176862
1007784
186649
968385
1036985
1691836
1719269
34041
548178
562267
28836
383224
659172
324758
183172
191302
1482017
790527
488093
1136027
1272039
1588260
1070423
1317371
127944
1100491
1324903
1943326
286331
489050
92570
1249757
1676298
1821495
1390715
486639
1823199
1657982
1807891
1730678
436148
456968
1986970
335627
1792534
1489233
408200
573768
1437009
120105
1823589
1369433
1948689
716255
76296
1612123
568978
926790
1303635
1492659
1472122
1115490
53225
1990704
911646
1290239
159382
1996781
108444
90998
1771450
1010526
1615916
1844954
1350269
617333
1306134
867281
426247
1192611
1512494
632384
1556746
1344499
266436
108571
939090
933130
465119
1597295
1217151
505898
420594
392097
18551
708389
369837
1900703
1125516
1456067
795080
1884569
230976
209488
1171513
388816
1650498
1333020
1787074
1999082
1441436
1750450
215817
1724244
430637
1424742
1512245
105352
1567924
1333438
1689336
1423533
578538
1774904
1063332
1741995
708362
880158
977241
132835
1434955
811351
1250866
1737319
1730245
1997539
186305
109501
906110
426391
820644
1056077
1699758
921622
92881
1480747
1239560
1770857
1603609
1055749
1396882
587605
676794
1641999
1157799
1340507
129457
1899466
596356
571450
409517
724780
285943
1168455
1538963
1883214
1603618
1186677
1269501
1738294
1434789
351511
522965
541960
1472198
373250
1499103
237333
1912960
1922439
659061
1812196
505370
1904600
208745
1652814
970850
1261391
1469420
1682620
1581633
1385941
1955577
951820
1879999
856110
1302293
1826939
1864757
1177014
584169
1930862
1977301
425299
198606
31312
1086733
1250860
1543958
396321
534979
477949
576965
1000446
490649
1067987
1959273
1962330
386340
961891
1127633
1630508
82786
1650996
277912
919914
131125
994069
1981742
1812128
1590699
743317
490531
1454494
479157
1158436
1107950
931399
849813
1824336
781462
17682
38954
1394278
924488
1842148
990778
424823
1470105
907042
1920924
495162
1671278
145743
277046
923549
226139
752952
227801
1964448
583928
421148
1268455
1395944
491991
1627436
662080
1271030
649678
250763
50060
499436
189648
1468045
1741704
458484
877383
1889054
1248185
1881380
1819268
402101
1047911
1364669
391822
370712
795136
878084
955702
1680885
304386
793406
77501
752612
825695
326043
867175
298266
366327
1557878
1530374
1931465
745324
1922637
204626
1409614
315702
1950603
1398481
1418762
791698
1273048
1515939
343250
1609946
605103
765951
1020465
99150
698463
1065492
761709
1471612
104760
631387
187406
1360782
87956
1921604
90775
1148188
609127
199785
1709711
1229012
1015718
1837346
993468
41588
1307436
499929
1646525
175569
1976638
713276
246392
312424
1187802
1220711
442833
167591
1030294
717773
1535148
1947013
810305
39061
1119181
688607
937740
916161
1677536
1063699
984093
1417539
1638123
562593
1362335
1083328
1649510
981502
1315115
847285
1422373
19739
1434912
959041
672360
1252992
616077
761098
188455
1557558
903316
1121318
701250
612128
1929330
570181
1674297
333626
1375634
138215
1859932
612500
488143
826566
1350437
1026236
804300
771830
1925914
759127
848787
447986
973407
1309766
1831562
284517
372059
1416191
1554913
1896909
1387870
1376023
1277675
1969670
1077081
1192546
903739
670854
1560925
837566
1566223
964630
107592
1641949
1992671
1986894
915146
873144
1055877
1152069
432039
1198996
1085365
1357439
269021
1834802
907658
1852243
1050432
1887633
707880
8969
1114988
389698
46116
141107
402905
239401
1286024
405678
1199069
1494861
1003738
902662
463937
594338
1445829
283781
1949504
433125
1943847
741620
1838296
1633883
178160
213328
1342587
679776
886195
143200
783186
738780
991305
1149353
1698493
1068108
1650623
738256
682486
394785
1394166
1794605
1346980
974315
649678
31527
1940933
1925824
129882
1755555
603110
519683
1209722
151580
1270604
1900429
1983314
1452595
1364954
1779856
1674188
817210
1966638
1437479
1661003
1991007
904319
1822630
497647
941572
1325403
1517579
272580
1624190
1856592
686159
1298990
522756
1125579
1015367
948260
946585
1877083
266310
1373121
513370
951794
322617
1716362
1730262
634226
1007347
1846202
796268
845435
341286
1135279
1454369
1828984
390309
1264566
1461290
754008
1035748
4393
530950
1129007
681478
240131
868558
214724
1067038
1888520
621577
1041529
756105
866506
1060487
103975
1584555
1734471
290476
278873
898882
181563
24608
410282
1941358
1843078
1360352
803397
840108
1771406
1238731
1585069
958116
1005726
1727427
717086
766100
1970879
1888202
22183
1207231
1188342
1489154
92281
251117
245300
329317
27200
778942
1251281
802982
725884
712094
865260
1839462
1682818
667447
678159
362963
464129
1704339
1632304
582479
98332
1058614
1832395
1692733
271324
1317154
265520
1949882
1071093
1654382
1943586
378738
271198
439656
1852455
1084598
1128830
1390584
634419
1673101
176611
677592
304326
355137
990462
873519
1662260
1429807
1418649
1291416
1008470
1931788
911043
443099
1526436
1394449
461525
977035
599338
212024
729283
1550498
940259
1240223
33434
538441
1179571
1549183
370109
712377
1042003
674866
1203266
1858969
1732292
62405
773882
357042
1836276
609471
514082
222504
794849
1808585
604471
1755372
1406886
1304970
1073833
1648116
313210
1922783
761331
879872
1281665
576712
1150981
1275054
354622
973541
1894034
639202
1078543
1678288
1385109
747830
1267974
270275
260128
691090
1973087
1935866
1952404
7973
205460
1284086
504694
1843009
274036
1450942
404108
1385281
721336
1726079
1253425
286518
225128
1556506
876910
1867234
684664
1227125
485476
502742
1619198
757965
481334
1047415
1985637
1130889
129683
805616
1742674
1784721
1171800
1817398
1781628
1701874
220348
687166
503047
953643
530507
1165175
1738529
1132623
291495
1301738
224251
1664963
970550
87351
711653
1361290
981200
133645
786728
1674071
1876753
1809184
556439
107100
814104
744682
1691852
380637
1912989
177922
108862
772375
1448465
975228
72902
1048012
739523
522911
522021
465407
882015
1041109
1127778
536190
1774310
1455421
66233
1130013
1024841
778819
1961509
650120
1594882
238404
1462460
1881378
1041367
483058
1263814
558389
1720219
1501358
691213
77171
135486
636848
1083781
172676
475320
1439025
186177
1050081
689240
1645777
1157541
1023896
826416
283747
1091507
1061887
1398138
954205
1616810
1241351
644951
1155379
1776252
1112564
1625765
870127
916238
1275180
513455
154030
1294018
309726
891823
1778199
506438
1682511
540289
614828
1089870
1506901
822824
32412
306185
821545
212974
934683
787845
1959622
219702
1061317
1668609
522577
250195
394961
1584889
1635597
1668928
1260220
9662
331319
161135
1300926
213518
359941
857111
515681
114870
1033877
1538722
383559
1187845
430152
1972059
702203
118720
1337863
1600947
188339
727543
1256149
1928858
1975082
1171413
1474110
1765963
18904
819362
141453
955285
1210570
447764
555137
1499587
826134
449700
1894085
88709
36904
1130438
1516522
1809137
1660924
773356
1099900
1265006
239690
108517
1900762
206710
431552
254502
1881959
1583874
1479042
1293624
1794034
746190
650920
478882
891498
12609
192099
1746108
836960
79538
33955
1803240
651759
52693
219518
127687
1395572
253711
1332026
1337552
366353
1412726
887254
1272379
471180
1228906
1124749
1952568
930476
56248
1056266
1692943
1940254
1073574
788394
103616
1111033
865375
501429
1812302
1036003
1130393
677581
1281898
1104343
1878598
1623896
840696
1552118
546124
80571
1761878
1929988
1469260
1262681
1673808
1060034
1854766
838689
132757
317617
1232342
508407
398793
1463312
6935
1004729
1697534
182809
233204
1379036
260347
552639
1656138
35031
123930
514789
448431
1249622
1189624
1055420
1009066
1730878
1382780
1266205
1470055
429989
537768
1719311
1851758
321655
1734050
1369809
674232
1221625
1683721
1093248
312936
1402340
1350744
430237
1127586
141823
315649
1513121
635396
1794281
297967
542659
1893322
645207
1656265
633952
686161
458636
1676287
1687273
202112
1695859
374136
1629779
1803801
369663
704833
1392395
345545
33606
847931
1376428
830781
1789876
555775
1745084
892075
347699
1557618
566260
211690
937553
1276957
1270499
598222
1377798
1276537
1273780
785867
741785
1146863
246217
1405881
415517
184123
764370
877052
1988581
728477
878749
483804
372336
1583092
890757
386175
1227585
1299964
1735477
1763687
1288758
1544505
162820
1779715
249087
596114
1478313
203891
1839756
733835
242526
1342167
305193
750681
140576
613460
692277
94674
1279899
1053411
558375
1663614
892818
1403951
25427
1304261
490750
614988
1523531
1307564
1500015
1693332
1860494
1314953
923326
66080
601596
1378849
1010211
1487761
1080650
1018799
981276
1909866
698038
1133621
1555618
729563
227917
1867825
1904246
138509
495844
1783888
534221
393816
314678
1212168
956270
1564054
569139
860077
1043904
1695049
1857434
513945
1696377
1352601
1618033
325612
522940
1390719
1478533
1186327
126415
511587
1041229
824010
1624191
1206443
203977
462632
736003
804536
888316
150664
781864
1340230
638234
1589847
1592271
1687618
240153
122824
849521
1697450
110062
1268387
1907590
1856993
36934
1778588
1155234
161649
591349
1061479
1679528
1889723
1053556
535996
1178071
706044
1956971
1690175
1241128
826028
67728
1439983
497395
1373414
1968719
1565759
447012
469025
1527725
1492300
292952
644275
1961619
359854
338513
369004
1035713
901308
1534452
1130718
1900247
880015
106820
1466512
1399974
1932155
1514009
1943147
180661
1876876
2101
1747815
792287
79070
633585
1283428
978633
1127073
1804160
1476810
941892
650414
1435964
552752
1826831
1677277
1345182
1573717
372827
1881636
1454132
706905
1456085
1806594
41631
1090664
732514
1576171
1796474
862477
596860
963199
291770
389132
124578
875038
474648
278781
1638606
160237
817619
1004100
700652
1979481
1419142
1496737
1723590
871123
586812
1574460
585528
493362
188682
1725670
1003243
527329
1703418
251171
441612
948505
917615
444715
308723
122030
393957
664443
910840
116558
1486749
513498
281217
1748618
1913816
900973
1382308
266004
1951021
178791
1069419
1384010
1584153
1254808
1201346
1843453
1971962
610960
269891
1063328
1037417
654588
1943636
373085
1724073
1289184
52383
497296
216407
1922858
325764
904580
739117
518420
316671
1875662
109403
1206846
1254003
569555
449070
1738573
1099462
550730
1593428
205174
320472
84514
361824
1634447
1322987
947208
1865950
41930
976710
380295
972778
995528
479189
1027584
1524487
1083583
1804594
1520126
990606
1589296
1545968
1120834
1192428
894687
1817296
231221
451515
1745202
621648
1742349
765054
1587307
1998006
554613
631019
504700
1796488
808248
744034
832875
131836
409020
374102
1316269
1363745
378802
1753697
567972
1687985
1209675
114877
773907
634183
1253645
282423
1860721
1285539
1766805
1207642
203781
1102199
1428150
1135275
1325491
562493
940045
1910120
1718685
933647
1200454
145382
1027090
17351
1366980
1766363
1736661
1157405
1755034
336771
376792
55162
980470
23145
1048888
419075
1418098
409947
1391030
537174
1357833
1384272
1966507
232377
35646
866867
562526
817751
920916
776268
675850
504535
335584
1683972
236301
1524065
1032473
1006374
878087
996840
782046
511250
739046
728249
13071
114186
508692
1969408
1426438
63455
334030
1299350
1982417
1984409
709996
12794
561229
606756
1430971
681105
13196
256873
1175625
1236283
720651
1156670
749690
1209058
1401037
1087264
570217
1459624
519616
856666
1688449
1810475
768603
1998946
256096
1630736
1161499
899305
16494
1793883
1703812
1434280
339042
1033379
1416778
1334015
1614834
903444
543103
1858392
1761314
1359529
235425
1297435
1473689
1165777
200827
232197
474913
316351
478085
805645
207294
1420639
1623918
413183
735184
1758371
1150622
1200498
541126
611851
1929340
308481
1483284
1682614
876525
1439731
1323957
1454389
1689025
1618620
1111372
365428
1105923
1488470
973576
421208
242041
1184213
1567960
1789884
1014420
319767
991328
1929207
339779
476051
1487544
1653751
1084432
832191
1219131
278499
1534037
732231
796569
1043680
1308672
210138
1604497
1313946
1721706
1131730
335389
365695
1299247
778939
406618
1086186
571267
1330791
236467
1893566
1944867
886439
1703
169838
233069
326271
1969504
1342792
1626131
1673837
1582731
1104491
1323520
1194967
70027
1161303
1765034
446736
942357
705412
1668857
472168
161966
313569
204585
235065
632683
1477858
737073
658970
1701272
567934
1934864
1448652
1092255
1191887
1602841
155414
1929336
1317557
1780275
1837554
1857632
1873171
1266580
1614469
1904604
1405890
665074
43676
54282
1411747
1473704
925153
291111
1967861
830425
1085538
678834
289745
1527068
937734
320079
1518852
1613162
1768406
375264
1882940
101614
1402536
1569527
142387
1297874
731627
1768508
497544
439225
1233636
955795
1107823
1274861
936927
713943
419057
1486427
1255842
1060796
389688
1635675
681479
1765819
1074646
590322
785645
1400264
550387
843317
1983767
1245243
1663053
47688
1151660
1619335
1996630
1342594
1249316
1049613
442542
1357369
1494027
1946167
1478204
841528
1339019
1046563
560975
897173
901730
1820697
134617
389030
8785
1719655
1522913
1196615
437968
1753728
392080
1896281
1245471
1473658
84048
105752
493102
1190210
453221
64290
1191908
577029
907305
1390597
1576278
1997382
385483
1314566
195614
901484
1480117
461287
104439
1190036
653144
1925575
401685
28590
741343
235102
200305
379433
1433790
1180717
1013741
1419971
1996234
499757
1986936
1423122
502150
1103160
722702
1679770
521702
1964394
627971
1894408
87725
490323
1832699
1704618
81517
636279
1478628
766801
981091
1438487
1422445
569209
364028
457500
1564531
1374627
1356433
117434
1844947
1407438
1097015
1106018
959
1007000
280958
180995
1439436
1925750
1156440
1594692
1582330
1894254
818815
1988055
1043128
644463
229726
1874759
848963
188254
1075126
1103420
1977549
272731
210643
141989
844751
1808043
1005985
301328
1400897
1818537
1137417
156254
1919089
1170714
251703
1027555
1365421
1260821
1954330
1880281
1420928
105654
253096
1058107
1238625
1531845
1911627
1392591
1567054
1852535
228324
912321
1349420
1803811
1043564
363666
1988838
1390459
3858
1924
705018
1525792
1773571
400731
1715842
672219
1036256
1148075
361661
1209077
1511658
1945795
1407477
661748
1919907
1518802
740476
1570524
1365051
279176
1795651
768915
1487872
1164554
626746
1565790
1007924
1564607
6952
1820982
1264366
1085796
183868
1303039
1209677
1828584
1438119
1286606
378794
1513645
1143407
248730
1046444
664362
1226183
167652
1963601
1350716
1571880
804239
665047
1881651
219301
1801013
1270964
24437
836056
777781
242685
262926
1959316
340485
1270209
1212863
678646
626299
833668
1542453
947968
1966930
1824561
263814
1495350
764347
1981267
1304834
522086
1038995
1595805
901422
891820
1600225
749366
1687607
1319926
1811590
1822599
306987
456905
90172
1945067
830030
1576015
1091901
1256601
239956
1163079
1836288
1890014
1660719
794497
1189118
688887
324291
216314
890452
898391
1722807
1566493
925689
804595
669891
158359
469363
1349446
903211
1349917
1954589
1070113
412360
228427
357761
1854343
1414069
1433562
1079084
244049
1585192
522256
137763
999424
1033619
1998777
148992
1219210
1853967
1561010
1685550
1611905
65717
1555354
475714
715016
35122
850114
512945
1050155
455771
230900
1302038
1315206
635506
866033
1455354
719509
1532070
914446
678312
1897993
22551
1122848
1515790
1425046
142724
85000
687641
472444
68194
580893
1862478
454193
288423
293444
1935614
1256740
1128594
633744
477846
97432
1523528
1080012
1884593
47929
722600
1155284
293632
1322028
73487
781161
1610841
369209
226184
758860
1061037
1893301
211494
662200
446543
738818
595593
583751
752182
228173
1248272
1024548
1859819
1613708
1428312
302557
531094
379908
38152
1692261
445495
947424
1619627
67262
1033571
1416069
1298328
474748
1515071
486060
1276835
416990
1306522
801739
1123069
1128529
300369
567339
1317103
1362031
1869897
1719561
1623188
824664
928469
1237153
233243
28909
1236572
1623068
308934
884966
115957
1573995
1934218
228815
977534
1350843
615199
882967
1416090
910770
1606361
757154
1516666
359760
1297669
1130816
842299
1630013
938541
1559745
236701
674502
1939201
1890610
1345612
1274847
64278
1807623
1158718
282389
759781
160282
1836751
725756
1847308
673543
932042
103779
737211
976693
668703
1926537
1164673
833567
1321474
1579456
1215602
1710861
1169885
186487
1250724
117888
1275163
1476279
1553367
527045
170758
405995
1542208
312678
1157380
1200725
883622
1871559
934211
684081
1158735
1766576
424199
1869029
1502767
1274765
1722842
1689847
1531336
343067
287611
1482142
876672
1690481
760611
653190
1751055
1831120
1950014
90361
453043
1699800
659015
1689662
1760912
1617975
839831
182733
1181884
1247773
394897
955660
52377
867035
373509
1694513
1524023
208363
1445407
238813
1008349
1279105
6951
90897
1787012
1151884
1752609
577617
925563
760277
759643
1673779
835880
446263
242021
404601
1707820
1648237
1741830
408570
103357
1038775
32334
1118366
1419776
91307
1323459
1461445
1320052
824252
1253107
1956289
6308
1023253
754919
877091
405499
796188
1954779
1817902
60621
1206470
1057004
1141641
611367
527049
1088275
318130
1478550
1331017
214432
1216046
467152
1496686
284191
493550
417527
456826
534068
790183
1638895
689557
1266077
386176
1896525
1388183
1741891
132600
1891624
751032
1500888
767460
1160220
1150670
764854
1928455
831381
874608
147657
281352
78044
1394468
1800647
1540253
34625
1603793
1844738
1686473
1467683
54421
1427309
1074432
844819
1645362
29461
185290
914754
1499786
1469601
1412631
767326
1056655
1559094
128468
1557321
1149800
1160152
1357985
329692
831059
1631599
1838855
1083943
1456994
1750296
1566952
930395
1121770
249190
873699
1938509
566741
577114
1079957
545936
1982163
104930
649521
1265682
1982859
939115
1638243
5442
85307
706522
1119382
1421264
1569970
1632998
539445
1510819
1866741
566193
378766
539182
654002
1369045
1510580
138404
1747231
975
649936
106261
1194733
1955745
1119351
295138
985284
1924569
1933740
1479850
1819483
1212461
408906
1762429
1945309
555295
1291816
1829557
283443
1580982
1098421
464514
1141931
1914585
1566708
1650596
716545
1319166
31309
1144485
117762
731893
1947735
754044
666849
1874082
128358
1634728
1967807
895367
1910160
766159
1592178
1561450
750101
1175651
1198244
411529
1840189
454803
384608
558182
551156
1533773
744590
1833461
206325
798078
27971
1263249
1898212
416656
1915692
216862
1427854
153789
1598674
443993
960512
1095069
976862
846550
237419
1316923
1570215
160118
696740
1424590
924914
1160942
505737
1045342
1958539
134625
118608
6433
705031
1999832
1302725
1685469
655992
1807036
254023
1069922
1959454
1037292
1388496
1230563
233830
516215
1169409
756538
1172927
1660213
1446558
557337
1881566
1916567
1707724
324780
1693337
9419
1100418
1797702
1240839
592993
1076129
1924688
51484
735984
813439
1949388
1728187
1611795
1362745
741794
174452
1797979
1773229
1999418
1858763
1975046
534835
1605824
874790
64839
318592
1895270
63364
1119496
587856
162400
1256460
1872780
506574
1667726
720493
441079
232078
691033
472242
384132
250926
694915
1181073
552967
24435
57900
994270
1929388
1760619
1969066
1956957
1837195
631016
581509
1018100
1671439
1335058
673479
917089
573797
1025625
1919380
1109111
1759801
769831
288530
848427
441770
335067
111232
1307983
461881
544350
302506
457629
1928243
285736
105137
1348278
1089493
941634
821585
669530
450850
853767
552243
1122275
1391968
135377
535666
1290075
1043311
1654336
913186
1171890
1183086
1224062
893317
1297220
836273
85130
260373
1983945
1302482
71980
598870
1883125
1432709
1100150
1415269
474072
1040421
930316
1882638
1354537
180093
1027794
1247152
1899494
1225495
1475793
1972042
1849213
1197527
63754
619458
243865
1627439
403344
542098
1214067
357182
1901710
852430
897576
186345
66821
1899321
907220
577728
302148
1235231
527
1541370
898554
1969967
1364363
1472401
1454285
1087311
1234535
569917
1346766
1013253
1500907
807706
1457423
1701897
1799324
176630
1539253
133856
101153
306166
1533327
1246167
1641904
729915
252051
26198
1856091
774585
1721389
547002
1865102
1378902
1894056
944315
1170207
1728031
191120
1386271
1294148
1442386
1452588
1439579
1211058
558515
1535284
1206829
652269
116432
1811856
1948991
1065675
1327391
950166
1145780
73838
1192997
339591
648780
407582
889738
40586
851252
208517
1767965
1766233
306656
1661956
673074
1249061
187632
86685
924996
1610487
669959
365129
109145
1859772
22291
9886
755812
1947973
1251771
571593
1496120
303583
680760
47255
1497709
508805
1690513
1049399
1746934
1850464
1779673
471464
516174
1879934
1720621
1170712
1364764
523497
1515513
787834
264046
1515463
1322511
729653
734169
761764
1652635
1551751
386434
563599
587879
368112
925884
1223500
902953
281172
838727
1713324
1220595
1915110
1200090
1899741
429204
387787
941827
1741693
384115
1612102
1724380
389240
1764030
950419
1411411
1281905
1829925
1698608
1762011
232004
1646400
1217571
518729
667015
1635550
529518
777588
1019534
1858700
266181
1325112
13522
562685
887749
1473163
718158
1882125
1730246
81130
170561
881349
1641573
1884804
244790
1484329
1232052
1585060
297221
36347
223340
1730479
703815
181288
1582338
1340809
906556
911566
410187
988331
1899658
794607
1358292
1296202
1407439
1958412
187511
108735
1238519
1569264
1637743
1351820
1323139
749138
924535
1476948
787708
1483839
1096799
1034331
107416
350299
359767
1752023
275326
1591172
1215603
1570883
1257017
1526759
698338
368756
615423
1814852
1078803
1373221
1094203
1480872
1847687
1329805
665333
1369396
1273515
1201435
316226
1023724
650609
591259
1714416
1863734
1295856
1931602
1929287
453668
919173
913142
1116054
335383
247579
1813098
1040720
733284
400809
1412305
264740
1690734
1258326
369759
1575700
774164
732300
189005
810028
631816
765140
1642639
1674054
1353444
227158
33854
1520309
870911
943776
93913
1847324
1230077
1010171
1070516
113627
655488
1722910
637003
597019
216555
606565
446704
426352
293296
1945939
1624145
430563
1689974
671502
393519
1226483
1705822
1497238
356083
1716725
1200335
1042625
479789
1922423
1150042
1142976
1402739
1381144
705546
483560
24392
1923155
1819883
1623155
1588525
1047975
735284
625218
648819
992055
1883235
763618
251726
2615
231944
1892989
334578
275703
1847168
711416
1973287
43342
618431
1014912
1734425
726703
1590199
592893
1880840
1889091
1171405
937348
1195905
956580
1794965
1875621
1929681
1754787
1985514
252630
302794
1048982
153412
1117515
568705
1896923
1200534
1985264
96787
1018424
1785588
87131
1805711
639447
276741
326936
653720
84828
659617
88001
146009
48916
431083
224177
1644730
1425206
284420
1981876
1812485
417653
1445835
1096712
108005
980399
1256564
1312996
491787
585610
1507923
1875814
909945
870007
388083
628802
452542
1506742
1333268
1385929
1190932
198807
1665623
1277797
1509905
146923
898537
1337675
851664
1739577
597930
283471
1704281
1964138
1172062
92638
960275
1228073
1257749
1278376
497323
1735003
1789421
1476698
1422897
1705846
503636
1315891
442611
865591
1973280
947372
1491494
1426887
1835489
1153614
1841281
1298122
333228
732570
1440303
219370
1794700
413558
1104288
907135
1010048
1736125
1466636
569130
1955268
1334478
604795
415460
1493683
1671396
696207
667589
1386037
1971381
141435
991760
1374187
835156
1523463
1444833
1821930
1958074
1457288
1652358
1072980
1409302
1328185
333380
1985889
952845
234823
743408
1966062
1199924
320384
962296
645778
269659
841314
215438
1176417
744406
1544166
1679052
928035
1798747
1204455
565586
163649
36541
1475806
674275
1161710
872015
1345327
662868
1736348
969014
745023
1901915
1401787
1350245
1892156
1944712
909695
1075313
1334850
1995765
1344705
501507
928925
808566
1997434
237575
1410560
710646
1847690
154119
377231
22518
1467109
1643226
831366
518579
523612
786979
1031344
1727879
111288
167258
91487
461773
1511042
1733307
135275
573256
925862
1793959
972910
1505107
1243077
609823
1833179
924301
190692
1900306
377337
144219
1457654
1855550
1762233
486635
1667273
283652
1786731
150664
367714
1900573
319263
988471
833795
368994
1872831
621832
1458546
1984430
548932
1452068
1229164
541159
435928
1985156
1271608
1665301
946113
1083284
516280
931421
1644894
131560
340584
1386950
1485734
1924890
1379088
1218718
460204
1642614
683963
1602103
281198
551765
84935
730213
670025
44299
390226
472745
616299
1972822
1363572
1564282
1579818
902606
799021
1073802
1669007
1952297
989805
1904461
651967
1259548
1343194
102925
1534988
973854
1393798
1083306
1208056
1464240
171201
1077444
1302238
1680746
779987
327110
1335426
600987
1316532
1622248
1694375
1202377
1096026
848505
1722764
1994525
981084
1065777
1718349
1929060
1271731
1814175
101443
1923203
1994193
1937477
687198
652013
1219775
1607792
504056
1149602
900610
925413
1111355
768404
19130
988209
775144
1889437
1855662
490423
1513772
1537633
719326
486379
1444072
1287816
344729
1082143
1596927
829664
1830037
1659163
1849697
607057
972356
1299618
1912484
732085
1569688
1785328
1351660
381103
1674924
542435
474276
345898
1427504
1002674
921525
1392120
1780077
936045
463443
950762
678461
613623
1806934
1031943
1575730
1648607
1732702
325742
363550
620307
1585777
230477
1231473
1150037
1680578
1780030
119394
631321
1262938
447641
494560
1000641
250674
1660612
239010
507377
1951766
827562
889704
27537
1726728
146894
932406
1327887
229580
860456
1032697
1092000
628156
1382427
332677
309458
940092
1965187
996715
419864
1696965
1179287
1955255
195018
408132
1155426
509081
1301937
848837
1271251
1798581
212771
179393
568025
866248
23668
1127905
1018560
866384
2546
1035025
119242
1427398
1702230
82570
2301
1584186
701191
1182846
1545665
1943485
804108
1158845
912237
93174
1801430
1836135
350716
944593
1169884
124803
399592
1282472
249241
636173
285010
861922
424948
830137
1280280
748809
1558858
829052
1704972
106623
1035504
933981
1455995
115705
217785
104646
1234187
1273742
495305
842070
15028
394634
1349836
427300
1795498
725436
745982
1744314
342138
477354
997272
688316
268487
1788882
894407
933723
1001324
1889839
1277596
350423
580574
146641
392494
958467
808100
552331
855307
835346
946777
250189
1237058
1609148
1926750
1058298
921500
1836618
869703
1504346
631339
1753980
562766
134878
11998
1433127
1112464
107357
1948326
630909
68859
1483326
1765763
1928933
1919246
864575
1586926
905688
129495
211442
451796
369502
985666
807931
1094478
1723184
98786
752337
1499359
436091
708821
328140
602857
680077
474766
329433
1645777
1424235
983133
1269775
1805572
544817
244528
504074
1204092
1994570
1636042
174752
1417479
555782
559328
1138121
1764566
1796666
1233838
1822570
1146356
380531
867580
430421
299597
820481
24887
4305
1325480
840732
1966578
1276948
1345619
1310200
257932
1672309
1205478
105573
1970275
366794
1473881
1095351
535088
1612162
438058
1363360
113718
704979
793785
243678
1132124
1115598
345739
1590257
1560588
1414261
1236222
1280069
1155074
771015
402538
1473882
506858
6369
867693
1762685
794423
1596436
598178
665604
1206607
1946801
1898088
1922935
760636
1805900
1321285
968222
1780889
1337880
3021
39908
1951351
592846
53414
974787
462778
527747
839370
383666
1969155
137937
1038825
833469
878789
239801
89456
1862324
1396241
227880
1990921
490000
694682
806989
1934286
1302365
1127029
622998
371611
1169660
1384475
1670330
766730
602906
1172588
28390
142616
197151
1567722
515873
8846
817049
290889
321619
300032
923466
1949717
1080030
1924810
419992
511455
749197
885626
204666
78243
1219928
63904
580798
1369836
347468
1974273
1110825
880831
972647
136607
100286
1743613
1804731
296546
615183
947613
1570785
1092532
1088139
1458119
1101190
1995111
893670
999721
1865560
1381935
276115
1875178
1907298
753500
1739574
327840
1836493
1613743
1288606
454004
644136
354949
492522
459707
131635
539082
1639071
677478
1391763
967959
1701635
25815
1706798
1353673
954793
1076703
575184
1451528
1658329
181896
974638
1039016
1369511
142581
379005
1090581
1557910
1603260
769503
852793
1672927
1907439
936192
1610904
223328
699371
1215134
1392068
1605002
329311
392881
262828
993181
1359178
1988342
628906
719559
1381486
279580
1078840
1805811
706709
1441612
32597
355661
995258
1824433
1815472
810626
78627
281021
1347161
1373222
1947564
1704144
1565215
1047668
210766
715109
1223775
1515052
1003491
404547
764483
1837335
1029159
1635428
1491130
290392
880011
841391
1791336
1802877
231615
1169181
1544599
724973
704507
1324878
820669
1393926
1921237
1999543
59811
1293777
519224
1192289
1477308
273126
421236
162153
473031
1282301
29693
133627
831045
991565
542090
1099659
477569
1232100
835137
555499
110595
1188566
1864217
611814
586247
1604718
161148
286228
1147080
257309
220960
821944
587851
1390451
1787512
1668400
1880770
1914778
775539
1117984
1744647
1562001
1354149
325837
1021195
1685934
140590
420875
1647665
354915
1650564
809746
1993334
1203499
785668
41492
318619
379146
1261733
833818
332211
985902
1243543
1226008
1897282
633087
1279810
500886
32830
442038
220070
1615879
1950479
580797
317879
326995
1858485
278600
331601
1162990
194087
1268293
1470630
741822
103423
19070
560441
139032
958026
845334
639552
1987689
1526048
1174808
94126
1049203
251431
1705736
870993
1681020
420837
363863
1917015
1474928
948498
1607945
423623
553714
404916
1859674
1709680
1391074
253251
1764398
1522345
506234
1068900
218707
342034
504795
602430
960020
1033028
607252
1154783
799967
1104240
626870
776366
737281
636972
1778331
254551
7414
248396
1604292
1405932
413408
1141819
1030438
1903333
1222704
471898
1616452
199597
1564050
175630
1553683
1056754
1478795
271724
1424853
1253263
1648948
298559
26289
220739
237166
1772159
834908
14342
428161
1157902
981142
875917
1559851
547462
1930161
1413031
1113107
1959539
1068415
1662041
863043
890013
674002
1975183
1104418
1967879
1734379
1041660
1129855
1188276
884703
596459
741363
153922
1435245
579423
745199
14998
1694076
674067
1841103
537943
769468
891852
1598006
1624181
1027549
255487
912854
1403636
1813244
826401
1815417
711132
480352
232775
549352
1812744
760854
127757
462889
1088152
666977
874594
899553
851945
1187427
444762
1922359
965667
410668
725233
518798
562690
1622754
485545
263433
180057
743976
1467136
908769
944642
314904
428251
591881
1448036
1949244
1688716
1275328
527704
1905345
890921
635777
261540
1487980
1906932
1587202
337233
1987292
1654335
272367
1177146
1568896
772103
1782176
1394955
234164
145223
56524
1709809
1392924
1869860
819387
72459
492166
1169791
884466
1505127
1399912
1415416
306131
666844
195055
546166
638230
239232
424675
307452
1370173
960253
1270931
479751
194654
998161
1308852
1825610
1846735
1059928
739490
712287
766910
1307394
239506
1899641
641778
892605
42174
256116
1739352
1312381
850950
627660
1204799
1929311
1917722
1183990
107519
1644229
597225
623070
1615998
27549
435768
911803
24297
642622
1438867
1545808
1403192
1581453
1178921
1154771
1577875
728374
187519
1374745
531075
462448
430602
314533
1566363
1673161
1317264
31799
160231
1662228
879329
1900689
1184288
1734152
232154
673537
278726
833793
1475724
399366
1567456
524626
408186
187018
860948
188449
984914
977925
848511
1511842
1957739
810497
1712907
509630
833869
1349174
1844139
96159
369908
1537218
1049885
9886
1739899
370969
1916529
998843
404790
443818
536278
708488
932603
1231731
372754
1113810
915533
871230
1428136
798643
561667
1660168
1647325
1165815
258008
1175337
68258
977640
1930920
1493649
818659
1251009
809844
1439674
793602
1280679
538360
1646634
182152
1090911
554616
1945661
75886
1976673
352270
877061
484262
926780
1464666
1309127
1530400
1415322
774845
644346
359634
1067233
1482654
103069
1185816
1886923
1498361
847904
1016152
522875
1148458
1106227
1190830
1435529
1972242
275940
1037497
404370
1007519
1143013
334542
1675036
1915004
1795750
1985967
234921
1397254
1755165
27137
1317983
1542925
1152772
1622986
1102427
527494
77496
1177518
1805811
59672
409194
1473395
61756
783266
1258730
1785946
148373
65404
1547638
863621
498048
1258223
1799955
70551
749180
949669
617059
719361
1860831
37899
182415
1823396
947756
1455902
693100
1507068
1151623
265179
363799
1066230
821031
1992720
1509609
733150
862373
275473
1885070
1998829
381005
687383
1663745
356153
1629935
1898671
398291
930615
1610917
954520
1219098
142569
586777
7810
528209
258977
257633
364879
485126
1825961
1873790
1101266
1434065
721766
1753923
841931
1139477
1166038
1582591
1812274
697317
1389675
1331375
355183
703736
607877
1953230
668186
374358
475012
747838
1915256
1996892
954842
926308
1625682
1198504
21634
1038845
838492
752832
431097
1806846
530570
1697060
1098994
1170551
1202090
1652581
833315
531027
927415
421075
738974
185293
1958752
1564910
1782638
820558
540038
1029208
633765
1434732
951667
626318
910475
258141
4783
1219918
1413806
821906
677484
1646004
429407
485352
368440
1243980
1298000
1712398
1796985
310217
934606
379302
634236
1792211
1517365
657973
352860
1486409
1043574
1992114
1901682
630085
1910075
949582
202542
362943
1170380
1761803
1376981
816639
97685
523158
1970043
1468654
116035
1590103
774381
457104
1050709
182752
818589
1184132
1467520
157534
459085
808861
1173794
613828
928865
1637170
511030
758428
1417324
226151
387462
918306
1102900
584895
1274452
1395611
1127909
1390105
1546505
1903167
122537
1377897
186016
1000136
1202048
432570
1373061
1095336
1292077
337706
1663856
869712
1743784
1242841
481775
1968178
1776010
265675
1735999
882140
628999
1305720
1725739
92750
36401
749506
311955
1124785
1303990
537733
265221
1805474
1383912
322571
1750574
421927
1365898
1119858
489536
1830876
924383
368942
1928081
1486546
1088384
1069060
1657618
1268158
1665080
1559687
1636634
1054385
1734352
1580944
354258
1453792
891723
673147
1572088
1162580
1140487
787774
1757110
1555200
650937
942256
1829123
617577
910686
1513236
382841
532314
1114728
786736
1529950
983468
1286393
1095159
902811
246599
1700116
1701078
1630846
724199
32245
141518
783855
1859532
1799168
1071684
1447257
1685729
1855196
1372259
1303628
151424
777565
877599
1239301
98617
1280475
856757
1264078
915488
355552
526081
74276
289593
1554618
151007
1934645
58961
1325363
68774
1259060
933738
1394335
591364
582509
1490777
276886
47270
1545448
1107584
1716323
21774
784887
563052
110001
1990475
1685153
326364
353922
1355457
757176
1500708
1885038
1258826
1688598
993927
1857954
1927094
1777206
646734
1925799
236716
1995870
578525
1256713
811400
397619
1059198
1383640
1772443
786911
1288740
398711
905172
896904
1933029
1936982
48785
1236071
1887561
1921210
1200789
1210640
1909343
606299
1768795
441592
1041116
1025024
646125
367455
75593
1339566
1982554
768772
1417846
1633358
468004
1065141
849464
1186656
1900649
