72148
1553266
279827
1333418
538797
1524469
1287348
1733040
1687953
1895534
298707
248227
97881
84094
847933
1693017
1493534
968177
1691385
1534788
1345666
939794
1634194
1542444
1753681
1267614
487288
1483767
416806
1709823
1397094
590261
590119
1361018
61716
514912
913324
1346559
1969388
655778
1117099
67890
460578
191561
175427
173804
1657199
1013132
400679
1760710
176675
808114
300610
314642
472622
1518826
481716
218985
1215843
926212
1798798
1185939
510857
1517819
1652678
1990769
1301575
1598564
546434
971083
1704189
1802805
522287
1445079
950900
1939016
76868
311544
1813546
1074338
690359
298678
1571155
313483
173027
954581
1382855
161680
1530313
478898
1698216
468778
1728203
86841
393187
44787
1858871
1635085
774251
1335541
137958
1175460
1394621
1804577
47794
1107703
1598276
1963695
1130870
326648
1008315
1270
49024
589581
839451
1288830
191709
755775
1173536
1868402
53852
42691
287630
1585549
700604
429360
483412
693602
1768769
1723113
120980
1393183
1994177
1907661
1896418
1092639
611860
1024267
1288136
1392707
1321232
1906691
1321902
40394
190704
37526
1466578
1738572
747992
872844
1981957
998868
1205166
946824
1302588
1587396
275303
1013189
1745972
955072
723927
1197290
1138534
163520
223835
1756622
1321021
1333657
1630635
268696
715467
976661
601815
1465137
148908
636136
1857576
1800553
1355476
1934302
462012
35740
82526
771811
220982
673839
1787019
1451500
1196920
590207
15327
1288281
1974447
1689440
1943597
1985125
185800
674886
1202527
1865004
1622651
446398
1864032
1270426
1732396
195958
1681065
1665526
218957
1752491
1141134
1715140
342553
1355414
318785
86993
646498
595508
1807299
839236
1111542
1054052
1786971
1451858
1567263
792900
1092388
595344
987039
1234774
1917315
1775051
1932534
697195
1976549
1112073
413276
515933
872618
1366827
347052
555415
1038555
838635
339417
536057
198487
581671
751074
805542
341341
1843989
1560226
1183924
924922
1010895
1536381
1627012
1180661
1579895
1262860
1839949
1103371
1567351
424494
1666701
1881164
1506057
647025
432869
335267
340723
1543195
533592
1387809
604540
1724964
1963190
1252015
282045
1302779
1257502
726682
542022
997637
1792430
1071077
224396
1470785
397651
849974
795275
1088208
628144
723062
534353
1672738
277907
1207496
1763608
1962486
1903928
52917
81018
1087715
304021
1910359
1352883
990891
99787
377889
762498
1875089
1865505
964068
65872
304583
253758
1911430
1281137
71307
901581
875916
1797793
1514156
172907
439204
922628
1789223
1177018
1250556
1155320
228837
968949
810986
106229
373900
1501896
546088
1642834
564738
1234547
1279459
1720881
1624430
1891875
1695601
1844074
1247912
1483977
823286
730938
127111
1937412
264277
1375709
1728022
1888996
557778
1224030
1058471
429671
1184997
793468
1900338
1106599
220624
1521796
1980382
629306
372115
1992254
1839989
1008085
897716
58847
1733237
270306
1849674
199036
1384012
535159
1215664
1832847
120260
437388
1034004
1855452
266788
788552
242603
1195361
1713652
788159
1603459
1677754
106868
540469
1739985
738974
496691
1892017
1707000
1101298
413018
1630530
581856
195158
461360
700434
1458980
1723003
1870306
421822
1477437
1011565
18287
1780080
911624
1495830
1300904
307300
1737572
379977
1858820
470937
51880
1094132
132151
224053
550470
1999560
185256
173935
1148425
1641552
662362
1132127
339483
1427477
46616
859844
709739
963721
936484
1705161
339606
1170080
1841650
1428645
1915514
529378
1189886
1646584
1214211
1469505
1196981
832462
1465092
329123
1555809
1265448
1240147
864188
1955609
554211
832300
892535
843898
46891
1068779
1367808
973260
1891460
1766984
252001
1945873
585799
1285016
1045487
1113023
1855552
1421219
1869507
1193916
1005358
446618
385978
792911
1677278
1881213
1637094
1208054
1681063
519477
1087170
1818805
583765
1773366
1851631
1742401
555060
237159
403153
1373014
396309
314833
738126
280008
512832
1646839
2558
1806528
828488
1520908
62029
1103540
504611
181669
864185
1221144
671160
592934
300334
464689
516328
182416
417076
393950
1983460
1068683
1191113
219340
758483
1385050
998258
1829025
1696114
605884
1503357
1345128
733077
1503477
1200378
1111596
1177370
730111
539964
647989
741365
156010
915916
639091
1163046
1521822
942960
1397063
717191
630541
480986
729205
1496075
1418242
1349871
1322690
1592271
1914284
658420
109027
1008418
519141
1309630
166392
383681
1858940
1738941
365365
434237
731630
296167
1663728
1168310
1528578
1139443
893190
192584
915728
1720902
360528
1905496
1250753
1852297
1788283
1631239
1425426
137008
1458252
1722195
1215765
1797121
890333
1088807
1949058
588837
1406053
1364846
1000876
654186
1394472
1165200
1736933
382120
1885007
517215
1405673
1690746
1363700
1149807
1587488
1254803
663201
946064
319709
1147054
714026
153168
1295271
480623
1892934
1608812
867854
1155931
1699491
37415
921648
199108
993046
363324
1134762
471374
1776978
337323
1436683
1095766
745202
508913
612138
145647
759258
956408
1987974
769772
1359611
297523
4376
1373854
1258100
1415720
1121397
1421652
1818376
1601416
1286336
557553
1860906
729950
1804247
1667644
942995
436397
1412209
1567806
1267743
1891175
1927002
681963
755009
1186988
1506913
1643218
1836750
1542792
1621555
760323
863110
885045
249714
1352304
383573
1559365
585901
977922
48558
383486
1787576
1412923
601430
1302658
1569805
361150
181122
466294
873043
158808
1815814
172354
1799564
484595
858372
885074
48814
1942978
670718
1380091
1860530
696539
812509
1165327
1040194
1212975
136634
254767
474943
1384178
1240058
1888515
1132661
173506
923804
749934
1778968
9276
450558
627373
1520303
1830410
882059
1700386
1805686
1712288
1530801
965860
1503828
422527
1548587
1802704
548666
1196104
162728
1225099
1171380
1159921
1962230
1509936
1794662
1993994
1762363
1950132
657309
219929
155051
1672997
415498
638180
1919121
1579180
299678
94861
1839299
132038
1169521
1015747
1133225
480302
175845
1762461
474562
1068732
249551
626741
448041
1816238
1527206
1186955
1994441
1879704
878797
1335964
61987
1305971
1891750
1284975
1584358
724381
1956269
1335830
818030
1904846
451424
1159910
862630
1145755
972568
470343
371349
769205
1708284
1761833
1291354
892810
249526
479210
212678
1315074
1195317
422983
1451254
1421746
1243830
883064
851879
489716
1255138
1649461
29536
504678
1196600
1654914
1366433
532495
1236400
1209664
1415710
1477168
1058753
1373517
818514
1149767
1526282
1508668
19079
845642
1214628
889112
281687
5386
1895036
730674
1473857
1659266
1572561
868369
1488301
1597562
1813952
977948
1276526
1974210
1182454
581100
1988736
1228923
754756
1457602
183255
1768894
1684620
117833
30804
1098731
17700
1973783
1165274
1078071
267725
1924263
1033330
1626247
1095142
236768
654955
1584925
1755630
1595467
932286
1574129
593562
1145025
1075624
1594903
1672477
942438
1004097
1180833
1702564
889013
835864
811789
1001652
482922
100018
902805
1680954
921346
1929301
1674978
622275
669693
313117
1390865
1299629
1905678
714587
1084848
350360
1417471
792616
1500786
1165545
1703844
929717
1230300
1810583
1883960
1423396
807821
1872188
1883120
830526
1351210
1111566
248209
1293476
1295714
1345092
1667730
1612010
1888139
1778120
684338
1338902
1744008
934298
477492
1714121
1044751
1319500
1598751
280477
1080672
1698349
765893
1672798
1220032
1130878
228600
1180987
1214138
1813577
1909688
1392566
804458
1502221
1084830
1908261
212872
959263
145401
1373678
593206
1720116
773773
1039483
341397
96345
233577
1994554
1180129
1820303
264222
482109
278566
516167
1738346
1592517
568526
1075373
731197
715683
1935238
1824330
214849
1314006
1326679
1752642
609407
280325
1234976
1841253
552424
859079
184296
945071
1762606
1572707
1607082
115623
612785
1286175
239890
1059539
803129
946915
524769
179522
417999
563517
628811
230215
952206
1096696
1883939
1733431
1445276
351826
1977972
1809987
1252664
1758261
74569
639234
1015465
98902
1716077
1305660
1057831
376047
171303
471940
307486
1004635
898031
714751
1013462
193904
1022208
340331
1184578
1448943
1866338
230383
369071
630285
91404
179944
1188160
1760321
792843
1771552
1563130
272779
428920
385546
1925027
569036
1553359
170465
1013481
262216
335513
84053
1219271
664174
1902879
436500
1152983
1208501
1030789
553996
584596
1478130
1022859
977014
328446
559232
1067963
601079
1984505
1002981
1188980
1014160
1516775
373055
759258
1844979
1232644
915461
990055
167514
1203382
1061332
1924403
594665
1765399
939508
1344315
1069227
1100013
1022555
676473
523891
1528827
810516
1420336
1932541
756457
942974
609577
1620105
360794
1117631
1032755
1480350
804612
842989
242213
656212
602534
1534620
772155
1855224
55724
137306
808761
1070980
456776
1736432
486940
1842769
1076069
300286
941136
105154
104839
1207179
755667
912686
316395
40241
617273
379444
1664403
1675389
1264202
185124
397998
161822
1426479
149400
1848316
1624758
784557
884077
886151
287161
735997
58024
1436584
1318920
699517
1645586
1365765
1774033
28555
145224
1786993
1919635
377174
1524396
85843
796435
1115825
1327040
1732919
550213
905847
627985
244623
1670099
990529
392794
1087649
582701
449676
389044
866210
213319
1257875
992612
723825
1566576
574325
1595561
1228070
812557
1095649
216473
880609
463902
359843
1409176
1155136
788296
1470342
1253090
1182813
1955829
872859
1418453
201347
203859
1424995
303252
941438
660191
1345198
524337
33975
1128398
1470819
257662
1331864
138432
811589
167102
1961436
1816454
1977704
280988
45899
289599
1723481
1516766
348845
126782
1625875
1887708
141200
172569
853728
1097975
1760591
58038
458284
260147
700110
882133
297893
345155
1195097
655757
1687005
1449998
1603381
1844653
932269
1586579
302047
231223
1147216
838054
619357
54339
917897
298680
652748
724078
154074
1053442
167539
341945
400698
952082
1653175
625038
439197
769232
841254
1866401
1462458
1858758
1330745
584308
1725705
1336101
1991183
1473602
927796
1129310
897404
1631879
46118
793675
1457344
1899086
1704579
1700962
603486
1932306
307875
706852
313966
337345
1614697
575872
492987
1372516
712367
1296825
1784517
1146499
1334679
784593
106539
900733
1474398
542926
1952422
550874
1814396
819720
482038
1663409
1400811
1034652
840741
1349259
112164
318899
562039
600635
539477
363587
1518300
1452931
855342
1578325
13449
1815612
561006
1501875
1693683
857429
1228211
1217951
1288912
1995468
644403
1636554
1257656
442261
1363493
898360
389339
1858642
89056
404513
255075
546356
1731300
848955
1576705
1382046
451767
465358
196301
649831
1329956
1517153
815456
110176
1851013
1086256
731462
921229
753724
159572
1407971
122866
1113701
125901
945166
741149
1299531
1324758
1083013
278695
1970507
343181
1814505
1476056
52265
1493547
1322665
756641
630191
1279339
340838
245682
379464
491418
1469004
1784977
1231878
217922
619855
1140350
1574291
1887983
1198191
1943681
1220622
734559
1198444
1918667
1598227
209420
621862
1813363
1919436
1196708
684020
830208
71629
882905
1475276
1884844
1609654
1715349
825078
234761
1166766
1174108
224399
1041136
1036934
525235
688935
850262
82920
574351
504175
1075264
1002302
765429
501381
810317
1194469
293538
814575
1179655
386482
831000
1754695
583064
1347350
1049351
545676
535960
413224
1104177
187887
1768869
1622815
1576373
1229550
639151
1130722
1432062
1618788
1575384
545244
37628
889426
1032357
1066653
1690826
1498284
485235
208777
6502
395294
1921338
1882213
1814681
1942086
91407
770295
1235710
362810
1709269
894091
1833491
1636015
1794521
409409
1315126
1694624
1383900
956749
763434
883143
1839114
137702
873613
1028231
379277
97559
725439
1377612
185905
1900922
9983
1977792
1659715
1763921
1022022
586236
253881
1716527
1892980
1382924
471732
290038
355789
431463
477228
1323631
1287374
2987
1032671
789483
768564
1266090
1872127
1172908
1029420
584812
695197
1989167
854148
972770
203774
1409200
460493
1845037
234027
1758724
1891633
1107090
1014479
1263034
162893
1600720
1278989
1625396
1230099
1985488
1207639
1233650
1986664
1164589
1216486
1033440
1976406
1464891
465883
1629892
904493
349339
1153649
506130
1270668
1937761
19473
3112
833285
1674487
791349
216227
580060
168978
1695443
272434
122618
297249
898582
806369
1693401
1527108
188637
1095259
1063027
1109352
1405931
351142
1906392
1961789
746963
1437162
1710448
1013257
1321691
1961060
445541
1519188
1021644
1683793
508445
1596924
1176753
1467405
815244
1053103
494079
1307769
203813
230830
302002
426290
878166
402560
84089
809782
714315
986933
1540847
1147748
68686
1330198
1195173
588149
1076243
1452192
1895592
1358599
1038068
1329244
1037983
1207021
28930
1011058
36451
1558941
1392042
37374
1444340
1166130
1375083
4541
160086
1691988
667358
735804
1101211
1136552
1451008
727372
1897536
1390707
1453485
870317
179177
247681
1253715
1003373
1076320
1197644
845010
1851553
375829
1857246
309901
1713766
186959
618244
93350
891266
1141650
984322
1408266
1481712
105210
1053207
356350
1611176
1925207
197515
1010231
932261
67381
1187278
1592283
536762
211316
1691865
1423194
326944
1552494
119158
846395
849007
632796
1889348
433402
78094
500844
531176
146528
543330
1049932
1487846
1351554
749954
161414
1113288
731151
1264643
1709695
710228
1057212
1986595
1996639
728359
1988311
1632236
1840686
141863
1327533
598649
1709508
120854
1992204
1830232
1185078
919238
933413
1140852
560047
778996
264494
186249
1844478
366369
710845
323884
926041
1996845
558057
1654415
1956798
1115399
799582
840883
1642422
1618202
1452733
1143068
941673
32932
1933824
587386
1810807
256786
1605049
1805025
509440
1803638
1229552
1346576
1656052
915197
706324
500536
8516
409099
1211887
1250720
1182113
1494963
1285974
1591280
1177478
362682
1705382
1733687
1506786
1155528
1193632
1159728
1571576
668509
21010
1246388
1913653
1934522
680384
1168991
1457953
1327655
124196
400478
1203416
946983
1762159
1515497
1542645
1912936
489287
372256
1105837
1465349
450934
887812
1507039
194986
1083234
1299486
92874
27758
514129
1396664
1968212
1402000
135286
962039
1035134
1014768
933580
1501646
835797
599737
716052
1144843
1576616
1212954
1871944
64405
1461330
835617
904021
742632
6727
582326
1866324
1712521
1268855
1639508
1455374
1432647
1297403
550923
158093
693087
594772
1064628
254364
282922
534742
707112
1000365
116924
820359
1031364
768866
1787006
1180310
1716086
79603
861226
1632160
857431
551975
585725
1812799
1670004
1744749
56517
297341
1487381
1214909
1945355
1794625
1388476
724025
1549203
1348323
1407650
1276576
1458237
1756822
555598
1305147
1402166
832698
1746194
1322920
314927
1866693
1660015
1489663
625640
1650596
624468
1884167
861286
799683
1473559
1905993
101015
1187168
208033
651572
1113080
60834
634397
1955827
59624
1055616
1148171
1094195
1476910
47392
1540877
1060501
260735
1135437
393301
1534690
910595
169523
1518141
512490
778752
1951128
216821
232575
1595373
1732150
995523
1696044
1104820
1442992
1017690
1083085
598026
45806
241798
1549491
736328
1162973
915629
1366105
953150
127751
75380
1868231
1810322
1611665
1981390
695497
1308521
286158
1725164
1986579
829743
910452
305167
864887
429356
384452
1831701
1157772
1999906
772080
1420094
877194
1173412
1216859
412363
1398349
80100
8433
390982
1367447
1928066
947557
851426
1956404
197316
256320
115137
1691533
1158656
744360
993062
882513
1071480
1122691
1518174
1812105
796111
1327480
1793835
741227
1153809
1478869
1136942
224105
1464140
1085979
74634
1721775
1500181
89495
1493624
917318
1390833
474565
517839
1773522
1342448
1942831
157461
1160155
50906
1157522
1847431
550534
868052
274083
526356
567499
1043001
677708
1437144
3964
430835
987331
908813
456502
1793600
1502416
829979
1810776
1234938
1391029
912044
1558223
72545
471553
1713027
1335488
863102
590674
87062
156142
1587744
1135760
1471835
1065389
851324
718937
1432264
1700093
722139
1007723
1514098
697879
1837087
877578
1935570
278770
486383
1125205
239871
523691
947315
1710968
685870
256049
1524147
275807
1949166
1558841
1813194
440982
839872
196474
1727492
199229
1975152
733289
1515624
1425086
1429804
1579749
1274630
596963
765685
1666842
1913187
534877
1688896
1666326
850416
876194
1166699
873881
1964564
87106
1622012
1167617
1071155
333391
1151381
1884608
1447200
1620754
665275
1615485
101859
812503
92097
173652
404143
1913680
524260
914717
1014066
399420
1490420
97495
1213395
1184595
1928130
1644430
75534
583595
216221
856955
865178
857341
276355
1734273
962986
1713238
691025
1531281
793062
892545
90186
1830273
1242720
1175954
1578380
271184
521700
1119182
1545862
1759548
1936401
124798
1771944
343097
1313537
494399
1604701
612929
1587460
1245710
1668750
1964820
1833098
126107
150164
933450
1030327
834373
1269565
1140613
1589656
1275701
1685325
1897738
436004
1372306
263700
1778543
653313
586308
1026290
1488807
1470317
1746250
728957
643684
177608
1070514
1134680
1913725
563578
216269
990681
413730
399053
1650342
1329484
1502802
619119
1139052
1393341
1866915
1620940
78395
2306
1616568
277057
1386633
180122
401976
293128
1527832
1795438
130241
1522799
1951772
815905
1930798
1344500
1942995
156326
1605386
1371347
997181
1148909
1417961
1952779
1597728
138533
1849303
1754031
924885
335615
1654955
1259384
1661638
241070
1317967
741997
325176
672445
1695023
594001
1367139
1030810
220763
196614
1532239
678906
252545
509121
673829
1756625
1172682
291765
828605
1262408
1041778
381826
1821041
850700
1533442
297048
1256646
1596772
1937139
1260067
991861
355677
1089316
962858
786649
529093
22534
7206
1489962
618482
1876665
599306
677701
298834
321665
164358
1389599
1047902
1593416
1223935
1423425
836256
1316367
1914551
205942
673222
645704
709871
1287149
571406
1118740
166262
210823
982046
795973
1168764
1780092
1872882
1606938
79470
134211
406042
707348
1756482
478659
353269
723398
210402
746995
1309342
160214
1077996
335875
738570
1744425
1152666
339029
118002
855552
760298
96253
529077
1154412
295352
1253265
356500
474870
369525
1513980
1640330
1212676
883141
1301730
328947
1135540
1287217
644490
1943720
1916202
169211
1216766
1171757
1035994
1411910
925597
480136
940990
1784740
460970
132570
1153367
53518
1449497
929905
539822
18025
1879662
1616191
1763409
686222
41937
1612592
68591
896915
1458160
314786
688080
509779
1122503
1009358
1309990
1972178
914411
1814234
151598
644546
484824
559077
1834053
216281
760865
311475
1082304
1936329
1057901
1449114
99788
469465
1878396
1953339
657683
1028393
1581330
749000
397388
1626922
1680062
1444881
1546258
1424088
1081628
298471
1422270
1696673
1203990
23941
101967
1282210
1449360
232693
1890548
611455
1807130
909007
1151786
1276271
1449049
1902635
696908
522946
1386281
933534
599907
307660
4930
1007916
1803644
197222
330939
148885
1184139
1053493
1577534
1746797
451622
1742216
773829
747451
1514828
464534
1148519
1757204
252705
1548945
1874907
1721812
69150
491683
919690
91611
1479196
298341
1513963
245755
1670702
218118
1934654
987713
1503544
1948265
215660
1323999
1842816
1097160
538537
1400367
1918527
248255
1385828
1544134
1050914
1496782
623958
1336825
1866111
904821
1781685
1962470
1137295
655815
1703683
1908880
205145
1043060
1553078
983477
783178
305097
734224
1522507
291518
1510748
362430
1673246
370468
1900567
1805619
1767978
313611
1126436
1791187
1897429
564497
643740
1162949
839692
1656573
1741361
430560
1005189
436711
1114879
1909025
1031940
1237060
1565856
1159059
1547364
1983584
142630
1236939
1562452
951659
443857
725567
228558
1363304
379539
1767426
720637
1230097
998854
1746192
1176403
564195
443284
1672092
1878291
488562
1853137
700349
1051334
1018549
267775
723239
418238
1818169
1938126
778979
1554108
1001017
1356380
371684
1614900
860846
1820010
1485938
1378863
953662
433694
1738183
1836734
47236
158124
1728927
1621414
190026
329266
1691651
804770
118549
1363890
603348
589388
724795
1190798
811242
1378937
1564331
602143
1952205
244169
1300331
59969
978566
874209
1735658
712566
1648725
985222
1968466
235343
918798
206159
1712431
1532102
1302881
1448874
1055459
509250
1879375
1018930
1718180
1940079
812024
1671099
1747910
850753
972030
1915425
157770
1803130
880258
540094
463713
136604
364181
1638650
806103
720248
1998041
190863
1784529
1539577
115533
242746
1330227
141959
1507857
1882448
566318
649827
1325001
180762
987418
1399294
1929672
1326898
1703275
711545
489538
1890005
244496
1899893
1051472
1328093
903420
1627846
1399846
192119
1515030
1858079
1094327
391036
1194879
22020
672408
1413595
98189
1992479
505827
1482920
1290575
290005
916914
673178
1576884
358967
34440
63873
491369
374454
1971932
1045570
1911535
1932019
200848
1297957
129999
798806
587125
886490
1349596
37170
1242211
121083
1791830
1901691
1813383
313899
1871959
631966
745289
1872933
1284367
1211033
332368
1106674
1059410
1773174
282561
1718883
377643
1207501
945288
1817816
1804554
1190379
1395544
1171113
1470534
135789
53366
390475
485722
1760320
1704198
897120
1410774
1014512
1059010
215513
1345045
1337618
1802252
1054656
486573
1441674
1940127
18525
74836
1574352
1935660
1778935
709042
1059426
1401289
1162458
1931007
663669
871272
1110145
1117066
25936
717549
1707740
1575350
1979864
1869374
934920
354568
711472
1099546
255227
477057
920251
719308
1256703
1631953
642337
176186
1011376
1545992
1227314
1250222
1937758
1280005
640715
527381
1131587
1114313
360536
1535040
143897
1488530
1547680
918112
1145711
1354807
689047
1044250
1988782
1875592
1684084
733508
621582
1606423
335869
1347687
1720398
1511851
647103
960378
17597
770629
1654623
1777185
1363977
451143
156199
357121
872367
394817
505722
578459
1180276
947752
1352234
824241
1047826
956192
866098
860125
129137
107015
1115899
10577
377928
812716
1132806
882570
1520044
1848746
232396
1341384
632402
1030107
533427
1645103
826182
1550195
108717
1801330
619637
330622
1167430
929368
694537
1697718
583338
17082
96642
1220220
1045484
1614716
1726684
193881
1884787
544792
1964982
1110652
1239225
149604
1753567
1279838
803628
231064
953224
1570420
1872553
1448721
1406989
511441
1465947
1820684
1204376
567847
1753725
1045331
1514983
1596137
1122059
1734261
387456
1084877
1752373
905081
738237
1942794
227103
1256399
274149
1716948
193292
1816486
1608680
564899
556284
762215
329233
16779
1714124
1125969
1802108
650187
644111
1618599
404381
1741568
473297
80428
1009992
1334406
852061
1215718
45992
1589168
1679143
1430360
25569
1473638
1516278
1055345
938782
697835
105434
129478
1020004
552807
1130563
577742
1551454
148890
1599568
1555295
408533
570523
1195831
490733
1075086
1687340
79284
832042
1375430
1788555
778467
358262
329583
997903
102563
1172492
1773252
14724
1464173
1085092
767351
1235330
1902197
441173
1319442
1134554
1144357
966028
66727
118454
1167483
676239
1388024
215726
1391349
233930
197852
1685847
1927928
385136
751012
1465361
464527
1519315
297057
612095
504642
792922
1013989
721721
581361
1363544
1090108
850726
1170402
1855369
1715178
647003
1196738
1944358
1893846
1249109
553569
1119191
1100930
800314
1282412
1226776
1602951
366592
334917
699800
288046
1508502
9894
53030
1566442
698335
1124406
100813
1569837
1099563
1098621
1013435
339252
820042
1529595
1299287
1369386
1534826
1799389
1361697
400060
581246
107229
1031009
462800
479527
1222434
898201
1594410
522343
1269780
1932495
362109
1191883
457442
1456017
1985123
1173799
1558627
342258
230964
27212
1823701
985199
317801
509175
1994214
183029
1032110
1505548
1197759
771617
1768421
379034
1154826
70084
280642
943465
1211824
28366
642563
1480735
525798
948015
324867
1147088
1457649
844961
1964270
1517594
1344262
529563
1838037
920374
248796
1389361
362313
1252388
1252177
1514360
176244
1024165
694557
1788609
883339
369200
1380720
782780
374392
623428
1838794
969158
1449347
5114
941289
1581587
770057
1656897
542778
1321712
1980721
248496
577364
1531921
187515
1019493
1808228
594131
1565670
1490097
1786347
142875
1540881
577911
334891
1709846
873723
1036879
1243435
1138670
608901
412964
708054
1735569
56705
1189599
130180
972209
847557
539118
1647654
983072
402280
178873
1352990
1697734
724591
1351378
1880451
1473702
702774
1737898
1745801
565622
1953079
54999
763113
1057376
1035897
515986
1156392
405362
430597
239333
95786
726255
191033
196259
1166642
1339953
663121
3358
1371337
224828
343610
1267069
153045
1010441
120100
537478
1087196
1177857
44012
1404507
1530110
659407
682467
801157
141201
1305730
1425752
1408009
917408
859166
216220
50083
1117778
225310
833067
1935193
1861432
1887552
932496
925516
1879860
127353
1483167
397881
1307711
1549112
519189
1430447
1696549
1271627
356367
705640
1721823
289845
1762572
766258
1575839
29147
1239178
163575
1004789
373695
68795
1155552
1934237
924656
1640878
249291
1534960
1702146
1539477
346663
1982068
609372
982611
531377
815624
922262
721507
5059
94292
728951
362992
1623343
534934
749744
1629960
923994
667883
535225
1130760
1193049
1849859
729388
1441483
1282856
163428
375543
1802756
334566
148872
1734288
808957
1553051
1226573
12774
284196
1449891
1773566
974603
849920
1082511
1787604
1493048
82180
332048
1518376
1742892
618653
192141
262005
1115890
552053
164585
1256198
310952
694612
1261035
1162083
1281804
1240409
1325701
107566
1248093
1478608
684717
836448
97852
1826491
1811600
1076087
1982153
430407
437391
557789
901501
1727674
1292309
761700
874534
1201713
670360
817201
1794956
1170692
900008
1587851
1120356
128739
1757517
1596905
475736
1853737
958232
623431
1185178
1588527
1281853
866614
908852
986211
1558841
541940
1774445
617614
113561
1834226
1324193
539777
277927
1839126
1011143
1730937
1449251
1488034
88337
993770
1039533
244340
830236
1736993
528563
600455
711256
829676
978565
444709
1852452
727835
1476813
536737
541165
833358
1586939
523849
131156
860871
724116
91614
290206
1567899
809425
303549
1084187
1617174
794881
1236519
1499391
1770877
1945059
1802078
1716137
299740
1259275
1348106
1670999
1076690
1791925
485262
540419
661033
1268037
1165051
941525
1029424
1103462
118193
850387
752488
122593
1621764
825614
834587
524792
1751807
975063
1542680
286524
669671
6452
436982
724
803042
1350437
1605887
282802
700784
1733443
1179351
628729
1036520
254998
320165
1782413
996961
189170
1770141
1797006
1329208
852341
1580648
183854
872285
185068
1048961
1993418
1314768
1358525
20441
501224
807341
295144
714691
172891
1168822
514495
1087206
397031
1695654
1098074
821269
1853559
195601
1210037
1578463
386440
404791
1635018
987636
98844
1055641
1108293
939205
592862
1005450
1914882
10983
202394
704131
441048
642436
812615
1680648
1747790
1175457
1294844
1154638
696594
439612
1243100
1383554
926361
283516
760730
918246
589340
1067595
433185
1684840
1823143
832744
5873
1283367
1624105
1197860
620631
1927253
1738165
671500
622661
1520962
1991780
163281
1535812
1635887
1147982
663409
1412969
1624571
1066810
1610098
1662853
1056889
63109
1327891
1332655
1598687
1387959
712610
1772525
1646213
127380
1244497
1162275
102549
1742083
1620699
490967
961537
555795
386194
1397724
795979
27445
1595869
502886
1732137
252406
1990878
1694752
68053
361297
159755
1300169
527521
220741
1643169
1033575
797471
1633317
1137455
1152037
1774522
121410
636000
1979130
538006
1437111
743398
852564
1772459
1841688
1627648
38827
888323
1027240
1792119
1182783
1846670
1130851
98980
1872858
1840463
1269351
1691168
1203453
166583
699234
954702
319980
736506
787544
870638
896564
1154398
524363
1680835
1344933
1971183
1517889
1754550
1522267
615344
1100072
544097
693843
853298
669428
1687101
697854
1953502
1945297
941144
1158247
140084
1802681
1558936
323844
1170936
941755
289957
1188849
889182
1809944
423277
969377
1619361
1849204
88538
1439937
87494
1184031
1582915
905968
278701
1999792
1692801
1328906
771058
1563151
317172
707438
44779
100548
1238832
1556579
1448422
107113
429019
525755
131595
115162
487783
498279
797673
320973
1732561
1839170
1640032
446916
794859
28014
527233
717254
968735
19748
252378
1400237
113973
1360932
1792868
110444
714227
763873
1616243
1385012
444152
16644
969013
699455
199732
733984
1354519
711201
251457
176604
522915
1392026
75937
729068
1055521
1586702
564537
340138
1931719
67981
652482
1794890
950802
1535068
180746
200149
680128
457113
1212288
1562861
758463
8138
1478579
715230
976257
827371
725941
1328216
720001
966143
461817
1768816
1575142
1428581
61472
957954
1394763
523165
1227784
1978233
535393
242038
1388815
1819629
482949
1757306
559099
648900
118668
1391475
50731
1782363
1239533
1420795
52695
594906
719307
776227
623809
1308585
389498
1218494
105452
1826984
280928
1417091
570301
1872936
461428
1433326
484689
227732
1585820
1954075
1149565
370949
235527
726174
893562
944733
1681761
904465
1635116
1915041
1779873
1979138
365893
1353648
1692915
1660738
581643
1946090
593342
222709
90511
1886418
1063212
1653616
1411944
382075
624439
1759091
101745
1960800
835326
547171
669328
913692
1651780
1624952
988254
15065
788719
660832
1341150
1423324
1928495
1435400
95397
1307903
389016
24782
933536
92185
1461998
752817
1522813
1433091
215452
1485653
526571
1402025
632460
324418
1351965
394855
1428790
723781
168277
866129
951973
32426
1731383
588583
1766588
406560
965572
1445518
1483428
1109162
546928
1803679
303445
1896046
1386784
451234
158995
1926465
1410792
50877
725687
86031
1903803
998800
1485630
284073
576633
689490
968022
431273
1404240
1704697
843543
687095
721899
136553
512718
1411901
1153618
69209
1038391
1799813
580242
1660373
115902
1837315
163207
600823
1694278
496812
614268
1223167
1412371
1336998
394416
1911645
1014679
1348270
1215387
1122099
1167375
1115617
1173282
515482
1892975
1901040
1239372
1963316
1444074
158614
883894
1797809
1342157
88571
1911121
538641
1156723
585720
1798849
570923
1411118
1245946
608334
1628239
1647459
223290
714140
794545
1861837
605555
729839
1331880
1962284
1012768
128596
592936
244094
44656
862565
244147
1187332
1021193
446614
1411817
529777
164850
126617
514021
1162337
1667290
1501025
647830
1474824
1125812
446529
254559
924720
488905
427439
1469729
46580
766455
134784
404920
1731773
1612208
1893897
829614
1700842
1050516
694821
1993329
470940
1616715
1450093
1731316
752151
1895564
927571
939783
1638023
1716829
825327
1956563
1073504
1057706
329512
1898269
214104
1244613
1003387
727725
1977117
1383661
16067
1256449
1177143
1567359
1836010
535279
1271810
123812
442083
1498927
857057
994945
1248825
1644535
607788
1463323
1328311
746698
1823092
1899135
434606
687744
222355
1690299
881609
1400971
70556
455517
1514166
289651
81509
1165012
1712654
1971614
172905
848502
148492
629773
680050
1978291
1984812
1540677
104967
397228
784262
1631408
1885610
1263082
403849
1597075
1993755
1696383
1300055
1802810
1665540
671893
815620
913900
1089818
1518516
1021669
265262
847394
1684340
945483
1590242
317896
808396
1357270
1357307
1937449
1407262
206294
1308925
319311
619821
1673818
1798678
615537
607406
753213
1714450
599527
1640873
936228
790547
554375
581908
591036
632697
225267
282877
1437325
484668
1874808
210915
380940
1272822
597179
1540430
802096
1753774
1918065
1387310
1198290
97668
1621578
340900
73933
1593235
301238
1691734
1859761
12687
420535
1577437
1908280
654936
1567741
1474216
1500369
587151
310999
1476267
633752
835335
1951115
502879
102695
1851573
1311856
1661705
64981
400562
1717631
1429883
461826
445117
1321502
925323
1191642
1879302
247916
59873
66016
890033
986319
1941695
22404
1514954
630399
1769394
1382637
997108
12383
1462870
949873
801068
1551299
1888969
444849
138860
890655
1926315
1576288
94373
172445
52379
1350520
1079284
512609
732522
1221070
1345189
893383
1538209
38753
700318
1267433
1348774
1140012
416817
1755462
1630629
1652375
1366948
1191283
1593162
1633972
1801372
1523099
842664
1627409
1058167
1775905
1358822
1703137
1442281
1517571
1314289
27001
964400
1038741
674563
1832241
1377754
1686743
1379634
1384080
1107440
1347624
1969603
1973211
37492
221424
642638
632892
804808
1100506
1768712
1641989
688876
1743708
985609
1242880
624923
1557146
1543098
1406369
355408
1234265
778580
1571301
359212
585277
1055498
461627
794434
1670846
1379967
227007
185291
1646214
1463966
629041
1744441
1690028
1613941
1466716
757156
384467
351338
955674
1832051
1671862
1002489
1436781
359454
172909
1331171
1906795
1484106
40074
1793652
647896
101401
182791
611383
1957616
1592777
983416
1863240
1835439
246778
1508935
1523871
52674
1472239
358662
1188710
1851651
1413449
1632219
1135338
88259
1205263
1320505
870139
1309199
958088
322926
1631498
221765
91396
1175522
734486
1309298
1874099
1490641
651837
207673
1252160
1336637
1375216
1730110
414119
248917
458587
1970436
71501
793548
9248
1162867
225499
1555400
1748020
1945460
1118423
1268884
1033075
1078937
490553
1101666
1882742
1822096
337236
1331957
1765928
1164341
251077
1300672
915730
1251902
1402908
1238786
1095017
674983
1206043
374789
1407291
17656
1904740
1869232
849043
807346
317034
361610
1576684
139186
1716261
1739613
620544
1909603
953474
370699
639112
379548
9162
1433116
56463
1723519
805087
10362
883158
1882590
170669
1234783
1967867
1130462
511004
1468719
841635
139143
741131
1939798
1103336
863127
486851
1681401
1317312
1360839
10732
232024
246686
1892341
948247
1197211
708094
865689
1032461
1038719
1557664
716138
570180
681402
962346
949776
1174304
863163
663669
1847425
867319
1641643
472519
1075840
1330732
254515
356542
1857370
1935285
110741
1837285
1816422
590914
1567096
132491
751214
972384
1994862
579068
1999926
1855659
942143
1941740
1253707
1874742
586252
1086578
218393
540229
316040
201749
1186760
1586199
1534107
1556340
61341
908114
1403049
1137872
1207625
903437
1509808
278688
146313
1183033
1850372
1231655
1154349
469788
6165
1298176
1050654
356739
1717452
889649
157013
942230
1677314
794507
1748217
823329
1657992
1722079
626745
549156
895165
752901
182806
712106
307507
739250
1906686
1923828
1566856
1550107
187229
1905700
1811547
861540
734570
861002
1512115
808670
1545398
509148
1732907
1748054
183748
1192120
393792
86396
1093818
1705920
1567519
43517
1265923
1545216
989653
1404830
1695146
932725
1787080
1044574
1668194
14080
1817227
1798117
21563
642107
1321668
1940381
1086370
1232588
143874
1992084
645892
1692732
1752754
1126082
1370082
550963
341877
162480
48083
1660429
378943
1034655
1710002
952678
1633968
1710215
1757528
685775
1947223
129890
1555386
861148
1983113
48514
1439407
517494
1317417
174714
702545
1587168
1941928
260745
201808
1332228
1381483
62378
1625807
497653
532834
1032136
291702
1728126
1441294
983781
1541418
467503
1251876
549558
1291567
1960670
101648
1305077
331453
420230
1650201
1541370
1922636
1067842
1496075
874785
13535
1486916
1677830
1336649
1918534
7120
754488
1733221
1746665
1632143
977809
1258429
1546951
1095507
932603
1732734
848674
370743
1757195
429900
1987030
575901
1664318
782485
1449440
1579331
887810
1734381
156408
1714294
1423281
699981
1266212
604486
813033
1860808
557851
741776
1289181
1595552
1874124
1407099
1404491
1126645
302386
719622
295782
1156458
482629
272927
1229510
632190
809428
781475
50290
752239
221173
1503640
1251477
840820
1003063
1696315
1617500
895673
627561
1706064
1357562
1652464
731888
1723924
784230
725782
134474
1022212
1553624
1673279
1837368
1153595
1916654
832842
1585846
1004396
1924397
881638
725408
1155003
1191811
808438
1516955
840411
818431
618464
1720823
1411113
759439
1098700
1742076
1582447
495234
1409859
292606
1723693
1067111
1683085
1832798
517099
483301
725831
218694
194622
361843
154795
1568216
638166
886392
1936180
273941
520428
1565490
389286
1128202
391464
1314624
1512450
1561953
1675462
1489586
685947
1819832
1566346
1760218
934336
360283
1209011
86869
1078934
1244280
1215944
170797
695384
815112
1432918
514306
1381414
1036865
143138
1126516
1335458
178243
58059
1517793
1710323
1148985
1988450
687904
221345
1642677
490248
1664589
636675
1280248
1095514
1875018
1334146
376890
805964
1700195
1138244
230663
991994
1155770
1659475
1620250
975579
437643
1427380
1278339
1642715
1773524
490027
342995
165835
884390
1800993
54419
534172
1371978
1887318
1797456
745490
618192
155206
884565
1248168
784591
1966529
484119
1643211
1287339
1800842
1321198
424247
912549
309641
1286044
911946
193479
1735043
617136
1173311
1168113
952701
1586782
1461564
319305
1251284
857432
1129095
1495851
1774576
25670
1439932
1070185
1976534
1196936
407309
1841062
1855109
1536270
490882
385939
1430708
143516
1044600
1038571
945237
1835535
1563912
1726705
714099
1571537
1527297
15050
942396
692913
1906205
920254
934873
1541024
1322150
439839
968159
1481183
258811
1434953
1149317
660429
1570207
1358947
1839006
1944898
220100
615347
1246937
213069
518776
1792446
1448278
418837
1732841
493251
1068033
1470032
283124
904265
914504
81518
1689120
706710
158300
415594
45423
1377219
1570899
743918
295956
272715
413813
84981
1053629
200712
1912093
1841221
1092629
64410
1093643
1102901
1039038
46463
275821
558943
807461
443924
176351
1045011
1944048
639820
1367657
1529113
1755254
988396
1915283
722909
938286
555152
733686
455710
770246
1055214
885627
1058704
1847420
605158
161994
373243
1959526
1573922
590067
1244256
475376
1229338
35523
600177
1017075
1665944
723755
27720
276525
1994613
1733210
599282
1473096
726773
1625793
932940
516453
1882236
287653
1650756
1789997
692358
357573
963846
886234
710203
4140
1208047
414762
898455
1611398
1997359
1663722
1952849
1758479
1551466
627711
1468807
1440820
588628
1868764
149408
626580
1403416
553826
184366
1546241
1119564
1015414
1438274
264029
1937310
1793984
538771
1122129
942831
228500
723143
1295869
638120
1961268
566873
87981
824137
985642
628059
429848
329260
792063
623114
658479
1685776
206951
641089
478848
819079
456451
1938195
1857807
1375369
1945409
1146530
218003
1657702
1112560
1832927
301429
209541
1699012
659464
1064018
1002025
476022
1314300
84765
1737049
1340192
170517
540266
212580
829792
1075556
1223439
939670
173217
963069
1830815
1173059
1824824
1437977
1924818
1194938
242105
993394
1985611
1476592
295541
324656
1990243
227661
1325544
1387910
1481647
1334831
898793
838809
603577
582483
774979
1047868
855412
1899515
123104
1273921
226819
287304
1262809
1814892
1154822
55598
1298847
306195
1943484
714491
1591080
1262659
1863779
1516677
1561489
1483913
1843110
965567
128407
1454191
329854
322224
1945133
539063
1956649
1857535
1988138
705924
886739
35253
904994
413020
1966425
1195729
957539
248826
770644
13615
1181911
1144115
966422
1024397
1819359
1086815
614233
1028979
1167789
199046
599023
563397
1421461
1603732
422431
1232302
392347
156086
884959
97020
705931
692807
769476
801851
1295436
1151477
1210478
364618
741030
465855
1883092
1558160
248892
257717
1602091
890801
764516
44489
68310
1909856
1632129
727429
372293
1674921
1356581
1330986
1918062
271399
1694672
1965330
1040026
1753107
122777
561070
97622
380325
192321
1892049
526106
446502
1759167
602076
1970954
779320
1887427
370253
1459298
987655
1652735
1303408
524682
1143369
1284999
97546
1316561
563196
751337
945319
1089568
1791413
1479504
735148
17015
1912896
1875538
421860
1928926
1052393
1187667
1754854
790772
125771
1038047
1750437
1931734
860395
215323
28213
1014605
1701041
337032
737447
1309664
1901577
214960
359650
40983
956420
1807267
1657385
1897046
742668
74809
246173
114328
557141
1575278
1634643
1454603
123544
1453672
1967884
104751
935098
1835655
1437353
509293
23257
169518
131502
1217157
1555911
243723
1823645
290413
1916932
427532
159170
1869358
1209570
854434
1135632
719154
1556141
1787814
616035
1066015
269557
1974272
1891328
1657126
1169224
1595217
1441431
1295407
1883901
1811432
1082557
1598589
1580974
788456
1491565
1518409
1747963
1824125
1562696
446247
646295
1984317
1037764
1782622
1393974
451991
1626124
1385592
70073
947913
1371144
271251
378050
484533
1503197
975495
1857882
798865
669832
938681
353248
64818
1380287
750673
1838047
1868343
733488
48953
1266902
339861
47272
522083
204894
1854811
1378273
638646
1678533
1701218
638268
1321852
1730355
624029
30439
1967810
49540
1520998
791902
710927
1453378
668084
571814
1649085
603911
49720
1536347
1624792
1500923
598822
1049462
472612
153585
1261973
691515
1863744
18330
1266446
211909
1493767
837380
1262226
1220285
219093
1198769
128268
719734
811423
1379733
1817016
1193992
471211
1503044
98087
348341
316770
1024377
1800688
180338
166243
1342922
1481566
338658
1000877
64907
1975842
299776
1062824
964200
587963
1916120
66493
844270
941380
1274544
823898
13085
1164225
488683
470145
996588
907523
1172177
1349950
1044095
1066204
1097341
1266662
886089
1867118
1658576
42876
1695872
471627
1621323
1946487
1161046
708520
1202152
691868
663260
1587982
180851
732374
348624
1642463
47967
803101
813534
1667331
590943
19546
1781290
1204096
560406
207562
915386
774779
854341
1491221
69137
1158585
1133177
480225
951031
502920
974323
185923
765105
719635
696355
1362389
1824713
1209181
657226
883273
1651391
1632101
1145428
1652901
288273
1542364
1990758
1608928
22393
611756
919672
1822493
636954
848713
1638671
614042
522051
1676082
1081911
1870117
1774275
1554142
1875345
1104472
1117307
1125470
1190402
1425932
337227
548917
1961405
766073
780241
1128371
1007229
1430745
474294
1570154
913775
1312223
1845023
628004
1539315
399640
1236031
662775
396099
60085
1058981
625623
1729470
1784084
949899
416145
893849
302407
627100
1619928
712582
651169
940411
409947
763559
1996945
1231441
1423150
360973
1021995
443765
1522325
1747003
1471881
1848389
209341
1143480
752546
1938838
550862
1561135
1878575
1779363
559690
933696
1465731
1553858
611769
1950631
220915
282381
1712171
1307345
444936
336732
230944
1433020
1890638
1131296
143014
395626
1782191
1724393
876249
1260764
827730
1951380
1779164
751240
1365380
1316793
1702812
1410043
1276595
1759614
1977755
428733
1777874
1709658
1494068
192040
507099
1916182
1567708
1727120
33949
995695
419608
1122249
1562342
554750
1354547
1001887
1121322
981913
625100
968525
1117931
544606
1704033
1496822
1941370
719755
681972
1911800
389820
1897088
711097
238485
974819
1352964
1167369
1334268
614526
1560036
1815204
85905
149645
162427
1400394
1698170
1545109
499407
503926
1774600
779668
1706518
796376
1388550
1859168
720171
605340
1152368
944820
180647
1273199
977095
1069169
878973
1591122
770338
1521165
1462778
462344
335191
184602
106031
1823913
1390830
32807
113011
551902
1783760
1594572
1010174
1999046
266015
735847
1636655
19155
1072330
1427079
1018445
891841
1503534
1004240
1672299
1437230
1949517
561095
1162760
409292
959790
1460833
384641
1273333
879386
1065547
1209011
183903
348878
592634
393419
136368
1879125
1918036
352750
1897273
401361
1563444
1123583
1821235
1313761
1086012
1150619
401613
1355740
513942
608886
1438537
153606
66475
1349412
1314728
1516439
1092669
987007
1076375
1256608
1448790
1043589
520316
1228410
718457
1785123
1517497
938097
690896
426445
1489671
1037216
795604
631951
516658
1609089
1198331
246088
1573445
136931
1236211
202448
490317
1032493
1195635
1045100
1502018
1375824
951768
1842020
98213
1881613
1251965
442930
599929
1934065
1967603
1072425
899534
303919
1579086
678612
934528
1868477
1516830
1670069
876002
159669
1947174
1711481
316130
766284
594470
151825
1978792
1510179
860603
1156065
309165
1681505
1698837
1009991
639030
1689941
1576736
706316
664173
879553
1931273
899638
1922549
402228
1627684
1938089
1027887
762882
1307743
1755581
154305
1457286
1203107
15945
182225
1956278
887047
1039875
587575
444699
610799
1709875
673486
37814
1803733
1341200
634207
1634953
437057
236449
1973029
316994
703703
389066
1959727
1292846
611173
1141158
1067457
384668
295507
449104
1579385
1948153
1078923
1449910
919866
1278561
1395304
652804
1958190
1251217
1360549
501767
1376460
378446
1427795
1927694
1859170
1112553
980342
1551824
1644315
1790934
30671
1169444
1072101
1614221
444772
55419
229945
592806
518103
1892667
300535
609104
1007872
82705
1140518
1392115
551585
1799009
471105
1118916
1118539
772320
865161
523324
1667148
1268983
1420030
445819
1019415
1999231
513358
683782
437360
157601
920399
400625
887967
577052
223756
27882
1679565
1349949
954190
441083
1740934
1385548
1270611
35497
752594
1552726
1034117
1756254
1860156
520004
301933
1943670
1397349
450349
834037
596
1922770
1097556
1202659
767481
471321
1275841
443944
1271695
251277
522890
1444059
1209396
1537023
1276757
1061224
645925
1660341
1779034
1796997
1846762
38999
54286
1792442
1026078
852177
152446
1100692
420293
881688
558143
823973
548954
1066320
439279
156500
1113562
1352821
819649
132932
589525
1232669
1720284
1896142
922471
1970252
1067423
1193470
745001
1710130
1668175
466402
1455495
101908
1771643
86136
1606854
1666499
496734
1781741
607627
1711384
148912
1369590
139923
916496
176435
1699345
596263
1331618
1630815
1961548
1921212
568995
1917012
1091002
591270
1809667
1203629
1250951
262569
1742656
1983006
909671
399820
138269
1631703
1465124
1518838
1742838
1475591
366593
147782
1620540
957146
1471748
1733484
1878754
441308
1969188
1498589
1487060
724628
1072908
1478336
1081439
1457877
1578412
756552
1426996
1422565
521516
322678
1089903
8445
1973030
1829820
863990
1932677
1014639
1908548
921312
181819
61028
51044
678580
1458582
440089
1078749
1128486
314025
1137539
1441279
1929239
1932830
1658468
978207
1191568
606458
225590
1161452
1837011
1779672
1881189
1430925
1012678
1258620
932894
1508276
1036890
702525
1537177
1200643
1395300
1667306
1069510
396373
1540618
300824
1384896
1346668
276424
1159299
759528
754366
1831000
1385951
635077
1964285
757268
920084
1924108
923201
1063862
480106
852283
1530356
1375980
640672
367396
692628
1106265
1154973
193615
626875
129203
799203
1286419
1600004
859931
1918579
774085
38469
173664
987706
1355933
1220416
551993
1353428
232840
1716063
302430
1639150
15937
1804279
487357
1377630
767426
1023221
1599573
1201940
916623
1267585
431281
1125195
1195604
1192579
564289
1844435
1408119
313709
353574
1682626
931509
294713
1625537
1146423
1569723
1637887
290814
853304
1828122
1445071
796280
1003888
1162772
830379
1652278
463779
869680
1898970
817451
449129
895916
572162
1416417
57113
334191
55245
1697006
1680838
1236755
1864204
133764
1378333
79896
423083
1648582
809377
410538
179181
160542
1610365
830035
225657
522734
203003
884698
1428736
1616670
811570
804694
1936687
1786107
329419
1894992
251608
183073
1758230
944202
251910
1260445
1697366
442149
877047
1563978
1350771
1433976
288144
1974393
680271
1912512
1491374
44582
1534576
204598
1800606
1805018
539763
1495532
1723463
987311
910040
817935
1368507
1271632
640775
1081221
1686858
1451382
1541909
803033
1718929
852668
1423617
128032
195654
510442
1708892
296201
1123704
1861455
365555
1430286
428140
276244
1746836
15656
549572
219511
1549124
1667020
186138
769686
866726
457188
1117530
554418
882382
599678
1430227
1380233
722660
169385
1876094
312468
431985
399291
185122
786984
1737766
834855
1491809
382976
1899041
942202
896458
551330
716267
1137488
835082
1705686
1265019
401436
1661389
515338
1270693
1785335
456806
20969
1801148
832815
821420
779569
810962
1541480
121594
1411863
1514084
1045893
1793769
97553
289851
137873
1436572
1775764
682653
1794970
954534
1851350
1534280
356217
495764
427145
1021920
277936
806077
461867
1381327
145480
160992
1420502
759064
1222531
121393
1977254
157694
159462
1129273
112162
587462
1465317
174806
452604
410903
1840398
855064
1256530
806506
1753204
1194311
203540
499460
1696046
1833034
1944881
1636875
943182
249234
1461636
1223033
473013
1795194
1803471
995517
1846834
1152392
926998
380837
1711520
1943904
907739
226773
1874106
288515
172587
1522571
1197692
685200
1919295
1465546
1160140
1427694
1674529
1027093
717412
646115
1039119
1954731
1415276
1261657
198688
258730
37592
593326
1449068
1094570
1538525
1733743
1894229
1367587
134841
359652
1810487
1944554
1424041
944676
249938
1334757
474042
426171
1846086
1415848
1387307
759020
416136
1144768
1054045
1910343
1950964
1694699
559295
483485
1801803
515500
861040
1115682
1368772
414349
1040127
1625011
909666
1078120
1862310
1325445
388152
219846
1082692
1151169
504415
1399997
800827
1156064
654591
1117857
559307
1250081
911406
819808
753093
1377601
1554169
939847
535653
1884502
1179745
447021
1989265
1498437
741920
1083256
1549813
862330
746647
1878746
941304
296037
756938
404162
865483
236532
1199699
1767081
1965006
72011
838083
304143
1713111
1355058
1924524
1118417
919171
957453
1315008
307625
771973
1657395
1365720
1775847
1844539
1330666
1341119
1709633
110626
993623
161004
1716053
1718382
729442
1845201
1259222
1811626
963742
1566251
274854
1311368
1645817
1817011
689580
409020
134672
583861
939691
1148795
847533
619338
591137
1800164
917619
300637
1263152
1572217
1819223
1179013
890100
1933793
1294109
865634
1149742
442244
225594
1074504
35053
1980627
1307834
898366
1981569
245734
1174779
667730
1200979
214699
333884
867527
1684130
775184
345130
309297
156546
1275742
1582573
124878
1720408
1992776
687902
389673
1805601
21251
1569525
1459442
1426331
1197521
671114
1691994
1567994
1786205
778066
354279
1481545
981669
1739166
162740
1585789
1029822
1821147
519103
1608328
860451
1599727
499244
183441
451841
1880001
836282
1708077
98626
376006
1366422
1670899
1291054
1151772
220046
1456651
522741
1335580
1121717
1872511
323363
1264395
1679652
1261427
1296428
1450684
411013
1345643
116883
974981
984782
531438
241194
633346
883518
964629
15368
1751450
579488
1828378
474643
260476
817982
1890
946599
1599357
238507
891807
982933
632357
1032239
1121106
56861
1796407
1188339
604490
335231
250774
1647007
1397187
849751
298059
1757277
19394
1163259
686255
508203
1533078
571535
91029
470478
248511
1343978
728510
766545
1624648
512389
999008
506530
1230280
1816280
1798197
1545601
1555120
1135871
1711957
850795
1748413
1270705
1288073
533731
945612
1395175
774015
563536
1454454
1531736
1521254
95346
617394
1745865
695900
1008606
319226
1878493
1916432
21307
462803
883608
577606
1945914
1538917
55573
952637
268212
216957
1402273
1496792
1044264
1788702
76556
204743
1086917
1050128
678885
1474740
82856
21713
1974274
1742998
407796
434175
1975838
318389
1665324
1685477
1204903
1609297
1119826
1489493
1741906
1724759
1384263
1077117
560683
1888714
1112565
1979023
1175115
1172397
1457140
18150
159677
1401541
293605
1231613
820651
1864334
1356034
1888051
808769
1606828
106575
694877
570979
448718
958568
100647
97418
450402
271152
1019204
1338621
1349229
696063
1882870
930359
426577
1103650
1524220
1301614
396561
390184
703339
940629
1511614
1795068
1175374
1567882
1819323
1705604
37718
519572
1780179
60176
1751948
1154617
1571358
951905
1011401
1126798
1149131
1628256
766381
900365
910201
619681
1550236
1565592
344449
1598267
1369968
172909
770741
522992
1596788
917793
495610
1537152
738556
405578
821783
1068605
1898353
606243
1429199
331589
1688802
1967991
326677
1989334
929532
1741764
1911865
617812
1152819
1007801
938276
189825
79306
1392619
1113231
1599775
6497
841935
1736411
1229905
204605
1582075
1452316
701305
1150107
1791884
1692588
222377
1215183
26760
955477
326857
1486834
1936749
1971620
1154046
1876100
1054905
1430536
672502
489513
758005
360171
1983751
269587
1829564
55169
681863
494384
1053208
391445
1176063
778043
859705
218646
1624002
1944922
1083343
1916566
1220354
124132
855415
880630
1478054
853649
1052153
1095318
713108
954891
1595556
1500156
585037
1379682
1279847
1366510
70416
1006821
661531
1460665
98821
108301
16622
1904243
1995246
13346
1303250
550304
175555
270686
244873
518335
1604419
1523086
218869
1852556
268734
193851
1302558
1383870
1290331
666707
1144107
1384147
1893842
954451
795311
547800
1988526
1133057
120193
173621
1097092
182295
973636
632901
1307572
390142
606419
208271
93071
564040
1234024
62637
1350688
1448623
213528
1779269
371151
391918
1531162
476190
890943
734704
324611
658567
1503189
1342036
19969
1302280
18060
1422956
1815455
1589750
741442
1824627
204883
1086948
1619818
1511102
139670
1825369
1869887
1117060
1313843
552278
1517786
367025
390996
383609
1987387
546910
1699878
406091
1292653
623567
369651
1251827
292548
1121566
1949187
1937159
1923276
1850543
1888842
995381
377825
1204487
640676
436380
904440
1871552
1777481
1418803
1221014
1267803
1898071
1743179
283679
300821
1419399
41604
690373
1383631
37238
1084044
1234834
67325
667782
1706204
96512
1136630
1015944
2389
1279146
1327242
522874
919693
1455070
1436475
1071393
1274772
985712
1078932
1318135
756658
1195745
408371
87134
249847
1897420
538469
721144
1287714
798291
1524556
1254996
1770865
1283078
1996478
1788140
553084
1177006
1210590
1021397
691583
926001
1281584
1651163
595817
1334410
1805334
1096389
426819
179814
1112994
545869
7211
1258754
1942308
1277201
1838914
1094302
158853
1045676
775610
576708
507338
1337833
1632647
569193
289148
680491
334026
302695
1451731
138844
1153917
1271866
259496
206330
1031771
1206160
309315
1668260
1264465
191299
1118926
1056461
1737757
1832295
687723
1205281
1561358
166977
1894972
597485
1740298
222678
7850
1632193
712492
1339368
1041238
676066
137943
715046
1252851
1030135
12634
1199328
1047273
661146
467188
1489284
971293
1258269
1833064
176169
1880002
1819545
1327071
1959761
877461
926960
283981
262484
1720875
1087209
1615361
1169764
917080
522593
401367
515612
980877
294905
1801930
260867
862853
1518124
369008
1381754
595440
1373520
646914
1590509
829231
254279
1325048
526976
1662507
1360066
506901
378288
1501523
1839248
1428592
1462139
134205
795003
1380458
6282
902292
724578
1252954
1498633
1117204
313043
382911
740466
317856
1367458
753768
837134
1766976
1088040
125280
1764649
447470
1383769
681058
603245
1535267
1575361
310342
118956
1307895
269488
1563941
1698623
1225153
1808395
1486230
327515
841985
221713
927247
1156017
1880925
816674
966693
1594563
470008
747438
126782
582084
1769196
1456313
1589652
955042
1859699
1069107
1902113
628865
677153
622732
898030
918616
982316
1997832
291368
757123
1197942
1658640
1055408
1224527
1062199
1127085
336648
972208
1035883
748720
300144
1774589
1207393
1820026
347204
1849319
377047
92739
819388
999007
6919
1149539
1832377
1484621
589232
73617
72283
951644
1826173
1545725
861896
1486539
188349
1315595
1139668
1711160
1086702
1788975
1876247
1788176
1578078
218243
1209401
678148
911877
692805
1951824
1168923
1815695
1267454
1080616
1984744
627830
1553760
258744
1107076
1376432
1288026
1459055
1623806
27210
1696281
1460903
497509
1804950
1773699
416569
897429
130355
530753
922967
696789
362604
1329731
1654241
263402
1303710
1408215
745268
587073
1663053
974747
1327237
1304943
794434
998024
2877
1916107
371623
1192673
707829
370011
1052846
1657569
248752
1340343
156478
856387
540278
1199167
1417061
1224606
1645608
1359968
355921
346304
1187990
1869976
1602184
1434826
1811164
1540280
424762
188737
594767
944583
424547
324376
165925
1334073
947609
697922
379826
353801
991420
1387983
901013
1153934
500603
460532
321631
86517
1473974
348234
1844960
1255402
531927
1219086
1591704
719016
1781272
647707
1003318
1028020
637329
845751
1770689
1806104
695976
435461
1230337
819589
1269067
1463595
594332
1037371
870040
123235
1863217
32280
1706775
299554
492020
1476939
1360464
1830935
1610252
421322
314791
1408039
860281
1430248
1367632
1968573
655908
1395917
1337813
412270
1512620
912878
442608
1929063
1806966
671761
1775738
553939
660579
1504246
1824826
1370634
1123442
460181
1909398
219587
334842
1689977
1433156
950561
1609959
1145996
1966903
1807112
1612915
165703
1161830
1277697
248418
1726318
555423
1163422
1042925
1037451
1760409
1517218
650514
1436540
1579528
1265394
17426
828420
1280271
1988838
1127437
1059179
1951953
522744
1447451
1116716
1844753
1381331
626807
512146
1823869
138458
789590
1013054
734046
975393
580935
1026281
1518823
451699
1723523
340680
671235
1288415
638085
1866641
888035
686056
1118547
1054704
1339430
1683048
816126
974480
1775618
278657
1631006
390898
497012
1010924
1304511
1984566
424151
1906514
219295
238254
217043
1155746
702473
1491485
609100
868732
1435771
1301928
813871
1236501
167906
1520383
1518952
334371
589246
1199339
1710424
1575789
364515
1177112
1013202
864344
1606199
121847
484959
1882787
1807038
799581
248011
1947579
1516022
11485
1202266
1608298
163701
1288248
1932280
1538891
1118734
1673028
1687139
1645916
1628630
915735
1088445
1815110
1899479
291764
1312009
181769
1578316
379475
1177862
948464
1570697
1645386
687640
1790598
847254
377513
1602674
451811
1746685
1851931
1094113
1917056
1359898
38224
447624
844611
960897
304834
1710388
786668
44530
1243365
1011205
756959
370405
3980
1017939
480722
749189
1202391
453618
585071
1234860
714945
1758446
374920
859367
885391
1361239
1476273
1943066
749849
69593
393262
1602606
1488170
182317
1971197
1697200
1659804
1524640
67751
391789
913637
984575
178236
171374
1689361
1349917
1065230
1298871
41733
891868
1020745
1235543
1072457
650078
825847
91528
465588
1953171
670026
1945702
87984
1533204
461343
817778
465378
649698
1986431
325019
194562
1177517
353602
742416
1134740
746907
258798
735157
138641
1831629
1596375
443216
563604
1668626
1361051
961185
637324
504566
1116890
1969145
583303
889939
789470
1644242
718482
1855128
1279532
934340
258180
1690015
1928474
1214153
878108
884793
1448721
103143
1704857
1290078
1960395
512854
1024261
254256
1040606
1157191
735827
600221
594736
688717
210316
193701
56797
608820
1543763
757202
180948
831306
832021
1703166
526192
1804008
149734
1000892
402460
703872
1711263
511247
1668735
1572351
1297549
1069314
287005
1182855
1477829
1589898
1363167
408589
286911
107113
1389328
1155525
1048378
586356
985667
1723536
1614083
221499
434843
375767
1322925
1336280
640765
1842779
1927161
18799
555695
1333784
1565508
1058612
1719041
1895087
74862
215563
1044104
1482892
357340
1874166
834325
655879
1371083
1526557
1745395
129748
1479969
1597380
900428
1911337
763330
577074
1555235
1936203
1171377
204087
1984602
402414
1182794
1581550
1046426
166055
555125
1335860
641695
251296
1613242
101406
1359602
666244
437950
1561205
464860
1588458
1478768
1238367
892017
342520
697027
1491855
1748583
1435460
1453111
413084
1765304
1449223
14834
1245462
866403
1959047
1317150
305675
659393
266585
692116
986313
1066946
652991
1138037
352016
1766487
124815
175159
237444
28038
616814
909091
1541066
1656005
1423631
1163809
753469
1350913
1858555
175867
586176
248052
1521525
1762010
104106
9101
1531522
360715
791239
131829
1274983
273465
1401210
789861
374578
876476
985375
1949642
577054
1790973
1867804
549631
318869
836948
1539939
670052
1862808
875150
1136174
1648346
1273515
1198199
1960978
1179346
1601415
1431394
888940
1206473
313130
737569
635715
69952
1593720
1436625
204156
747258
1002650
1225973
1453576
934274
1305893
1417865
1703606
946535
1119732
1641218
284300
83501
1296811
1655084
759466
602697
1550130
1851180
528480
1265938
1223079
1641168
1393566
1626919
1347838
1882958
1012287
422084
786461
893997
1638255
1557768
1420841
1933208
1067783
351144
1887958
1256605
1966463
523657
742013
1611283
1549919
1180343
384874
1786481
1138238
1712520
257348
443450
169041
336147
128563
1524510
1382846
1248653
581222
763681
1385121
1733494
1598902
1100147
1066671
997350
1493348
1318942
1719396
1537890
1367034
1577973
283501
105522
1635798
643861
1514084
1812058
299996
1374335
1522770
209594
531341
172155
1747661
1027090
1795384
1772461
972273
885260
1775349
1637079
186001
1996815
994756
1888945
950022
733159
999721
1436189
667886
1918399
1104366
1537302
1430662
1027521
873436
893946
99186
856123
513147
435442
1423625
1729364
1389620
1525526
1671997
94024
70581
1828364
1812896
1623796
1627039
1360163
733256
491888
1392292
1057770
1804030
666406
1797852
842448
911730
1738128
1497605
1216776
1490086
850896
599910
690687
1764420
486596
1095342
812827
956483
568235
1094902
882706
1687498
655953
872014
1057978
905028
715741
619490
650238
1432891
966564
1142351
135129
74967
168783
818415
529138
727652
215304
453597
652828
840854
742713
188157
1975755
1369808
1729173
1079417
348310
417952
1357775
716950
1566521
317185
314035
1882246
1542380
1316217
514228
1867957
1638710
1806517
1759888
798160
1014772
1051985
692520
1384985
660958
1134231
1225177
293512
134647
1935008
1321509
1048902
1740266
496526
482372
209196
1407524
1488403
1974925
1071953
1358536
104875
1100920
713007
39849
320772
431819
1950896
74618
1990849
1802896
172703
110289
315880
9209
700549
1721366
903134
938929
1573815
1039978
1605439
1997100
1248913
475312
1660335
1304296
1781064
860029
328936
1724099
672499
1203925
377648
927056
223379
877534
739068
1503704
1661624
1690137
1593579
894829
344269
1260828
516640
1270471
860418
522608
370123
758041
1022695
1282156
1137916
1054651
1952749
1072037
1970782
1161252
619849
564595
1507118
166471
1295702
419163
1240314
1502734
1729318
456892
1629721
395071
1586944
1745043
94866
1951621
1079806
1483044
215811
449743
836764
580162
282610
1971879
1108778
1672387
727648
599973
2140
1917927
1020139
274682
1332724
1125838
1701406
329900
1184583
1459546
75066
1210852
1685377
71816
1198585
1638514
416625
108543
1905379
1773854
1594322
970539
947886
1601191
1934276
564851
1819532
129824
1306476
1141457
1863659
654097
1214813
363777
1092365
108201
633241
1480636
259096
1073269
347360
816072
764008
660527
317949
256955
684939
596736
740133
546834
760584
1456625
1210857
1563163
1973442
1499784
610597
1230435
52429
93253
245689
1950478
748402
1817705
1698095
116457
1533426
1828348
1974528
1206487
792241
1214796
1018687
79437
1097381
589816
843179
1117745
250980
1317926
1179636
157588
177380
1176836
1146486
1183100
1468303
146762
626799
1161655
846554
568883
1367762
1788044
932741
1021656
999807
1721431
789783
200872
457833
895755
107057
645694
1956745
823825
203041
74835
464721
1318127
1636687
1606187
1112085
887816
481156
323651
585167
1937127
842318
698657
66913
1064131
1790215
1001766
292490
676334
1478909
109686
1144666
1664122
342443
545043
816946
1254743
651248
919672
214157
14065
1980625
1118795
942546
144694
1182545
920610
947932
1436551
567466
1540494
872536
1701357
1754799
1933516
1739456
676723
1927833
497420
1178023
603822
5218
1061802
1163393
1078478
724841
1465023
1472678
1484535
629933
813515
838793
467119
1054234
126199
1617229
1222661
381659
1507302
287798
1727503
677369
1280474
301969
1064435
1568791
683962
1499586
1149869
787001
471622
173525
1789767
1463592
502385
1382040
980833
409231
475067
1690966
1742883
1124543
54624
135289
1604615
83573
1575730
1918400
1624678
1350703
1115753
1843576
722805
1140402
1960456
1348410
729049
144731
169197
663931
1184894
1921436
660717
1077649
878691
488864
1805171
1897261
47097
1509014
622066
933118
1872378
1303270
1596314
859186
1428607
1963020
826608
261290
1949300
1802467
1974191
1908220
1528209
170559
1911142
1045902
1992554
249174
566975
685206
156302
268109
429929
676166
1785297
273738
231659
998936
1610203
1662421
572552
1059299
287102
1105649
158907
362984
1042457
277345
413930
1537641
1552741
1273998
527106
524832
1170607
1304585
216337
1856318
1288452
1902206
1718443
953644
146203
1303974
566432
1326259
1537201
1688832
1592241
1088464
1786678
1902699
1239272
539513
1404587
1666243
1885209
1824584
1841964
1783955
1994300
1328245
1381870
1255117
1346933
1340759
1495375
1651676
1997170
607621
1471289
1682429
1343692
995487
523842
1206157
441094
1354552
283976
280265
1829620
1656465
744641
1182773
638295
1761022
316032
1617691
1007390
488229
1155787
606198
236400
437498
935817
1617232
1302082
126186
1393576
872010
785203
1837160
1476090
785202
1355573
279491
1077011
754451
317977
554947
1212587
1827948
142830
587310
1709937
1686251
178195
570482
1926925
275025
459738
1392093
658729
785164
1459867
915124
844758
1575395
760575
381478
1430013
186601
760211
340129
24288
816348
388206
1645767
390331
1748455
1650462
1460510
1480219
615600
423787
1398918
1107377
396956
1277600
1424396
397241
1827297
1715430
1751696
892587
1008536
143019
1060289
149875
1242004
1292339
1266576
1262565
1017967
248891
1978838
503327
1997277
869709
847125
1832624
1330363
370971
40855
1360403
218670
446551
946663
1584718
919633
632690
1031927
1430269
1087673
886046
1123376
1868278
294881
243230
283346
1683804
338626
997394
1127183
1483713
690225
1666508
1096952
995918
1839262
1079495
1334643
465222
668292
1443573
968500
777828
328149
1007125
1975494
541627
1338030
1050634
497346
136785
820271
1391905
1296142
305877
1592929
1761886
1560891
871982
1174702
996844
1708131
1619426
1603568
1856799
883077
1405707
1797961
894733
683641
206535
313243
1701976
368301
1870774
650346
147780
852129
1064374
1483103
480111
394428
548705
1815914
855428
33650
144803
266764
1560376
961435
199879
1140707
434695
1881537
1643303
56458
1917491
99817
1425482
41148
307432
540964
41872
192349
1028264
1060376
1219838
1248139
601740
502965
1044956
1772890
1985576
534467
10196
1595063
1066210
1464204
990913
252825
84880
1111060
1973313
1786753
201722
395084
1965144
672920
276904
16788
1981021
1638999
1046824
1644611
561038
1975481
245134
33770
1979266
1759732
546554
1385459
378228
929203
1941264
1059401
1065611
829739
479540
1151461
1572156
1029610
260580
1436996
1093930
1984171
232958
660720
1020166
127533
425280
160593
970383
1213346
1891991
540243
1051120
1007973
93109
1468120
404937
1273586
1507750
760405
1189992
1964144
1557466
1023702
979250
574561
1959516
586065
38039
1856022
141523
1598453
1077855
202600
94305
1982959
570825
1537848
727007
760409
7095
233943
1920027
819292
1123696
860531
1259102
487211
727836
161820
1418342
1219122
1603526
1325038
1893661
801870
891106
1156362
614414
1092122
1186776
1223785
1451139
26515
907913
552976
1509618
1277864
950723
567566
922324
691423
1775240
28161
1193317
724722
1815349
497183
1316169
1455597
253046
1839573
253778
1683929
1744161
148080
331064
954233
1355559
179357
1815851
1265140
714954
1746479
355733
1345352
1629464
1231637
884012
135970
1433774
257034
962027
754193
383652
1730144
984238
1742415
1964645
732068
470931
804069
674958
1072642
606956
1082227
1370159
439894
1440718
1690439
739940
710218
950524
65874
1347241
718781
172296
975950
1179193
246097
1316195
757076
1642178
998372
1174630
646515
1889518
78811
423721
293757
390510
663408
716476
251262
820812
1378570
622006
638270
444465
1852949
151180
1051767
531978
1918553
1533121
416136
233373
1958265
1921602
1135448
1535226
842598
248454
1750474
1417938
1267673
1162187
619968
1975776
1716666
1409500
1772174
452297
519805
184556
1425581
1237279
1624908
91938
342479
480582
1700139
1407970
934620
284865
1637007
255168
564463
1978976
852952
503066
27643
911992
720594
1169381
1094892
1105859
1784717
686767
9190
186688
1329993
680923
852267
1605123
130506
710005
636140
914286
1423453
129669
1948746
59841
1004146
1343080
482634
1425101
672243
1754112
1929917
768303
408115
518018
486426
911279
1457176
1232476
982050
1393393
1445648
1530057
758537
1435714
1654576
663054
590776
163416
1445669
1965207
1234284
1020806
1777855
1866773
1093256
1344748
1432586
642186
624059
425408
434503
492819
5099
1429583
1861593
911162
1551752
531320
271289
1367779
1461399
1729236
171274
558488
1751908
451864
939053
1376129
1821675
841484
504386
1142731
1922632
1383691
1836199
1897724
1940764
1561459
1798340
1671706
243495
164118
875474
304355
890278
874578
1444655
915233
679952
55780
1069292
696661
651860
165064
1024234
1657714
1765348
413441
691821
535343
324468
1294772
250256
1073057
985484
816327
155724
1575837
1839046
1373890
9486
1059968
1359655
1495272
1723535
1718137
1356852
964085
1871987
743107
1086343
1021627
44331
1917145
1075214
1871314
1571250
1906033
171771
1677923
728589
95518
82829
1655953
1566311
923687
1830037
1181840
1749763
902503
456436
691980
980016
231367
1914934
583655
569730
1101811
595786
1889583
1610535
1718451
273695
1291430
1021643
15015
919599
1350838
1340983
232989
114938
944507
901209
224990
1806484
1161079
481115
69500
1015479
1903798
1571883
594574
1273547
1842884
4283
15035
767710
11355
93520
186762
1912594
1427878
144959
24532
336643
754902
1711089
605925
1878810
1253059
1576038
16724
1729868
1335325
1960917
434643
593505
373480
1638459
1853172
453130
443744
1578099
127166
820029
821460
1906053
1342185
1948283
282344
1257901
1903473
1962175
59216
496930
103542
767762
1470359
1250569
1998742
1146209
128666
1043851
1959895
856692
809739
609099
1202851
174030
740715
490118
418911
1246981
1627636
45506
1237015
1317192
576051
150381
258324
68995
35625
1737699
1540572
23625
284198
1509870
1090612
571052
1262003
1262691
1857657
1108024
1808857
1989752
189758
213992
345331
1367191
1812980
1503439
559878
599747
1117650
1519544
1047258
343298
1937623
1802126
225724
45746
1266051
611571
1325534
928820
779296
1829211
135692
826504
67469
506674
980486
1392248
1147611
1966777
903315
1014137
1585757
297921
885875
915227
21252
1995300
865947
635363
896729
1868572
363060
355421
695610
416205
773697
398354
1501778
180756
1336638
468902
1621673
1151097
1436606
822104
1403209
1374088
1112126
1040150
239284
1128012
1047559
1224858
1112635
1004561
1330756
248049
883761
769810
1184755
747843
1318169
408293
184753
614116
754352
1799647
242083
112223
1951448
1542027
871696
1898768
554226
1197385
579804
321060
755413
1404853
328310
1012787
1509008
1744763
1050120
1418261
1954994
773862
325908
1212083
334265
1871627
1484430
288685
433623
1653099
1574075
1350668
294874
477154
329494
1131914
137522
108017
1550015
1809571
160510
301816
316999
668067
1945391
235915
395909
1886222
1654732
1935474
1804007
1424444
558152
241906
1800751
1767211
692091
1515784
1984831
1521593
305220
945022
1253744
1056846
1273900
637299
783637
1476650
1869063
437163
1351906
10012
286566
66821
1372144
1827059
1084169
1940407
232318
1902432
1997905
1796635
1501866
25487
1758498
456953
1613035
1168291
679891
496962
1228386
521164
795146
1342687
1324039
574513
1236583
1591601
1346640
422306
531558
361122
17913
915881
184606
1595211
1858485
1638275
1291318
982357
440451
1755144
41121
1594019
1906131
104968
1344583
1293791
1984001
987306
741286
867138
1150781
1137658
1332105
139018
1956231
632092
291733
1075893
264813
722794
1417823
1856862
534320
1929355
1688210
225388
212272
1526578
1436374
1612754
1967805
1920856
766894
1171619
812253
337272
572357
1527690
631316
503124
809858
175850
1933687
1106368
1889843
419363
1241508
1579954
866904
804117
953546
924008
951634
766540
846570
1473390
1675936
1044432
507440
1213621
87837
1348988
235391
1635420
765455
224814
716220
1820694
79792
895710
71458
354000
255187
1537476
216289
261301
1260771
1532551
1456740
391816
1064810
574239
208003
1242100
227634
330212
1004109
310732
1560047
1632896
1335680
1039098
1010790
157458
1557412
1682788
572562
1817207
474611
1819807
733365
1947013
703923
1252032
951106
979287
272405
872269
1371620
1024524
208835
847913
1977504
386624
524372
1305755
521831
1343000
1944252
1743272
554812
152945
1591650
128531
608036
337613
43281
472923
478667
927640
1228270
790283
1118419
1372709
1399338
1081274
1578771
328443
1354619
1207669
1805063
985963
264432
1176990
1029368
305589
321569
1258989
756422
192276
1350236
641591
492879
745369
661971
773273
1414632
220533
1630272
1787109
1241494
1033933
1711059
954993
189671
1152562
223134
1399992
1797627
1884655
1188257
1650032
801881
1314653
130517
328249
757079
30
50826
831
646492
1938790
192274
614878
1665964
469918
714697
1951160
1654345
1118758
632558
382986
946994
784594
1954684
1020508
1520809
941113
358472
761637
626778
1624795
764328
1463507
1788189
828877
879046
175734
1634809
613775
1186610
343091
1077515
746368
1623213
1676869
202099
1735736
1650054
280197
156469
608474
1183235
595628
183588
8668
1996201
1117209
750090
294278
310662
870061
1135055
621038
1575041
1472984
743144
387518
1141496
110793
1502866
1470273
1470973
1405789
323569
314697
298387
667625
1814514
828901
1995578
636870
1216504
25338
268713
1376608
1275502
1613571
313107
1106828
614800
246904
768222
1013730
1573462
1880603
1010251
1819840
1804682
1441118
1705671
345429
476030
259417
821010
1534949
1220478
965024
1010572
1677796
1237726
333113
831145
1633217
1574103
692202
320647
988493
1334977
404870
1808556
911383
1110155
17794
325354
493111
702862
1213532
190059
803331
1823750
1228399
1529252
833395
879218
1042893
1924164
1895119
1638243
1753363
422895
353545
1420980
1096201
572949
866551
1488243
671044
1882253
192893
1256635
1230648
987058
1624824
913247
839860
994502
1542955
1485895
394830
1319828
975501
713786
1226663
1144317
1974610
591790
232463
186226
773968
28501
597401
1841263
504572
1470087
756362
573487
248367
251511
1961452
1824045
237750
681014
1596598
1886915
854023
1302885
150990
1997478
248917
289300
1911005
1697318
822756
706625
1284323
183014
1788355
815610
958552
760665
1383652
1630229
1523034
254600
832611
1593259
1740820
1417969
1812080
398087
484405
1839792
1713639
755819
654356
547216
558332
76620
1070441
1300427
432636
1403776
1221455
415560
1733118
1182495
1477233
1614304
1302962
184514
1446494
1521158
98864
1419009
1408478
775262
762220
1513889
868689
1238402
1617980
1630215
1650952
1587938
85837
609641
1660256
1736157
1896473
1750491
1528899
1262219
899542
64056
432880
737236
1169624
1470144
1913694
888275
739906
431269
777658
537877
662087
927326
300512
1775879
112333
1155303
307689
1219040
549237
181802
348139
1734153
1973100
1814702
1266309
1146723
487990
450186
1953103
736569
802327
1333350
1171443
1799397
290809
296629
696960
1090065
764757
146558
1873573
342251
1491792
1129174
1565368
866768
710541
407177
1038226
911712
1592484
1773207
1663446
917690
273052
628731
1950751
1259339
1684648
303418
1186705
1585329
1823378
1006297
328839
445719
898560
614096
1107987
1597978
1166742
1255587
961989
356476
1655237
491843
223866
730630
1530180
356844
1248435
1172563
1917938
1987501
77981
1736450
444037
889133
53748
1042079
610693
1945741
299210
784285
399247
1508538
780187
1833088
1216654
382089
1910916
1525851
1329978
1285923
1831954
1038895
1456170
1892348
821998
1786813
792912
692881
618347
983023
1008249
471688
462354
704450
477358
1929344
119171
1337979
1286005
1199743
1364240
541662
808435
825076
1276015
346150
295575
815593
240025
1160513
272542
970464
251787
171751
329499
373489
1474441
773071
1893446
641758
326340
1300596
1783689
1260761
956687
521417
1981819
38781
289674
1156272
887471
1072370
821880
1846724
1956414
1352967
862799
525728
1292729
1518813
1091393
581115
1372480
174128
465119
1611044
410111
311292
410902
1631611
1494126
730542
1848782
617119
719831
251927
266130
1618277
1128765
224900
643092
1433245
506551
1496967
1376031
983795
1316281
627043
630780
1566414
371617
1808657
289698
1518429
1428250
1735401
1748660
77030
1340087
1415138
1274045
1573155
793112
286886
403398
1224023
288262
1660942
944690
71233
921638
766119
611933
262756
508479
1880319
1710251
8675
685048
94780
1860640
1080696
1419585
1487406
1631336
1885468
385142
171222
253079
1518694
1838900
275194
1841003
120693
1450908
1887272
28071
1419875
928522
918260
1334675
465972
664272
235042
1331717
542305
516811
870629
1999798
432671
1680300
1570690
602195
739361
460342
1704405
1666625
1077807
1260806
1634646
528796
1609935
1768252
750712
800546
1119879
1413142
1311155
1208405
794297
1966765
1454592
1950766
975203
214759
698491
561172
868579
1707432
276677
11103
1679940
1762962
289521
601071
1966100
413595
1885657
1934730
781445
1707056
413953
1402779
334183
12757
91884
275002
1318178
862726
147233
383749
139350
873984
621727
94370
1491497
1326259
1261833
21486
1844145
548500
615246
334351
673790
130563
862792
1427591
607791
10291
1974980
1162570
476050
1790438
1415832
535682
