1328589
1719160
1170988
933822
1569534
111378
660654
699966
966391
321670
788177
1765711
1250600
9089
1309518
835139
217489
1474055
417897
1768137
1207697
534505
1831158
1768537
931010
139445
1237502
692475
1281631
1100471
1907745
137409
463088
887194
1247214
1840274
877007
534132
320585
829377
1445378
1885682
1119467
290565
1992387
267050
896909
870748
879481
759761
101620
928077
363140
911282
1700485
95407
1015444
1577141
769501
1145341
982367
114694
1941978
1739597
972581
1538215
35268
563142
929713
633800
1673027
162537
1921724
1481168
901074
1053569
655273
98396
951343
1628604
173496
1742620
1170940
1547932
28143
474106
1073318
1293817
417293
1956445
617955
1018738
1810878
1065015
983067
1525960
74952
139686
76237
1915419
1502250
1187282
654732
743600
1700489
819696
849332
182836
600135
101333
1049065
1694349
1903109
1580577
781017
968514
1264122
863310
1336542
1544511
1886801
73197
1943385
140261
1109657
1753752
1468965
1845917
1142144
1987058
172449
652680
1538370
740870
1914014
1666504
616582
1883704
1531242
1081838
1322253
949180
1756908
1968325
608010
615951
1900249
1367174
1076961
1695500
186049
152043
1963257
280513
534818
262437
659839
963197
1687001
1089509
1812486
622521
1396656
1214290
76463
1804929
260424
1760803
1584939
1570434
790332
1726350
612029
452029
15589
1602214
1190348
1701046
1560471
1611581
1275955
1914595
78051
1037840
1529719
1992104
789944
914498
503995
461013
1842540
390492
1138335
558128
1159381
1224973
1332693
1746710
709381
680089
356960
1105619
1204781
751450
460605
824070
559256
1210996
1134005
797500
959213
891543
721093
566884
1559030
481835
1412046
1673396
673733
1509749
1762072
971520
905107
1367268
1039968
1163544
112891
730775
1205096
1907809
1132396
741269
1589839
364715
678129
1190686
1226194
870412
616910
356765
1854837
63560
215407
983834
939657
461162
125231
1770342
1676954
521482
356468
1016947
1320508
611175
547476
192506
802534
1479625
380831
1452673
1558015
1540512
1665975
749185
1816926
509846
1832624
1546368
43172
1553715
1279302
139348
1482899
10023
1455410
1052100
1523945
978827
1483650
1020174
1564132
1696888
1051773
895384
1436273
1657730
1214713
773222
1096848
1495098
123676
607168
41227
1142245
1496666
784462
1054906
453996
505379
1519714
479293
319247
1203930
108042
1892621
1936583
1159003
563602
1615262
1971413
164689
54273
737045
991949
910134
1747058
1851655
1390585
1043734
208557
1009272
1434391
117796
1899437
659287
1901354
1193527
1298715
116900
827948
1595371
1938206
1581067
1772000
498026
1403525
1355753
242169
764385
1573946
1065272
1753181
741267
1950328
1120742
1851533
1033252
681918
1336206
571103
831117
1330548
274230
967662
322155
1670455
997295
1352276
172195
1051048
1435437
1037210
1373900
1487037
412097
1587680
225803
1319624
953155
444861
1983094
745859
948305
970153
403128
385933
100994
757194
1895019
324214
662166
441347
146613
1673788
455970
1340430
774509
1821435
910894
817083
1891012
360278
542428
1159724
34225
1964610
1976425
230975
994566
1477504
1762428
869734
681783
590041
1351559
1750582
46998
801866
537918
847267
1263380
416693
79157
1722863
1057166
1923977
1084099
685880
502985
1681624
849081
348406
928082
1912937
1913985
337168
176154
1954540
422240
1600630
1896276
710067
1916209
1108488
28512
992088
1311620
1877535
1004702
1161093
1057491
1821319
139927
637376
320816
850202
113996
513396
1311894
1938783
644552
262785
1165904
1007229
1008990
1298999
521862
1578220
238788
1191774
1430660
1672430
638474
35921
1054545
1866852
755850
1732021
1520505
634046
843041
1807824
295577
809610
1860761
215704
234391
946624
121002
1906556
689597
130904
1988640
650568
817282
1166831
216706
721354
1428745
663466
1207064
539927
340855
1259369
1043324
124292
1624392
1372774
384126
451153
1683257
1154298
1394193
1255641
887548
618280
1648151
824645
1203388
1196257
1730304
1966289
1291097
229843
1803852
626109
780906
445558
1794270
559426
1099250
1502739
1403929
1280369
383694
936305
298217
1394406
924795
1497510
1792702
1747776
1167277
608642
723621
1284245
977709
1961357
750402
1060048
1600026
177867
430760
1188600
1598494
1371688
725862
156138
1957901
402710
1033963
1896906
321303
1314746
455566
1615316
204688
234497
794042
1065456
1899403
678132
464668
1581686
1895864
1637492
1582393
1127838
323686
1644426
1462600
1938384
1137184
1695647
1811777
1127224
1764994
1271481
1675658
1495902
1117425
724582
1885556
827513
569942
1250053
129864
583971
1189646
1671342
1638995
1088194
1869641
861641
558951
412520
1049760
53529
76893
1782150
416533
1833332
1916838
1082089
613708
294534
193160
381871
273095
1851081
654787
1360419
194459
314712
313728
1698498
1205570
704670
445411
1637346
413619
1364630
817932
256305
749445
1007318
920971
898427
1712280
1516229
1111959
1570493
260360
915059
1082327
1441280
351122
878315
1278216
1704279
339763
1062998
1558210
1461596
1825768
605453
1035378
1814554
1879616
405127
333923
730968
1639124
534056
1506540
1730479
589740
658419
1903059
1735507
1759336
1411712
1013816
1894397
836303
1183751
937956
1146980
819139
638940
883310
1181407
982136
1449163
1099661
784744
100009
357913
1257231
1201414
1547819
524059
16773
1917969
1010598
932843
605666
1946110
1128950
1995365
1430014
110699
1931103
86272
1968273
947989
1277878
721481
1805167
548055
1172510
92096
99664
1767002
1600091
692756
1511120
1340991
1491593
261880
1245088
331542
819414
1222511
492584
433204
1841658
715480
1613396
1735578
108447
840320
899338
1503625
1605637
55968
485021
1633038
64889
290663
1078376
1421437
1223216
445300
73843
693248
541041
1026316
1690203
1715661
560892
363228
814897
989301
873462
1184864
876472
1466728
921015
439652
768245
1500732
609821
1136856
843890
1312005
996189
1826083
1030162
217928
1474056
299490
1982387
936850
311007
1329045
1692507
1322484
1482677
1015269
369777
525169
313169
1033627
1251121
1488744
1760394
405717
1187343
380365
114624
1750513
757239
1232697
476363
631787
1083441
606374
437578
681718
184231
315899
1555463
710298
547786
137688
1510231
1076247
1328594
490643
690942
190813
1101880
1846459
547823
1562490
261311
1796344
1331324
1368049
1714402
464191
1372236
849374
317728
994260
1239566
1949345
1614155
1231329
81395
1587088
233408
1245509
1024886
1937110
423328
1006260
1188631
429639
1314466
270785
793099
1931497
385579
1775391
1239963
1178233
332519
1104758
1569763
1530345
1621866
435965
1844345
1485064
1263970
1918377
1818637
1006876
1582157
976323
1306350
1477294
984751
459905
1670580
1019915
1192463
1117326
347827
888171
1895570
309471
81034
1950899
1984292
965226
1193555
292967
1168634
1758033
1462269
135030
1893201
1388096
1902756
1563717
1390836
1509359
266843
636779
1467317
30081
978781
1225583
1513159
1542565
1953754
401245
469784
1342840
942176
1639232
1373253
194987
147170
1831592
244189
42097
349001
802669
501790
1945213
1846345
194288
1933873
390412
802891
743125
1491747
1458452
1305184
407646
1636511
863487
9514
696646
1659564
45383
1726699
1756084
1360245
212845
598457
61744
1258627
1475871
48186
1352981
1407574
1571859
831641
1622325
1719491
670329
1461994
23948
113739
1904961
1010170
1027561
59587
1919944
13080
1711797
102625
1870241
413890
1186455
1065378
1118966
1111262
220285
34376
1912983
1564523
1407030
565910
627097
178722
1398687
977220
767435
506118
1020087
1756067
1375487
1478593
1293553
539907
1802898
623677
71264
324428
1835929
211950
1300215
421160
282304
1450235
1053646
1767809
1398569
1582133
174087
1863620
33706
56292
1470285
1278122
1634604
1147885
1002401
145289
1220080
283806
1121878
1989441
487757
1774976
300845
250640
981078
222264
89027
1884165
239286
1402321
1769147
1057692
1830601
663968
316643
1894775
393645
1501466
249741
143415
1842965
1042068
1454512
1002620
721101
403210
231999
1423857
596024
70789
1285093
700627
1113376
833344
740504
322044
685044
1526252
1211354
1142496
523251
1296404
905265
1899492
1350511
1114546
784523
1483555
1861090
1056704
894736
1472950
1791617
482600
3304
127960
1010389
1484010
803846
1982620
101110
766298
392214
470934
301959
1122311
1567010
415460
1283473
1904939
46237
1129831
1030940
541055
769887
1677998
472734
332127
1767222
1988423
1372294
18491
1806577
1079107
96145
1967184
944535
474736
1640197
316342
500678
855125
46901
869363
1289543
1291135
1939242
658050
1077572
508359
1417444
1941266
1167007
1959171
1263327
1953923
972641
334078
929525
1282937
370524
1218927
967113
681094
1909556
1599379
1809850
742665
591528
1998739
1215185
1580611
362089
1380931
888888
1741618
510953
183409
793596
1039724
1696772
1993697
1044304
605691
1576514
929821
647404
740912
492619
1856381
1795365
70768
758085
1557262
1168149
1103717
761546
729355
1512145
151405
832660
1668241
922054
796265
586019
190839
1924955
711687
1251099
1878296
600866
286583
1585362
1449423
1235716
49616
555313
1006451
252694
167806
288967
1350531
1785642
538833
1867226
1189913
897340
1707321
515062
1816471
1828749
1817096
1740708
1992207
1402535
204086
1210316
521517
760659
444344
1095566
460276
1488648
867709
1901751
930146
1099205
1599306
1245436
37451
3799
1872639
881727
1092773
1744902
1707394
1885807
1724388
1797224
863607
1708231
1597735
392825
1305479
1897314
490723
143859
49984
989693
1315875
1315980
251797
1363349
1508533
1701173
1771926
1378158
1330476
489336
498664
912394
13204
757269
423489
378874
912082
126501
456913
1152987
869429
1794581
304747
1808225
1706463
1153968
234514
1719751
1824920
525743
1354289
1500872
614496
144006
697573
1246231
149807
1657587
1476301
885759
1336146
1075777
1991484
1695054
953302
1431037
632172
15342
138988
1190100
1289178
1911344
1635823
1388871
1147769
981976
1225385
878545
1045680
1393583
1373392
275672
1103874
1769029
757626
1074099
40224
502333
1857255
1496364
1069677
1558377
517742
1091580
1214294
476101
1134704
751399
879814
441948
1604127
262543
1527084
818207
1289480
600747
685132
1993357
846297
320190
1760644
974380
1272523
1414058
430927
1812210
1014749
1684183
1989222
1260839
1400180
1246947
1992024
8786
578338
1898811
491109
914716
1804512
260083
1006747
1377872
1864600
666405
1560414
1531352
1327280
1743394
1824883
1301064
1886724
1797475
167871
1009096
1042806
674742
977097
1786004
1934122
1906473
926639
1975498
652583
515881
1198083
1372625
648114
1293487
1112675
531742
1946888
69286
1875969
518571
624314
1926941
1152937
1925406
585761
1765859
76200
1561945
1816625
1238732
879437
1546200
547722
161856
931127
1728155
1566808
1733715
1572728
457849
318416
989736
1638726
212510
1905756
1937461
1674720
1135920
385418
1188155
1325810
139416
121935
508097
1519571
1117568
970603
274094
1236473
1728099
901890
1777259
1722445
1398752
1553629
48905
1715774
133385
429013
143118
1450529
1451087
1538566
565174
1907156
1769162
669027
549906
1124758
394550
55491
1774412
49057
1124654
1270583
1090537
1508406
506747
923364
851198
487935
141064
1944269
1462287
55826
434802
1668975
32503
613152
17303
1372967
453250
1840280
1359741
192390
1039947
1273118
1257080
872
11559
55169
1221945
94932
1090674
805892
1798497
1553115
970898
1264200
1288684
1884233
1373
1638094
139671
303946
57152
1003017
137862
1876124
822017
798695
1953430
151807
1452076
1900745
427978
1778686
73002
3754
912018
259815
112720
1400690
88189
1460577
1216982
287287
761840
1234078
764476
620540
117226
1715477
1562083
817640
1382873
1194375
25094
1788916
1432465
585561
798145
1461616
975153
564830
1567782
1579717
929879
842675
1260473
831216
1550693
1078019
525257
141235
1556317
1262278
475200
1379876
1363680
1926148
986502
250444
1929823
1579800
1093936
1566071
143929
1818034
1693117
24467
1076859
1874891
1079833
168921
234245
721293
1387628
109380
1547924
1540095
754084
1395441
1694973
112202
1837134
1059549
544729
1487641
1496549
1793737
1757722
1194412
1118155
1173412
301474
348187
1167397
1057691
994193
1211324
879538
1475272
1121649
1060932
700092
221518
39381
1459414
1922090
126230
1021787
11233
1540410
1498132
631945
241692
1865379
1743441
1438400
513184
1369269
1748820
1365982
329048
666039
751635
994608
1847943
1787469
1069182
541672
1591648
1325555
278233
268825
1131674
529049
394923
590948
858981
382955
1064347
1837270
1858580
377964
1232602
874207
51128
1700102
3168
683003
855469
1661976
1754767
352109
1832906
704885
1185343
785664
1331191
1647166
17649
1232115
1970663
398565
1575373
540468
1779561
1113344
1015987
1412584
1956669
464475
1726150
809425
487720
789357
1323706
1587046
1074340
813665
117292
914613
606117
957553
597160
1365650
1269093
594200
77039
677924
992059
1876447
1481729
74701
1668090
544718
559848
49802
226639
1557865
1263014
1351046
1022367
513944
203270
833680
141462
757536
176619
165449
1188152
205999
984511
639804
1376758
1457954
698698
732872
1102610
59205
1966467
1811251
683356
344355
1233914
960733
1023460
547320
289137
808403
78704
1329365
1255149
1034646
276433
901970
154185
764121
1285235
1286680
557958
1618325
1635803
1886596
573652
432573
1168047
1110945
836924
1328636
221180
1550498
1221673
1914131
871644
1665815
1716622
1224836
1922741
936132
75843
152533
1780990
1987820
260770
1726611
1711176
910303
958396
1043035
821224
51345
705381
781915
161277
82576
1723055
722299
26421
1886574
537193
1261527
1670519
831721
1579990
650970
1552394
873373
493763
622194
966969
693013
657409
1330376
1293411
1862402
1318334
295050
573780
368611
909777
392321
326074
1802084
581512
669469
1597499
1240734
1321965
694250
1318564
161481
666582
917154
183338
1720837
1599146
1337437
1046392
900005
503219
251341
193341
1196888
678870
1732132
1236002
1745811
66722
175474
70795
1081958
1198343
272513
1845068
1604843
1587614
252026
1208972
328503
1387386
320331
1063637
1963433
604451
441790
984882
607840
442178
801444
693229
1473184
529701
455009
692260
678762
523841
939030
865790
803303
424262
550039
1103578
931802
1560986
1795403
1138763
1271079
1089065
1473926
1364456
72398
1950802
899543
1317136
346189
1526184
830868
503877
1874253
491063
1944835
1527106
1268508
1187683
267443
711265
1818931
1464994
1819706
387942
1395915
1334413
1788220
888177
1749175
204615
1611927
1614983
1500585
1298428
50950
332981
1476363
1629911
1255061
1347785
1833222
805209
641792
848532
1277954
406704
1566408
216395
1844655
1562924
1411073
1690727
1255101
1838186
1650418
927891
1638413
860537
610430
981506
511162
1863164
1491131
327087
1178862
501358
163923
680920
863923
1821591
674801
604666
1046147
1920793
904723
281748
1973028
267860
1069215
1174891
1335761
1772643
46063
837248
1451859
1308530
575583
82170
823993
880372
1298479
1891193
1811135
1605418
1403824
821263
1795993
1926495
1315917
1538563
1097186
275277
526458
1785328
954559
775253
1053642
176304
667001
1670719
1366272
784334
794065
2778
73335
1185076
1877234
905585
484853
110020
763120
199120
6606
76610
1902716
851469
450040
1006222
1482970
1770436
218014
260053
1172913
974081
1559302
1913056
1300365
1982675
1441653
1766291
1663159
1684542
625483
241101
153399
1397015
1267475
1522325
1859845
1203995
1414532
1304044
1657162
1198613
1652426
1562408
778443
181751
4447
437647
859649
662696
770470
1042513
1435684
341490
1342736
58484
725479
1356895
842611
231065
553178
683504
336542
308386
456736
503049
150129
1058622
1832411
1960707
1253626
1676633
1746997
755509
1060038
244371
392035
1453275
1258079
1795573
1986277
774878
199246
1745232
1298020
1616393
1760419
1464961
359282
1225856
1355108
1815730
576275
801578
1169517
1899043
51906
568371
648943
1368451
1264437
1067385
922786
1052884
512722
345262
713392
1765636
525351
937260
46371
1317137
1762408
1752868
1602919
766230
1576409
1543179
1283905
453182
1108073
1480705
1703820
1750533
1445760
1726413
952652
1655891
1187154
1732954
391064
333513
567640
937032
1152082
1603061
65017
1741140
1906165
1180067
658561
486268
178259
33169
3076
1426588
1828657
1033963
854695
431332
1022645
803716
248336
1695107
650233
246911
1523494
1645801
388438
710151
1237770
1818558
1951254
1794330
220987
1066237
316828
1555764
98406
794380
607781
1092151
1665257
1838966
1579929
1787125
798424
1994659
831050
1315632
779925
913629
1050490
544411
114842
225337
1407514
1770779
976159
1682301
1385964
1314109
134567
1511809
119761
890805
542515
945674
12485
1465331
1936056
1845981
1123620
1666336
1760057
650409
1314110
280617
830887
1993895
1720484
1393290
659410
188149
1253724
1869155
1769449
1908065
1328113
452940
657972
1514419
1726056
1615480
378057
1337539
880861
1732813
883806
274316
1653711
1594863
404622
1199736
900259
304958
378760
1324222
1007523
1432159
735270
864667
1190005
908663
158146
1556613
33675
1333385
842779
310162
1167834
1643111
646544
395624
1215981
1328289
1316755
1246283
1473081
1198040
679226
1090653
590878
1168622
87123
1979274
1319399
1428724
870498
1923261
1148794
1460399
1077701
1553663
349818
424013
1370920
325509
1288316
13879
1255348
1531659
473523
1532860
1262323
803234
397364
1765962
848995
1976628
1458013
233192
161655
1523511
1382531
393351
1934588
69284
1229731
469217
1489625
1917871
740105
1318773
1281795
226008
632496
1011888
22158
1477451
1986074
29198
671850
1180818
452383
569708
1111119
133106
500043
1745489
1097259
1672356
651188
1313164
167270
1708530
1922375
660330
213647
1402449
1485657
458415
525080
1328399
148447
1696374
858992
512597
559087
792241
1360050
996184
1195617
1912949
182367
600768
1428187
1395122
1525434
1748583
1543609
649025
1494750
1732341
1421533
1911497
1453219
586158
1691174
1817640
1615491
489738
1890627
29211
1268421
1546686
1970496
1093566
257995
1199450
1568078
520485
130852
1244432
825076
633749
176383
312766
408077
766583
1643052
975923
603582
1937894
1894298
660768
1610669
672467
488396
1452020
1408435
238251
1141679
735685
319275
882367
128519
835442
1393430
411293
1783983
848683
1174241
764910
1393043
1864207
661283
267872
1141386
238090
300368
1870904
277422
904185
427001
1845378
46410
441412
1492196
896902
967681
1466678
1962288
690181
252596
1671885
292449
1008841
1672937
963406
850209
788700
1011212
1738254
1632433
1324484
383838
1381151
1276907
713098
1957594
1211819
1684507
531233
288699
740325
348159
1857540
765157
155192
1443966
483831
283364
183753
172010
87930
770911
68252
44021
1580148
1369904
1848539
1755241
1369380
398601
3038
498743
192081
1271595
1868389
1596588
1892653
1847110
1121543
1232045
581793
191317
1284162
180892
1778407
1961071
321873
1437956
1890243
1922665
353909
1060007
1463242
1519565
51350
198176
826153
947662
331262
679575
1752036
1526998
411548
365967
1772892
1266485
461688
229390
280006
604622
936185
1309844
874340
300865
1685901
633706
692716
1308490
1118812
639890
194762
244364
752965
360759
428141
1178343
1201306
1333642
874728
1624159
1624135
1732968
304209
1600851
1104560
539430
133570
1451196
878175
1014619
1651376
1444433
658924
1918452
129430
1903911
1584016
1250850
1254751
1105625
1980523
901310
1710277
686049
964316
1164820
584914
1605142
95493
1051927
79655
259278
1555528
779720
882263
662058
1918445
559073
1819273
1496287
1044844
903680
559476
219367
41819
854284
1300956
1465798
311240
639254
1449017
60438
1064979
1004101
543347
1666593
973391
1078497
431748
1409493
1871767
1695040
798196
1520022
782165
304485
453535
1543884
718750
137999
1044030
206541
691234
394697
376374
615328
544496
391850
68880
744
1909367
1760046
1625112
472814
1577554
1912859
1327077
1877140
1063221
1434652
1529747
1211417
1408152
1965361
1337181
215105
418362
1622409
794090
606320
387429
1188257
573315
1162970
47719
455118
737507
1068142
865117
476095
659375
1174790
810005
1274733
26398
873864
730891
377047
1401783
763033
131952
1562667
669295
1099300
357915
454341
729129
699699
1810720
848032
1562635
1013487
1502142
1296994
1018393
1209990
748073
1139348
933226
228126
1578808
1791273
56661
303227
1471561
1166878
1879134
1905185
70075
1945312
121221
157022
391715
444812
853627
1582836
1654854
1081167
1665737
47817
1597212
65044
383220
1321295
1598386
1316841
1109217
1033202
228860
861190
566862
404230
489652
1999693
169653
443660
698456
1463887
136330
1936532
106746
582533
1974567
1245975
1931038
1696830
1809948
1228402
1150240
176704
1261309
17074
1850656
1888926
1461200
1212418
1931873
372238
1548480
741414
1905543
380570
922969
1727395
791060
1042614
1701977
14013
1084232
1604770
210705
722751
276873
674440
1476342
1819275
1895313
1551501
1668751
1830264
50302
794529
297500
1601461
105489
454322
1300518
1868155
596400
525225
1101042
1547826
486041
76343
367266
1782149
1615511
1651281
795414
1816057
1406915
1843972
752172
1255273
1368682
1969020
1293864
511529
422849
1848034
1732664
183213
1012161
1766937
1611065
1123153
1644834
593053
1053621
455911
839914
232514
243166
1789187
373578
1512221
878880
1819165
1754950
1365891
1369463
1861403
447341
201826
1269372
1377102
1955921
353315
738918
709958
693329
1957876
1378081
1368266
1266670
1877068
749977
103839
1002764
1859459
72210
506667
930903
1308007
640287
1803163
1751840
345332
800446
778695
705078
312466
341212
331176
1066667
46753
1468017
75087
1468067
1412607
453712
629966
829278
437597
904425
426691
1991335
45992
480757
43966
796196
1554365
1878545
225106
658375
998993
263888
27016
237070
433545
1175129
733658
1533137
195629
1479552
420282
399125
1383244
895444
1896435
141359
47542
606033
1496208
1440156
218670
1242465
1580395
1019829
705147
796286
1525287
315720
282355
1249955
159247
1041494
1742438
601479
255414
539295
1122873
1306430
1077509
1009143
403653
464318
358655
1085727
1778776
47183
716635
1447824
586300
400069
1261926
634098
553365
1793336
509750
944875
1352495
542397
1447683
1950349
160221
1514782
1896356
703657
1126813
52391
53213
1037212
833772
740754
1472327
196997
405546
846923
174309
1028043
452643
1409141
1723689
1647974
1955708
276804
454603
960514
519655
1261218
1882850
1926315
1579901
1755510
494789
123936
1979124
563573
673487
1826878
1658828
198166
1962989
1799784
1714862
635490
845042
889271
1500277
256156
650334
1620134
1525149
1599343
948578
1493035
339915
1684983
1744975
1737469
691284
596233
82330
355295
1488274
1239289
1031679
217373
1670899
1990174
445963
1324802
1495695
1828898
1141264
652604
1319766
782840
718041
1525016
1266003
1183645
1841299
1988500
1668015
1851886
628906
201897
1811765
410010
810716
1182368
1428818
1252931
600543
696421
1006510
203954
577167
1166946
1911191
129220
1009669
712104
1774018
1666315
551930
1621270
976366
1982595
933860
417364
1920915
1284014
1926537
48410
992282
1585307
1273343
1292005
175050
666405
259090
1084434
314461
794020
1866903
373663
1834895
472942
205433
1381823
403667
1163798
1086782
1994671
1413675
472274
846393
1988522
868344
1261493
376976
180162
310617
1538852
411286
530586
800407
1707254
504411
378469
1729658
451961
560416
1474282
154309
550224
750902
1243889
1473332
1788967
1112265
206501
195463
52771
3177
210054
1835860
1244221
726645
793115
2698
1562285
1935246
1967106
1179138
1492912
834561
1656976
105412
62410
152620
1411849
200641
1354421
327971
1327142
22454
739772
1718695
1945928
1954172
1519270
1072677
1688861
594479
1757186
614368
306657
1880793
1937755
1227045
1663975
1546633
118358
1130669
6797
456173
1380834
285675
148443
138744
858771
913219
1477942
1049081
744
1169353
1073611
1778838
1118837
1230363
71264
734400
988063
1876740
1360775
67479
1329103
437879
915025
1128549
301496
1412209
1320826
434728
1777478
1322648
1946525
1232215
521533
640576
1436402
1681756
1960618
1707695
967127
1813519
519154
592495
1211409
1387226
566420
1470545
1750883
770611
336164
1920021
1175842
165777
827873
608382
1677257
183721
1174026
1774354
1978284
1905311
242400
466659
1871511
578271
304981
279016
1616489
98798
702816
737114
378707
347135
469059
519375
1784817
1273056
582829
1360473
1783668
1164620
1148811
1204240
558017
1775709
348023
1957815
678074
1807202
787239
684595
1088117
1261171
1785825
580231
1464133
211124
1713886
266066
300703
673229
754935
159347
1709808
1618174
1318329
1490705
553406
585807
411946
1920154
718276
70683
1177018
781035
903965
401480
206331
1669079
1987553
397534
370926
1215201
67878
554684
1951091
1106323
975181
1134182
1026557
908537
1381240
1250726
1960272
867985
1668751
1777700
1960912
186149
152385
619625
1145031
56767
1978362
1208226
1782683
65644
415319
1229601
633034
1580556
980295
385396
685811
300817
1602756
1362551
778856
64006
396798
1685282
595842
1915689
1027681
691303
1511537
1578907
250412
211878
847488
1593147
726754
400231
71001
979641
134976
402871
1859446
1589095
1462767
1821226
941246
508300
63605
1827394
1567928
1396804
655711
1983385
1942528
1728456
918688
1690587
800958
367399
1521794
1784976
859396
1088644
696488
1513381
1787976
1627053
1962406
190852
1760934
11108
220430
1860462
1504554
1663985
1205228
1481626
750822
1094858
205975
1687635
1169392
1447724
218653
591729
1585986
1295466
1404873
1454199
269728
243286
263211
1237
601735
970455
1554702
1996956
1329905
67343
128437
1345206
1441957
1319677
453596
580042
826963
1428832
968095
181958
293654
57760
1846794
887766
562049
393519
1232011
71018
822882
1591205
776667
1925142
373280
216988
1058620
1415618
72395
488020
1749154
1286562
1249349
1936477
353396
1004057
787256
1229768
1821324
1757669
1415783
1788442
1600549
1799247
371714
947250
753185
1508645
976260
123015
32075
547683
48523
130871
553180
4439
873699
1094254
1878655
563251
1039011
213385
1014357
1347679
481366
29780
312620
1899296
102107
171190
110457
711540
1169953
1744875
792929
140445
394071
123701
345634
349891
653002
874960
284271
1718456
28554
798811
448250
1130667
303000
1865430
641612
1695487
1987745
1512133
707441
1701913
989966
1603543
1801158
579473
533392
23200
592073
1780637
913762
646919
1714568
672398
868697
1884269
1399531
107735
825935
605323
834926
873162
1456669
1231816
1940881
1842978
342074
582432
1635624
1624376
1331814
670126
1022081
21323
1706919
1893263
1903197
1088912
1364772
1221828
1347401
1377448
1689520
493852
363401
176713
953929
381658
375690
777526
1963674
1980890
54663
1525621
1408461
1011362
1839823
847832
534845
1250018
493067
1887697
725823
1729190
1404947
940691
210756
51829
1131615
1333336
1107956
1600810
1071796
118676
473949
129527
598608
1678404
1276807
493670
1322796
1315009
1476372
1975355
1936403
1293483
554591
920133
758787
1399110
1920246
1657469
1227990
1573196
1837875
93843
1350760
812843
1614184
70471
720077
770261
372747
555593
1809563
544168
522129
1417231
68595
1451453
1257814
1675967
385940
1476497
604283
744329
577417
91364
1057642
1299816
408835
1914326
1860824
702847
1402389
1845257
1969391
1400110
402570
1468297
1489440
72965
676121
1680916
416522
434261
265416
1063464
1078069
1111928
1534649
766339
1398319
851863
1675251
1730900
886847
159719
796664
1898093
1559720
1428372
1410770
1741736
1235454
294682
1065863
544838
365639
577670
41860
889045
1856026
1998280
619561
1011897
931541
970488
1687033
13712
393917
271181
364570
1170220
1371559
775524
1235739
43303
1762887
1641474
720080
178274
74654
944407
367722
130762
1543568
1018435
545294
33455
433909
1474163
1716093
1371660
1990474
1599229
1870354
684997
509407
1556816
132154
1557316
1435644
1599359
597393
874631
565130
831339
1274414
1312085
1363051
509892
1499389
472048
517804
1589782
84942
1404014
1382380
1529995
89059
64046
1721380
1416789
424065
1022821
605622
1377517
520918
360881
961966
1232763
534573
1560311
1571391
729568
751126
1807489
1036527
1935110
1086536
1956097
704017
1826562
1418554
871766
1306360
1182395
194876
805075
87157
179388
867117
767285
1931272
1190892
1242870
1587919
821030
1769620
1836042
361725
194217
377052
1037951
1867833
1911672
244057
1298930
119661
1379147
1362699
1381038
112464
588935
1469843
65205
1520134
631343
1571769
770350
1614727
1514736
1854696
876757
177515
1386498
1095918
1692235
228734
501386
700413
1117938
1034262
1233129
136144
1516743
1848609
953270
490080
491451
801829
193741
1566699
134667
1073268
1795609
44554
1942655
731556
445337
1344633
1614501
1993179
715640
1746682
1438971
1026691
451622
393061
348339
63092
1915000
400338
46841
884058
723910
684817
1668098
1090798
1453584
1980537
9946
1369997
1169324
848408
1581885
1679043
1847923
469638
1379357
1359858
870412
1398828
1864943
919112
1395229
571859
1409520
1087694
906032
93258
1258252
1519720
1410087
1101931
791257
38686
26524
893027
1237537
1835513
245447
225417
1145021
1377056
728621
533157
155545
207754
246581
1331190
1902720
1382206
439825
984676
1392246
668426
223330
1581873
124676
1045547
1000587
718465
1560170
64705
1002625
714544
823016
341101
29971
651015
1155038
953930
1043943
864536
452084
209803
624815
426269
1107225
1082263
375939
1368322
862276
888068
525340
1705667
478243
411318
1215724
1218753
1169084
187717
1094387
1098509
1317425
1929292
1455751
1377302
960755
1799963
1896112
103056
574505
290998
850940
1819215
969310
1817606
395112
769128
847281
1351357
1803237
1496658
1713781
892158
1393718
574994
106359
681057
1745073
1691646
21546
815275
1354229
1397883
1193054
154397
1310727
346496
873033
393213
1744451
662526
275359
538481
355212
1917514
447984
1596639
224609
1832886
1771879
1911670
1877608
1999992
909896
1191482
713201
1009553
1015139
1185437
1981236
510594
1938717
1188867
1624809
1714589
1430375
1983001
895054
1949911
183912
624557
1266201
1525198
572868
519296
279424
1425813
173472
1937065
1444669
802082
691709
802251
426495
43460
1432642
1114573
1729910
595058
1546596
1901884
1577191
854000
924515
116455
1091465
1535465
216042
1879304
1106404
1134299
341224
1634126
720264
1164210
1556840
43635
398249
861529
1270979
1419737
720969
1772031
306471
1116003
415335
1112880
1410363
1702579
1304539
159038
1670260
1767805
1682356
1271664
880088
212053
1700059
817823
819211
1256117
1014675
1678647
1798947
116583
1624886
1875757
1648995
652969
274631
1266953
974052
1937355
581155
1470772
911209
569487
1642030
806694
992176
974242
1961700
709319
1414102
1108554
1121435
1208902
523232
905316
1479224
1449048
1387340
793336
1017899
44877
129707
1361604
888215
22766
1330025
1874170
1148429
423848
104194
1886173
1577942
1446644
1981656
322043
291160
1464249
553959
1108305
209571
758954
715617
404181
104785
1113529
512987
869145
1512225
560298
84425
744050
1874603
1602459
1329623
1161962
1323469
748215
1206958
804623
1540133
1325340
292716
904214
1926952
639110
287649
1243479
919819
1753804
1692891
184316
426572
291517
1134639
291722
623706
1749061
1517153
1593552
1216538
1627209
1089854
81541
1755914
1423157
162635
1617142
901235
2438
1993035
1151712
1457676
896409
1152387
1199942
1193532
1090545
1553134
1369359
1351048
1304023
1511449
651876
1194264
1306364
82116
716158
1957179
1102683
452378
1651082
1936378
1510107
348564
863515
1399688
1578025
1426769
903922
1809768
377052
2150
793019
181
881510
1382353
506589
1802472
990651
771783
1974510
459589
1371734
50009
416634
1316053
570315
1867660
1719961
1355333
648059
1160170
32518
762380
465886
1026501
1598240
1452130
491680
88194
498276
1928087
507764
993094
705523
226567
827347
1279447
572474
657918
257982
453856
1727801
167654
1933897
1057502
386191
1045143
1701501
1762988
1718368
590455
1657056
1510551
1977026
702297
768164
1802032
1506063
4092
105476
1852149
1684682
786112
969260
1587907
1975417
40192
1555157
807208
79798
1247726
1001520
562326
1669376
1993167
1179346
42826
1191544
1676968
1532031
482705
285651
7984
567603
1572704
1901393
1197603
122103
1436284
1690307
1353839
432917
1756694
964154
629136
895584
1970739
1038822
24332
466933
882647
1962194
1503664
1745886
1288054
1298360
122574
1738445
316464
383728
245619
767561
1714270
1403126
495279
1368177
1136522
1537250
1402740
1289122
1849982
1128945
1353777
1590852
1158602
100251
1611878
898991
666125
991786
1827480
1569111
1298147
1446250
657430
271004
923215
1972448
307762
978921
1385973
641703
1487633
1580810
201947
203388
1697154
278132
71832
1838901
1539120
990965
1061512
387666
1147964
1007192
1780499
1689446
603514
1547622
310481
1124965
1583473
1648743
1746154
1083893
192931
1946793
63909
742339
1703980
1409050
379255
510870
655132
53293
287786
299743
1328948
1708717
936042
1019621
1757270
1628679
584874
929308
1026407
1087639
1595874
1022941
1665810
1560943
26924
699120
1579163
830465
794200
1435786
353057
453077
428777
1899421
1924496
937581
1072718
1251507
366516
731915
189952
179894
441422
488099
1734159
915412
764978
1213694
587622
1141225
1651760
1364302
1350421
1973020
1240767
1706932
1587330
19962
912170
137507
532599
1872756
1966725
1818484
1652906
1568000
1825749
314613
169205
1711557
1706970
1760939
1537498
1356266
1997775
1833887
1720583
664103
1214502
1176784
1577162
1543305
796628
1302911
600002
674074
241181
529362
719829
391720
1602775
1454050
433077
1381320
1180849
1841460
1634944
164999
1597365
1236109
834240
1423940
403790
30303
636355
1871745
867906
836749
567019
14348
744677
889515
857913
1683571
1950544
608239
1353230
387039
1600992
269788
1369257
1109916
739283
1472709
1917928
1584586
1542163
1508326
1399569
442211
952710
198977
1439932
572692
312823
1889715
1020087
818407
1822879
543646
70111
1683491
495881
606819
122299
581381
267038
1748471
960789
212058
797325
1312017
1432397
330146
1182697
735951
580610
817594
1464114
1813945
1727710
124801
1211120
1485482
353698
1453049
1229712
700505
416492
1992429
1318625
633131
163640
1234676
149793
1122859
37539
779534
836546
1441126
8679
1803895
1069791
860696
912979
1354100
592072
1201972
1819592
870921
900286
1531729
1598349
1035597
463906
404011
1090259
1595583
1547524
193687
451542
1957634
906839
1059706
77954
1289851
1073653
1214680
1204328
553677
1934657
1474461
851231
1662019
241209
1461914
1902429
1047562
135777
1086413
700669
1819230
1584202
1208721
740442
1959187
565219
1903469
1620196
274730
484708
1919669
1522246
877385
1207787
1043751
1496927
1155612
1070018
1272100
842523
944128
19221
283526
1806899
128653
1198229
153596
332729
692386
1394245
1845456
1025064
1871031
504212
952441
390711
615744
1079562
300902
1922572
633122
733300
784007
1576873
878705
1611234
936584
1359840
752723
182919
493370
1928984
381140
1255179
1512714
1949111
315082
1761542
1095633
1484637
1663728
223188
590982
183099
10539
897435
664606
1630266
891029
1647756
1970445
1606832
1950170
1661491
1315198
1079725
960537
825702
1790682
1017642
723456
24402
941789
957130
458138
1536984
908610
1445210
153940
640122
1285706
423968
800675
1765808
102191
262501
910582
64152
1214115
1676590
280418
1828828
1777567
935120
1847262
1930410
263727
896844
1045695
1372724
436013
1834275
1283183
1774115
1430191
1870496
715427
735799
514732
326041
885072
1072797
638418
1686081
965912
1215038
818104
1338766
1839443
91936
663815
257146
1817289
1321780
1326456
1127731
789757
368712
1916169
1069555
997957
1445829
1371264
455279
1314070
99449
1283062
1937525
1604071
650010
63821
1400999
675362
1213035
1898810
443423
3247
1551648
1603796
1163941
1615825
1557580
590704
428775
153597
1086006
241641
1343066
882253
1353122
230262
1859514
1386265
1562259
1137766
1831396
1581248
1195202
1467952
482168
1137185
140967
1194073
1793852
1022562
1363642
1283015
1405551
949719
657110
1733853
1253809
1490302
488857
1296642
1911454
1443782
1205640
563906
1697634
529922
1379838
1131504
351241
1969913
606947
349196
165533
1731433
1465986
1038034
293474
1848458
105105
1017393
1894763
1215586
1390587
55160
832260
205677
559107
1915402
864535
1814568
804538
585353
1029291
751445
142017
1590818
1690107
1748963
408935
81209
66626
416114
1772666
1640159
1703811
1481373
766074
557028
481688
430322
1506309
468365
1229467
756168
1075203
561711
1169871
1350758
1823821
1892490
510436
1537827
697663
811610
1681898
1712944
84750
395214
361694
1131225
872014
363988
486688
183719
442540
759149
1548812
404845
1551564
1592759
1090139
174855
383408
246608
1766802
1120599
1206012
414496
730687
785330
1890428
728090
410707
1273340
414867
742124
882862
1327803
1930074
1427697
466318
105220
126820
360936
57159
163185
172048
1336584
1264540
1145084
1896368
258465
1250828
1110419
1162834
1820592
1308371
1821554
283655
1985267
945297
1327468
200588
126423
1130666
1014786
175680
1419881
1024135
514746
54024
1746489
1508038
1851569
1622118
1687647
1732133
1799409
1452987
1010389
86800
95790
1590768
1838754
1709192
1827009
567666
1089897
1033403
1837114
1958385
884975
210663
21788
1374216
176541
1609602
1790935
776981
1001249
852090
405912
1269523
1656456
1424939
643782
974738
1382601
704328
1105888
1955305
1478067
1704676
855436
1806165
424294
1151721
142371
1233679
420889
770232
696079
439673
257554
1172721
819550
479830
255240
173075
1557939
679031
140058
758031
1495646
1573444
881756
187884
1971431
135113
897203
373289
612713
1222991
236098
53656
1423501
1214818
256835
599774
1026072
175690
1747963
551944
1420503
368085
178291
249507
1052475
367690
26486
627059
1764098
964658
1819170
406282
1766012
455175
1881562
1313315
1796275
1415362
413475
1092945
285021
896423
466223
1856725
1387786
718035
1117077
733417
1513970
1266052
1739556
1267995
1862604
1178193
1267198
1721970
1330689
1752419
877343
1981377
926905
96036
1631878
1931244
184710
513251
1705996
97731
318231
556036
693855
1566777
1508646
1075225
262866
1984052
1657655
359032
124541
778314
809903
110832
1442319
542153
1706579
19285
899014
251657
408345
496299
1012196
544437
1187232
466002
900091
542955
1609579
1176797
1168673
353052
1237637
352040
834400
1172386
453552
731870
513621
572588
1236567
1480126
1647945
739374
1092873
1263819
295746
611138
451758
134480
1774363
291974
1383184
1202230
1030374
253413
1029454
336820
1018002
1561020
419991
1996841
1972707
1622519
1993471
1025969
1070374
200210
28556
1898205
1310945
1683948
1264981
1818106
114080
1069693
1426928
1823102
1211323
25614
1475222
727082
1449907
676574
552972
1128103
1512455
619546
590191
1479429
1902668
570209
1403999
1939465
1297763
33325
973285
1861372
836186
1019267
960053
146028
1379048
865876
1233944
441993
90161
919821
913492
640080
1139775
622266
382514
1827585
207978
736400
1590331
419196
1900872
1064762
1889100
1358654
834948
1611365
308535
321544
574367
581404
368321
1982378
1275261
1453010
155598
1376815
987080
1297775
1227742
681320
1374367
323212
769881
354689
977784
808457
1192399
1619041
280031
520469
104432
402732
600258
930150
813460
1708169
105772
1914145
1806244
903974
431045
176170
1225316
1167762
133552
1370894
380185
356031
1446048
871329
315732
466139
1053590
686592
639571
1075165
1535014
545579
1620837
807435
975416
769204
309359
655656
573899
114955
970901
174775
1759632
1050072
463206
481846
757317
1848144
851633
995272
596735
1814072
3110
654377
689054
1267936
1544811
509343
926891
334349
1918466
147130
1268399
1482896
149156
1061169
1932538
1935863
1551739
1556213
1322602
888956
382948
289092
184384
1043364
72751
957693
738791
559719
1949794
1778611
1238527
855379
1623722
1069346
91984
185008
566615
1176791
498460
1354881
20810
421306
49097
1322402
305958
697869
1655171
79905
33378
291319
85442
1391376
594608
657345
1347486
669489
152565
1748998
696427
275924
1068124
644841
1488893
1191466
1490809
997828
264223
32225
1643361
920405
434655
248363
956793
589417
888485
1822375
1736189
1686190
214651
781753
1428728
752872
648601
1061658
1500717
1244941
745350
532457
1305207
692282
628208
1140482
1535779
1140423
1235905
1388855
442239
1298608
1302254
1063037
374597
16973
1581051
1747603
1729693
1735188
187811
1293182
632029
861981
1390131
623462
1659358
1611690
1018546
1838785
315645
1899766
654827
1207395
1373174
1219174
1225274
64727
884957
599961
1304594
1667463
462155
1085873
913790
1147891
613012
927270
1492727
104806
968756
1589410
1658085
984472
773863
717659
671268
1694296
467291
1958431
800124
153487
1217836
1974661
857451
1697941
1650636
541056
659506
1733637
976364
1614424
1631957
943015
1585534
1849003
992786
1433668
1361266
1163460
1473403
1419252
904030
1125004
294713
513146
1546726
1334194
1011529
821853
52716
762648
588045
616216
602945
1026335
1430998
1980497
1371650
373887
1194055
662291
288759
695970
647052
87792
194085
376899
1648169
475134
1210083
1840943
380650
1173920
1568630
1485105
613909
221274
590800
1044783
278663
1289000
1401029
1468106
660043
209381
1744686
866658
996326
1357722
252167
1994335
684300
1833816
867644
27385
1158383
1597606
1192799
760783
1260565
1208002
1199327
1637581
481291
713914
988159
1387219
1530457
1524703
1768188
440663
759183
437621
517625
971815
1770814
821938
333544
1363381
1123010
981769
382680
1441385
1888939
58388
406420
1170366
670613
1168539
862675
1077943
188670
38240
116323
1256217
280790
1718576
1235014
296665
1663262
442394
1502869
1640018
898670
1728547
946482
409722
1584412
1349571
76648
1836372
791171
1854767
1337837
1854195
278554
1300784
731589
1370505
716828
548146
348259
1804399
1443169
599397
1233028
317833
1291165
894519
622035
1887870
1357055
1278659
1161812
794672
1775175
1745097
1727850
671073
1591282
86220
1304930
1021173
419531
1900034
1728806
1582489
938184
1142034
1771946
1548618
1115638
179327
1686163
914766
40317
1063630
1430522
298500
130234
73425
1762710
1161480
1418350
58829
1886821
1203347
1354345
1314923
805764
1137238
998390
349831
872259
592918
105135
1017313
1563115
1139303
260966
1149122
209745
1480963
1340800
165927
604154
1579293
1734827
777774
588701
712270
1370949
327391
1354517
1246741
1088669
923402
220178
704716
598079
1604874
666326
1606306
1007264
732470
1463306
1136429
842597
1232180
169717
1729826
1419489
1613362
632079
602568
1376179
1286433
1821803
138144
1479512
1600548
822707
614572
1144465
1185320
232721
1618714
402006
1537552
557562
861692
1746369
729656
1359751
579454
1515360
1440484
1487548
1462308
1667253
1811490
1366581
1737093
1322014
1549311
1471807
808504
751961
951585
289847
959595
1860770
94958
110099
207546
909558
63650
976206
1710428
1536683
398208
549893
1144026
318034
1676570
1601908
670721
1495440
566742
733633
1241742
195661
967551
1352219
427648
698139
708430
1026039
1945164
614506
1958550
1852678
430931
504414
1948415
1936626
1273430
1597397
1633442
1148475
1974106
253436
822106
824490
110502
1597182
1242965
1281829
1033695
579600
464896
101265
1176701
1527641
776813
937986
1574182
153980
684203
993574
1695519
1826267
15292
1873389
642763
1964468
858420
966952
1101901
252773
996474
1858072
288257
1884547
899194
95137
1637851
1586413
1823162
552142
1488078
1917185
450504
272923
1743831
622443
1820484
1941887
1671325
1081765
745996
416144
1165455
928791
1345315
1719669
1966167
868910
1589467
1069606
1233419
1458929
269716
1566862
836777
962417
1563526
415537
472957
1600587
845885
704855
1603791
100083
1748301
669074
1232032
1921446
1607347
1193846
1803034
1033954
1161935
1661392
1847001
601501
279215
1728432
475020
516679
1529798
38436
324980
1183013
1908245
142505
68110
613571
1420393
953033
256558
916666
628560
432492
312335
1439928
77192
571589
399000
906447
780873
437399
1650262
1076274
516735
1336548
770720
288607
1470344
117950
454051
1922392
500880
125844
1035050
1430248
369260
1519310
1723638
1505370
14654
1407970
1774809
1870520
985390
1153183
990450
283168
11521
1143317
1030102
1391257
1788932
1374590
1838748
1661630
101978
828255
1199311
1003398
1386846
296049
80168
1129700
36795
702229
1741822
1179473
907668
322276
248465
16183
654407
1316862
368780
470175
853972
1193117
1557759
1809117
223526
1721734
1861533
684738
438017
1941707
1932617
478719
941464
1396555
283134
453603
326954
1236594
1740254
1848267
1912867
1899870
256031
1333934
343883
977039
1424838
474164
973166
469643
881211
166265
1455925
960228
794371
1058626
1633687
1146986
435902
1639982
830973
1863054
1260121
1258234
518390
389837
1919158
1319329
406984
1781999
482558
1276020
1965495
1678622
1454147
284280
1477564
1110676
1607088
1007487
1168755
479624
1366263
1657259
1370054
579709
1004849
1936943
1510919
1216871
1309786
769699
419286
1774926
654796
1760743
331298
1435253
382229
90068
1443702
1247708
890949
1148789
1587596
773256
484520
1586487
9182
264093
536178
569264
1017821
1091671
332259
1462210
1168617
591716
1298732
1482725
1856307
581406
1742911
1057794
1854653
1835901
1259318
1130499
1641498
787948
1251648
1348646
1925407
479051
1820377
145869
1810300
3809
736739
801847
30236
812994
141828
1949288
98203
564625
1748888
1852656
1388989
1994938
658000
1864465
873918
683136
414208
1935169
1511293
73860
1240505
1542629
895397
1713549
1634760
1736634
1050916
1932384
937185
1256906
1329786
1241649
1202807
417968
474209
1245754
832066
1985603
1216857
936609
1873984
589452
1827730
1137824
1148938
1428139
219916
1549055
578790
934613
1786739
1400835
827732
200448
881322
68565
801632
423350
553546
1928127
1477226
819191
1503576
285043
1282975
1164059
709628
427895
1229531
229821
1137825
1780860
1891361
1740940
729617
629137
231620
898248
1015767
657326
372962
1062877
29551
1815861
1797754
107845
107786
1495915
1469833
343125
396354
508271
731433
15927
939383
695244
1075970
1324727
378054
1597118
589080
1256886
344030
148826
1554169
1065631
1558586
71803
1636583
184669
1630316
1400953
777614
897999
306863
623061
147321
1694737
193018
747199
1569955
1898336
637356
397966
1129499
1908765
1906082
1524303
1237082
1583274
1276605
1660913
524270
465572
1771166
336423
456814
738878
506062
1160659
1255115
1214432
1977947
1111221
1203499
578623
73141
1448514
402668
949608
1960587
502416
485109
1705966
1482903
500325
1112100
178576
291288
8129
104767
1974848
906766
426857
695958
1187045
1540515
1355484
1581917
615797
248459
1340023
635683
1318005
1861680
748201
1589651
461175
1224787
951701
454966
1239125
241271
1581425
997006
363689
3398
468183
1478179
244727
1421033
1698542
1986136
555340
1530803
1267820
166145
1062392
533784
1501265
339212
1002626
1783755
534175
55931
1381389
299359
1375865
647016
780591
1180892
818436
1875746
641870
670150
706126
1234676
1974308
1071006
27627
541647
598412
1228435
211026
442009
900278
1743721
1045892
35798
1496126
698274
1361773
303341
1194794
1644543
692328
1773164
195655
542879
551817
1571800
1340170
755085
136087
1638360
177292
389544
713225
91129
341342
362595
1925535
1076085
784765
1917064
1317709
691920
507940
1720700
1677617
1358769
820691
1906836
156313
907129
1747468
437930
800917
181980
1050703
880318
915544
1341308
174436
235654
428525
1370714
478965
496283
599366
1036644
1095173
708339
1902314
703754
1467141
889204
538326
1309856
19129
966443
77357
1197812
583586
571087
951376
1041847
537458
753951
1086002
1957378
1851955
1735417
865019
1761289
588538
734218
861589
1062252
1250735
1691855
994025
167552
858076
1794292
1510824
732854
1496412
1489931
1713440
1415249
1568925
1644047
825502
402896
826118
1265436
347442
731716
425475
1430650
345995
1652123
1457211
72460
1835812
1842420
1654103
822081
1506207
1020132
874003
299186
1416906
948628
1496977
604113
1618066
508188
966931
1738061
945852
128073
669243
746173
316721
855526
1693696
537617
907646
187165
1082340
1296091
1323665
1429344
1827325
425621
1746721
1625168
757562
1127061
410520
1802490
818941
644601
1830394
1607241
1472404
246493
909056
747611
294849
366217
166395
1272769
1774235
171510
487383
1880276
1607296
898755
1701617
568841
404467
725072
473596
840238
790687
773291
1547909
248631
1527714
19414
1028684
1691111
120911
1437001
930864
1776461
1840188
601355
1813933
760556
250803
1366119
304329
80158
1671808
400376
674205
1901614
115308
1304497
900855
760962
1129486
1832757
1532845
1903835
1725656
1271979
1797660
1691409
1461632
1203327
1674242
1979140
452569
1288171
1729553
1077701
113232
465325
1084188
1248110
1875278
116481
1483179
382156
1717414
1494402
1208113
1965442
256847
708442
1544217
1886575
1708348
1290503
703725
723382
196737
1019066
468301
636774
1485763
1152568
1802115
383221
706768
1735249
1298556
1359624
525775
1886743
948312
149469
1321791
139434
1485415
674660
625258
1364201
319654
583454
220341
729784
78907
1401563
471650
304307
1811098
1979121
1077631
269797
939133
1405631
1891469
1863514
182050
406221
3848
1685257
1120544
1908264
1662727
657501
171842
1145105
40407
540349
1938150
910310
1401926
415805
1667074
1710815
1327978
238604
571083
1865592
1649323
312870
1403897
1227500
1377135
1143013
1562748
1060776
423363
1626567
1359207
1553600
1284988
206469
224687
1644705
1247458
447338
1827665
1635620
706366
1810659
530456
719486
1327925
153254
791902
462385
1189105
910965
1643225
854062
1294018
359290
1796072
132921
26440
1150539
1291513
1727297
1834225
1411169
862523
813843
1071967
1793817
619969
562025
1390166
1409719
486301
1010741
1889072
1995330
41698
702292
253610
878973
431198
1946298
1199026
832581
1187054
1063525
1262885
1615614
1539661
1689978
1390536
1596064
594668
364775
1626030
267792
1780553
1983093
1384228
854758
153638
112768
81072
1672857
1884115
1414822
1932708
306348
1649212
1325882
662499
338583
1262959
489208
1669783
169229
834213
120214
1613000
1610799
1921037
1292032
541480
228820
322834
1540514
1237160
410468
1287574
1782557
1048381
12101
1436833
1789655
1240720
1747700
496414
747450
1624615
687734
1521627
1174397
1310369
1164930
1182665
398673
115343
298722
1170710
1427564
1323882
1514002
1380107
576255
228983
1577115
913182
574204
1295133
662548
1551873
1080390
75798
1895733
5132
943623
1219447
1429255
175500
1023674
1730464
209000
1196035
1587710
1418025
220912
1434244
1744745
340406
1065148
502555
547995
517879
1096657
948054
1401913
614314
652560
492842
1016622
64511
1711756
925276
1831948
1262993
817377
12064
1348800
1190581
771060
360321
1304239
267266
1890688
514759
240084
1311272
48638
265952
921927
637554
740472
1701409
1148391
1297502
1707758
48556
779959
1947630
1824892
1506300
1316540
427208
1552179
751271
326603
1907084
1903354
623992
237197
1734191
1761189
1096918
1171908
56850
1902095
490629
575813
554976
1898069
1632506
1533763
1266071
691123
550376
398939
1078091
171848
182807
522526
21012
1408020
346450
988301
434714
659654
44959
488626
548085
171042
526704
1959331
1348778
1428157
981253
75359
1037369
1772421
664380
1623910
457034
601134
1612647
533203
1465636
985864
871582
1566342
1315356
450114
1241596
1581167
1671754
339480
240166
1830588
890800
1559983
1594585
868190
1041858
175497
1767708
542539
874962
832194
1903729
452476
73196
1945181
150095
1248726
1035891
1844414
1256978
39076
43489
1689190
33121
1615575
1533642
1945600
423603
1301511
705364
208101
1273473
1271098
1930106
934147
968976
706136
1779297
1608759
1388931
163014
1744174
236192
1717969
1067136
1614406
341277
584908
1030400
885459
920515
1086831
592299
118129
1120960
1146571
669374
841399
811511
175651
1363090
1659273
703135
285159
1849444
901388
509917
1732185
2409
1823265
953052
513231
389896
623380
911061
1226808
755418
971647
494968
1858835
1002844
38583
854648
1575089
759403
657036
823548
936904
1154684
123561
701041
342874
752714
451072
1208801
1609056
74663
1012734
738609
690677
1018742
356428
1184142
1355100
1964629
1868915
320240
115410
788494
1620279
1975934
840295
1122814
1676557
1613429
850461
1605374
1631342
162349
409658
1412380
1763215
1884539
754701
730672
826336
1641009
1443983
371662
110439
1814729
543698
298087
1051287
1832822
1244416
1675043
1955858
643906
652063
976354
609323
100549
429750
746210
393572
1851067
888723
1936932
277226
72025
1492627
987462
630069
1390244
1265778
797676
1479204
1276614
905335
1300482
1762816
836202
658622
1676468
592391
430278
1221474
159318
1856194
1513122
1467257
1854658
517582
1782353
992355
1920456
1030502
388909
1027307
1484940
1869572
1922178
247803
1672841
1155146
725058
339111
1361663
698296
1827588
710978
943219
1269656
1191564
625887
339375
1004611
131907
993431
836284
355189
885547
484829
1041233
1406095
495213
221643
1802644
1637838
738618
1888199
1054687
320263
1206718
642825
1913319
1079444
1792072
209452
18161
1896940
1962704
1086202
176206
866445
1503392
1630105
240475
350184
915572
501689
117491
696809
371036
361917
1310292
180739
1921606
822778
1900442
1253830
487832
470011
1188046
419935
882515
916096
1922252
668679
115616
80384
519127
144706
9380
817499
993404
803209
731334
1276772
839387
213279
521543
503092
132581
336833
739006
1885469
1198284
1610997
1620387
1312596
830896
1288813
1425481
1707142
290996
1497558
1261792
228401
1263527
210591
1299619
1857830
669280
281982
140546
989144
761435
938796
1118463
402655
1904091
1165191
38658
1641331
1719682
1797023
681199
278504
1646876
457035
780797
1154260
1488436
1623665
1296059
617729
1580226
958995
1792941
1424408
485543
1060876
1387270
984715
1067940
163547
1464142
1454978
700105
1531858
118405
1476279
1102140
1216396
1086188
201278
1063740
223602
895916
92761
637105
449115
1183486
741840
1018593
1015509
402966
312398
455694
447648
270925
756502
1217534
1366730
1446902
1223545
1375109
257420
1683608
228640
189438
1817745
355698
1514311
919885
1826789
1527669
413297
323686
609175
1071739
635078
1603081
1992516
1000728
869547
1882023
1254402
1562262
1868021
1659763
1227144
560084
159410
1830319
1497711
141055
328151
1618669
177582
96778
1808708
1633020
1370945
1244182
832210
1256393
1250575
362216
1222061
923426
1319339
1752027
572088
1151633
219826
1120732
1985819
781625
1329725
1275929
1672603
405000
312176
1154512
1429500
287588
935316
1619403
604562
1261818
747041
613996
1486882
36052
889063
1778471
600769
805269
1978314
733708
344865
1599134
557624
829697
97569
24183
245219
19461
1704689
1073900
1749513
1100794
1195210
1412940
511734
334507
1203846
594545
694062
1653212
1462824
539479
908683
1868165
642483
1844282
1220545
1058778
1445835
18769
1437339
1689012
1456530
1846090
1338662
1218062
600712
1139009
769412
752994
274070
471278
26881
176438
1266295
661448
1378992
264709
1693038
456635
1112751
224833
1926372
673782
439289
871294
284828
557319
157558
671145
1435011
882315
99185
749779
704293
1826209
596640
288380
212229
510996
1664083
311769
909154
499049
1219796
518662
1485654
501858
1263191
1856531
1224916
582990
964129
1125189
899826
663928
1501253
1645682
1022241
262682
1960678
495926
224235
866200
652864
719607
1988234
1359938
490407
1634665
1388304
1826791
1224000
1069102
1943198
640641
1003219
519689
457258
8623
1376965
1701588
1620701
1433006
1373772
1597256
672769
1877005
561573
1796775
54542
1538201
534858
889555
712594
491292
1824738
849485
742351
203353
877909
618381
203026
1046444
1457418
1297435
1572608
903595
1504980
1321750
1382404
453836
623907
610225
1842341
307625
177858
1655130
808869
1079841
811674
445246
958021
305639
1213204
1644164
475323
175321
280490
374703
1354082
777237
1181573
1377664
1258389
475922
786215
1794471
1149731
86244
1814026
1368032
1820831
988236
1311009
1151814
1905105
563006
245714
1109511
1562479
831671
940070
1226272
1641392
262531
1220555
860658
1345804
241730
1230868
1507000
1141196
263773
134272
1145236
1498234
345268
854198
1476542
858355
227501
1206492
472586
1589558
1463439
964508
238818
1067510
1554227
1370840
150325
1543504
728126
717606
1627177
1371743
89467
696666
29233
170497
1066071
793825
344118
940971
1266449
734999
134363
1395700
1706938
1648643
706295
90866
1552182
865685
894417
213210
544123
1228224
1473214
834250
1791985
708649
1230580
1180976
1867675
1801419
19829
58977
688691
523738
1186477
1756081
180217
1588159
499594
34448
149046
112582
396579
1013168
786297
554738
1472312
242949
1511829
1901404
1668876
1531248
903797
644098
1196260
1103137
1127832
857074
1808966
387157
892276
484634
1688854
660494
1181773
1279586
642883
1749088
421415
1157553
1355867
628555
1045701
1105544
499355
1189729
1342342
770558
575435
26271
1606482
1411904
529071
1697654
1868588
1047563
551010
725753
313670
860181
1833217
1069164
1172759
1283403
1840185
202853
264400
620970
518763
601112
213286
1763499
1703582
867857
45056
1783615
1743189
1928527
701139
325487
1699350
1109642
1196659
355036
324827
288355
442525
1500396
1501475
709476
156161
147886
324519
503069
503701
121759
971774
1441459
470517
852604
1273177
1049918
112537
1049754
1093311
823372
813449
608468
119129
210998
1141006
1360407
516660
1347195
1008208
1813089
1026442
788758
1717323
666438
1480792
458196
1112925
1656354
51400
448337
993906
1091929
253273
920557
1694328
369791
554021
642745
1334310
841100
1774047
529538
1458918
1615668
294347
1654561
1842789
1848044
1857844
966059
903006
1472089
1550625
1702201
534024
1198259
523091
635304
1735396
1590493
665439
1589851
709445
1979011
340026
1769422
297241
739525
40217
1783397
1077524
86188
1353233
395137
1154150
1326313
1407551
1289247
392489
227634
1503782
804536
1397167
1568767
54356
635815
1206534
559961
1644903
282678
224249
932058
1085945
491371
725424
835871
839167
761581
499088
1708451
906624
1986344
1922082
710753
602076
1473953
1212081
1021555
1789639
1999964
1566319
81361
1661397
1326448
1329793
1734018
1086355
1813554
291491
1854116
1429300
221333
654033
1090170
448663
486251
415419
106448
855551
484474
1309481
87776
957222
1668486
1289696
417523
965053
1449834
225406
492314
1118359
156418
1368290
1660875
629813
1633938
655151
1957038
1349919
1372863
678176
269776
1145160
1009062
1961445
928039
1911698
459179
101286
1200051
110363
459323
580742
1472013
273041
309435
1893782
17294
31731
437284
1072925
1010193
255987
216985
1459859
1176260
1700906
227760
1705855
658717
948916
1530898
1744115
96342
1990144
292009
1943205
1904821
860924
367666
678385
981565
1232230
946624
62498
403941
859972
1817980
1888153
1958101
1027161
736798
1316569
1095413
1484645
1242294
1756817
1041425
1976154
132020
23847
1777718
1089976
460870
423211
1130503
199629
750480
1530795
801436
1464709
1571800
1750316
1291170
456948
1966933
351466
723509
1377022
544843
1232927
1603515
1139167
769343
946955
274975
1550461
1468737
1258235
1068538
193461
939739
687637
130894
579859
854848
1344062
523634
1864023
958024
855971
883292
41293
1297168
1621435
268692
1454279
729777
1473001
1153843
1478718
1980579
1732373
1395198
1927181
300760
550890
1804997
328295
1670617
1127699
1854524
1550554
1855627
1645145
247538
1885798
1025637
995861
1288347
1750411
1637470
1087932
1666329
1715577
339552
1819699
1590889
1301709
880793
1781579
1378058
1655498
614931
1497631
1072506
201060
1775885
1242042
570242
406908
14593
805114
1744461
88345
185589
1393638
717348
1170616
893826
489146
1007798
1507742
141546
551669
73260
1082384
352771
1614312
1756149
1166417
1955176
1616628
215817
147318
1197272
1839566
494696
1785613
1882896
32906
1282421
442272
64520
1242863
917171
160464
1494120
355664
1482037
1606952
1294826
1862947
1189930
1576777
758101
1891685
240786
1816423
363843
1621737
586030
586325
752051
1437127
1118142
323457
1548569
1963475
966064
1179683
1496304
1820009
1236607
1312659
752590
1508443
631779
1976980
1397262
320729
508641
957766
1847941
1323926
381986
1457532
631881
1069604
1133004
1454741
1581313
669867
71649
540146
1519676
1196114
1329653
740648
137746
1593160
1768687
270212
1120730
1584620
1436623
481133
352278
1519206
1716844
1326939
57099
1219589
8089
257941
400031
10149
493995
28148
1202016
532386
1042494
1474118
1555913
254174
229759
1008074
302787
1916206
634024
1585727
948019
1507562
1017067
1751794
157244
761956
622365
1431374
1736398
429247
816516
724171
1925570
388966
999146
1565908
1842610
897983
1212958
1113264
548478
496482
1042055
1945216
971721
257183
662642
416543
1595456
75994
520091
698021
294759
662557
1454934
1163945
1187980
1886379
1840897
408637
350138
1335165
1591575
471948
1611061
155186
1671461
939378
1815525
1602290
33063
739490
584249
287439
1170446
1904353
1656272
628514
856642
751414
114333
1272682
89673
1623311
17507
1516642
1882120
1339006
722672
296684
1162943
1574816
1273116
1698361
1309809
660772
1071674
944184
33441
517349
817911
671098
1564702
482772
309220
1684683
1445703
570788
1237700
531575
748148
1308470
72374
633459
1767916
1193243
1497657
1903020
651726
1328669
78202
1628485
1438976
1101393
384836
1568202
116683
1209121
466073
489769
1276657
957151
569054
1185697
406730
1362636
1966197
807838
1677824
1895872
1001892
106458
82660
1021660
37375
1167076
906769
1332929
1353108
479681
1301621
1534349
1923853
595639
1206990
661091
1571751
1216127
298468
1463818
745983
1732813
1810356
109609
1657823
542180
923556
1715532
1444090
1552938
627624
1104166
363124
1399073
1353063
1160231
818949
1040314
152611
1339810
1363369
193011
1558470
955982
754723
1842720
105273
837848
684274
357928
1721054
1397695
1044688
1889613
796300
1172645
392788
475907
281937
1627751
974507
519685
1640406
474545
875140
1294549
152789
855594
605662
1346010
1458178
566006
116615
482610
404988
73800
1489510
1839179
1184263
328577
1436206
1055985
1085140
1975568
263108
1030408
1984454
1656915
617756
83784
1900404
248157
1867544
42097
1311947
265015
1453309
1368419
594197
775943
1823994
1036848
1936478
420334
1864566
382399
1970471
1913709
1944030
569484
616009
1111061
1142897
136006
1428517
374761
1657454
985677
548213
308314
430572
1992269
420359
1107359
454155
1360860
1553984
1492798
1752478
1427114
265174
1381313
1236624
1740345
1243586
1790062
33144
464749
525647
1949009
425434
181
583256
448160
336772
1904591
684658
1471898
656503
820400
1076299
1721750
972522
1963931
1983199
1904306
1401155
1472957
552658
1844082
430497
136064
560646
1601848
1671434
1916093
134273
98850
1443531
391251
181091
171552
266599
909496
1526632
1208546
1153160
1235458
1231237
1777922
1061603
1597918
697612
1537274
1539307
1059077
550587
1390855
1452413
444402
1326058
1883512
342299
1542766
291635
992194
1739424
1624445
1188727
1842036
1608854
372580
831301
93995
1476132
549357
97861
47144
11687
479197
1271172
1013955
1451225
661104
1086393
1179045
326684
1302868
587762
755447
575365
1897791
1221515
1146648
701347
934180
1556477
69775
1805606
1844102
1007679
1608794
1257204
601161
247323
1731424
1940355
70270
889571
1887489
499800
187788
548793
1655416
1676674
1727000
438281
928169
136650
1784961
161803
1313295
316857
1859464
1915274
457469
151413
1777845
23447
837860
1815541
311577
1051789
1352047
522573
1123260
1950874
630536
1907016
1212745
1526298
1031272
1975567
1612993
785989
1059274
349866
471626
1929426
821979
40624
1751551
841282
71955
819434
616529
784667
1305533
1391525
1969701
506024
325126
757117
1535743
36197
191859
398573
739672
826683
1629310
833780
991124
494923
1032648
1965732
1907930
5923
1194766
1207837
1746785
1372972
1481384
467189
227064
1693910
309303
74352
1849629
559256
1089714
1216197
758473
1658189
1315514
1729841
1711892
457965
312385
565504
498283
1396296
1184940
22288
1256511
1684881
701309
1161573
915553
26034
1714106
1984989
642022
800284
431744
910869
271137
689528
1402131
301415
1255893
468134
849944
340460
1992499
647310
784422
91535
1837646
1694851
629708
1693086
422655
133094
76846
890990
1359694
236051
1482535
462320
957686
852201
1732481
1355338
1522267
1097218
1854892
1715586
47176
1513119
426548
731378
356539
666733
1020385
878075
216409
1692760
1495985
815367
109373
1214872
5306
1882441
1248508
925566
1135244
1241735
549494
825959
1283800
1810057
756502
622941
181075
717839
88923
1701787
1963940
1658240
745011
930111
561678
1171049
600081
1384723
473051
1125308
340266
1243111
302312
937346
148200
781394
1664302
1180379
1889169
401353
585384
837398
1480532
431103
302923
1883990
1251114
273106
751863
1491706
1717272
362965
1959605
156499
27214
284186
941861
277172
279367
1457797
889781
1661886
1496263
89843
1733184
63398
1873833
1914616
1563809
1353404
1205841
94635
1896283
597415
232048
1365037
492306
1569188
115468
1137661
28831
851191
927640
139726
1633331
1321120
893385
1633817
1092736
1519457
1938981
1045871
1869076
1670003
1545645
1918888
1421077
1165742
61240
939172
1948055
232807
269733
24039
1580543
894592
1849514
1999312
1112693
952890
757997
749483
1297937
1630843
1561040
341099
408961
1308042
366214
940973
432086
1352235
1220106
336914
1684571
1270891
288676
1014499
1170829
933791
1705343
1332849
1346349
184135
943982
1466022
986992
244321
1180728
602805
682111
458836
1760454
1027655
452467
814665
1741587
1063453
324005
1586986
1968567
388773
1727966
15590
876162
948209
1329697
1612951
104275
68199
367197
1630122
1427887
777338
1156068
1187611
518959
117250
431829
664689
810933
558265
1183598
1102199
222943
1679393
1087071
1271628
400681
1893274
521268
1410716
1213250
547936
1376891
396055
1281165
964369
644859
726684
697192
1244700
1930870
1503767
1337452
1181954
1057587
1574059
1629521
54507
609860
425376
140709
10406
1709749
488657
48265
1832631
1211889
1816989
269347
1661158
355648
1504939
1382198
1901973
861729
869219
204112
228233
720168
1664337
1407961
85298
329937
1227813
267595
1165649
1532990
773091
506671
776331
1423342
191420
1576601
221645
751069
1306936
1115838
1587838
691869
204922
958062
1460709
970421
763045
584901
1479916
1460844
1477916
1684980
1897282
816432
1681937
460150
1867326
1037689
632969
1509044
1139006
858747
1098760
461110
290855
960444
1777993
1172239
1041221
230459
1369175
1022653
464223
1024607
1172440
1816215
730958
923781
175120
210870
111973
982519
1773454
1326855
829179
411611
11383
1954611
375182
88350
1254281
1890323
1048051
783002
1698603
1553375
1298317
669726
13623
1728268
1840237
160364
1441195
1570553
1454689
803231
308538
1393222
137614
682951
173024
687052
947597
1352847
160337
1924358
928038
270103
1269270
436708
173542
1428180
1576468
1538995
1590046
1294865
1016608
489348
1705720
1491623
624563
297604
747915
1089719
970615
986091
869744
746594
952397
986699
150924
1267464
695405
1843980
105459
605032
671611
816363
1923219
304413
191125
137224
1091863
1315370
1889216
1163997
1478656
865252
765163
576788
1254955
1538959
1076889
1522215
448932
973155
1124381
211932
1334127
215207
887983
498439
255817
1960611
744182
537393
1663925
702172
962231
163357
1316002
492442
1062589
72437
1935073
181756
1277431
240205
1486208
1018820
1742390
217268
128070
1139077
673738
1218133
75445
1682869
1396984
212468
427540
1120450
1749769
1484523
1344008
1584935
990594
1794411
789720
1508987
1693566
866007
1826662
1597482
1765559
509814
44357
670206
1834534
1900068
1194692
424277
1766866
1853771
695111
1008705
505681
1916659
1609150
930001
803627
1132815
1492250
360086
1423053
152988
704312
1978617
424652
236762
1579537
1104263
1435723
1028550
369297
1152264
1295126
1379346
378226
658698
1296222
1981572
1005979
1374308
246417
1067306
1098172
1324752
898318
296178
1434660
259201
978523
333847
422151
1803914
1413719
507701
737200
427010
58420
1542158
174942
1783760
1903132
1880889
563508
1782411
502006
256205
180144
1007122
173137
1786539
1251970
697236
1437262
652009
1685984
1424702
1906745
226769
578195
837183
1248535
904799
1086456
1202456
897434
232870
794132
1877164
260210
1960766
249591
782440
73123
1466580
1764478
1121216
1806347
312268
196109
1577003
691455
381265
378215
55284
1165324
342994
1865795
1728864
713697
1494744
1894268
1495541
1352678
284499
479348
1616118
1226524
577334
1670712
1488428
117781
1251896
118796
1993852
1782334
1713457
810951
1958949
549366
32046
842167
23732
417847
400184
1473690
1150182
1929774
1343492
1941111
1923535
173324
1765414
884940
1772974
103850
735480
1114066
615459
1462587
418034
1426873
131127
1213856
44934
1555926
382337
913909
510032
1352197
1150671
1831693
1235356
705663
1065098
463793
1326411
912808
1669801
415171
1750182
1303314
599096
350134
1204713
431149
1627827
105755
1004535
1486771
1781621
368046
90769
272812
306716
587813
1274385
353263
750144
896272
797608
76449
1937740
1460458
1297244
1078530
451379
888035
387694
1262945
653631
398514
1584039
1223455
222009
488915
562315
1671518
1268906
1747612
1983560
732380
829607
806576
1721227
1736045
1135302
662013
1349220
1827008
939312
1968043
40782
195349
666465
1579991
780560
1423663
519259
1433968
1937054
748941
1778627
227442
1860719
1004904
218692
1900576
1062737
1271951
1711137
33059
1914178
1918279
627380
1401502
984741
539769
564337
1220300
1811646
881991
1481019
239194
177597
1437739
640974
1793996
1459963
1072545
1070702
476622
526458
1687252
396479
1491112
772990
834831
596878
1180233
500613
710172
77557
433679
1794778
358801
1142424
575789
1606214
686363
117985
343728
619550
1900414
287707
128154
189196
768816
1549216
302174
1614438
484756
1243874
532560
66043
1681956
495282
1951093
1820558
501593
203394
336766
873575
780916
1588801
1807338
1877026
899629
1212625
1185132
1856463
1042804
706896
1634491
1585490
1897793
1685637
664537
840250
1923629
208177
273009
273024
410567
976536
538282
775955
1325228
574486
1692086
105765
1486132
1395559
690122
1955327
1961460
1336489
583624
412607
1088446
1115933
467467
1526503
631277
96221
1786654
23461
508241
1280782
1236666
967679
604701
352637
1630666
1436428
297908
1596753
1072562
934992
266291
1312598
1303518
1082450
1354591
638532
427124
736082
1885477
1185498
339995
1264188
405959
446777
969986
856555
790221
1639423
1429450
367683
1395364
948641
1748470
666412
1555685
907031
1793114
946800
1310429
1993094
1809812
1256961
124502
1364936
783375
1066464
219013
1099929
594914
321967
688442
505317
27713
1047465
47667
1507435
312687
447364
1642485
1195569
1067556
1745563
153444
1856129
283877
526723
1352639
983973
1429254
327512
1606625
928138
870226
827073
1759698
154593
1686315
314068
1723219
176438
797614
976578
880630
1511655
1997925
555621
1541245
1176180
452804
751657
346318
1134201
1981830
1459632
825867
463179
533374
339100
1316183
1946929
638724
1581610
712712
69212
1983634
1739981
592607
1571696
1666904
1897755
1531535
1771518
1980648
1949382
1468838
866515
113248
1105686
1655931
1003732
1969651
373443
1447048
980741
1401898
1969920
1247435
1879991
944316
1608573
1379736
924840
1389995
749337
78977
1144108
511976
1588206
1904300
1495427
1127273
97272
1407048
1871543
665068
1880583
1375867
1875253
1791337
34534
1001375
1043254
947517
374031
833713
1509006
1166518
575008
311695
970149
485923
386538
638961
1563823
42255
1178092
705213
654942
886569
1368901
1379900
1717134
1799826
137342
1229339
1386270
894565
1088409
998922
71840
1650393
786286
1997626
248516
773168
1586574
1999094
171200
80245
1374671
36493
593136
1598949
326462
1560492
190906
1218922
1960946
975637
664766
1825448
395757
672859
974264
1444496
329722
1719964
1217769
779336
1788635
743789
205345
272299
1087938
607930
1359822
1596935
1406866
1605834
1641719
426378
883629
1132472
1976992
1197409
1119888
1698762
308409
1962085
1217318
939437
107054
1437217
782485
435103
1057976
690889
670692
1830813
494274
1562948
559049
175239
1087842
1417511
543582
1987627
832237
652978
2398
1521891
1828779
1575681
265658
641511
1806992
1607098
1906791
1813474
225245
1390253
190130
735671
999208
1594383
204337
785772
1784670
1954029
907526
1557872
109287
451224
521598
1000201
326770
855184
1740074
1790683
1197525
1397859
576055
1673124
740508
1463758
1941942
1718964
1060059
614315
1441881
1516918
1913997
1317246
432668
1093972
496451
1560892
1143663
325424
1325174
896379
556422
2552
132765
1702891
1406124
988340
145973
1444050
1848345
1732394
329456
1555368
54852
13732
1895415
168527
235304
97309
1571167
1842294
843560
651401
585163
911203
1702513
1126169
680008
1771482
1544364
596426
258811
1762697
1675389
1222019
1542110
1418898
52252
1264675
1662835
526060
1044525
1205527
517009
451064
620298
640240
1468290
780669
421802
425126
285893
887759
661667
1564817
374086
1260134
432858
1183255
904890
1400363
1542061
1859253
1403139
1876009
1583007
1331329
299581
1849626
781632
787093
166775
308724
1883327
170564
1185508
192171
424699
643817
1308998
1310694
9090
1874381
823160
1079602
1313714
1681835
1136335
371181
1005636
1483784
632017
419460
1131625
929530
1728467
219676
1124729
208662
75282
1831229
1192068
871519
559472
1634177
500717
1382799
1694090
839398
42673
966388
394366
1795978
220839
1680387
550732
1448530
739564
190548
114886
410296
1884745
1513447
706225
631424
97101
1049856
1473012
623320
1039758
897268
1806422
250609
933964
1117772
716275
1163853
923958
303827
328804
1884929
705067
1262679
300780
956289
1513111
871791
1533575
139534
1209796
1502586
1180707
483638
1878259
505027
1281569
646134
1570550
207899
1042256
1878455
577445
1476308
1222619
619240
1898581
208245
965641
1964667
1226804
1306150
1346323
1321329
557909
1208597
789174
771537
304378
999863
511043
1967701
1474710
61816
1073719
341516
849894
1896832
1854478
406684
1886464
1268928
1993642
1299429
687311
247986
1460891
799531
1137839
899218
204992
1948352
548138
1232810
1658299
1736636
1889306
1128697
1119402
1030427
194096
326888
959295
1952902
939361
472487
573620
854186
51200
1596355
1167485
1597592
1271738
1767958
257679
198005
1912181
41099
1730757
296323
462076
640671
1576462
1164334
735993
276014
322289
319119
1857693
1677795
1247582
1349595
398995
351288
1517357
710023
255638
702512
965617
1737237
1825878
1904813
568029
1543008
1430318
334835
1933969
334001
1404324
1258709
1222189
137680
1441720
1407331
1555411
1545755
639846
1342751
132718
1885163
1709024
611578
302171
670656
33793
1554836
133265
954956
407113
1286450
41692
1626389
987231
131175
1286128
1745459
1049476
588998
1507727
668861
865536
653735
537964
1472045
147575
1446675
690781
25444
156942
883004
555359
451124
1089809
1151927
1220867
1556141
1304758
1746501
818213
1100526
1565279
353776
1075372
137386
921421
89105
483570
1084511
1212276
1921258
33163
1714869
570189
1553603
1989258
106658
1537563
247425
231115
326865
1358490
570703
503183
1585179
81166
1469455
1376888
1450396
907486
1483809
306224
1396000
1513047
1703847
519629
187894
484062
1199537
401713
1992298
262050
1950828
706705
709134
145697
388395
1191464
1931813
1505941
1968739
431733
1470947
1551511
124071
303210
1261729
432185
706916
1076009
527666
962824
34219
1692702
1509837
1268411
227470
1312636
203131
1922318
301219
1625037
1006962
1711745
1280180
911184
1513272
1540088
1556114
753114
1176174
1234102
1581912
158025
565570
760762
921806
1165525
1669303
1525808
194423
1923081
288371
567976
369797
1490385
1074762
742133
1223363
1125947
1436125
473534
99215
307696
1463242
1685181
765692
1785255
763229
950955
533368
40564
665963
990392
1479396
1075600
62734
132521
57707
783114
100436
1003588
586277
34015
119472
1608049
1598046
1186676
56212
1310279
855540
927545
1242042
1521380
99611
220442
1803898
1580905
911953
1832676
1302699
3902
1601523
657001
1535880
1818732
1061806
1906878
764574
1247123
1717134
1653251
1953240
579663
1228626
1607991
1565747
651096
1927787
183277
379379
1516121
784266
65222
1603990
1542658
1513472
173095
1940940
198806
1946633
657646
1260934
1600177
111868
706022
493837
1505023
621127
806984
1859743
1714886
825294
632370
1199751
1572180
772585
1446473
825475
1170838
1401298
1158707
1017224
98903
1524588
187433
198110
435951
1463209
1830358
601353
1960117
538104
213152
102526
1913539
580967
1649964
1290842
1607797
1395427
1906868
1441360
1826455
1508795
1950864
30524
732779
1794081
1693814
913959
853430
1660440
206818
802334
1385795
913786
585546
1790402
1662453
706732
223978
107183
1814604
661330
972984
1744496
1228863
946560
730214
1578531
1973299
1138832
921612
217657
993110
1073167
628714
1490292
398807
1024367
193896
1627647
848605
1715100
1807594
43048
1243081
1390955
1924596
447459
231964
1693650
506338
1659623
757329
833659
562146
1148356
1921603
471556
1804608
1535469
84209
433782
331948
343632
1426270
1348908
285445
188438
886944
33662
238148
1527498
1457050
1942995
1205481
1294409
1058918
1041460
197411
1405465
471630
878854
677275
621403
1220688
1218221
765258
1475553
1630179
259478
749811
348400
1953022
1134965
