1936169
1546152
969747
1322498
106133
1528616
404626
1919989
942551
1677910
1181244
222398
284102
767421
1192719
906855
1479124
1769636
1800063
39312
1815186
257427
557522
769498
467057
1282510
411636
1825220
238841
883626
597943
442662
825440
513767
466594
1932647
31572
206537
189753
24107
825492
925224
65116
1550139
656046
294130
1665558
48240
1711155
1105672
270431
920110
111924
304563
412467
347529
1694906
1370037
1324693
334217
1900943
352481
1318297
282217
1136618
1192456
1761833
1728262
1451877
411155
31135
391292
843736
481607
115360
510374
1382999
1557268
1580671
1439314
638381
247988
1431027
1203507
394044
175110
1650591
1068213
1427713
1047129
439587
1022737
1561689
1153951
1782260
120311
625885
1284588
271663
312028
100598
1323492
1911169
1846471
1973135
773553
1331789
217956
222414
587362
400313
1521555
1659873
911214
434306
196309
958014
229634
1399237
1658014
1455374
1288773
1335475
444421
158795
1447942
583523
239471
1856925
1997769
463766
1747817
62844
780742
974494
546926
1553699
1957032
256643
182616
1859435
415307
1403269
440587
17139
957680
1753971
679281
1924859
617814
941814
727559
1460778
645505
1159117
1489563
338421
337410
1853965
883003
1596684
639533
1565866
585316
1657055
852686
1837908
487361
1216571
1926219
1105098
530349
1193597
1747535
1477934
721313
68926
183371
870024
1517770
1455795
769549
199559
126721
1523275
1310564
576363
886704
526003
1480390
704718
1635635
1144989
191218
1293191
1170393
1482777
757503
1679155
1700174
1877788
1972046
1896038
1065831
1746158
1252515
1342429
1703171
989759
1427410
10423
366817
1704044
1864388
550151
763659
1907950
1810419
968136
1016894
1245062
1293844
1727440
944394
1295783
298810
1335242
122937
1034484
1725430
1292737
5598
1376419
685580
1267581
1230391
1200128
1567390
1353642
635084
622360
295851
1130596
455663
1903164
1465657
1485424
73337
874291
807673
93120
1100137
1506905
868854
498716
984314
807539
1094109
264237
1514757
1588147
656395
1266863
153902
208376
1855279
946734
262948
1572387
508887
1317415
1924577
1444673
740259
200139
897953
969874
941886
1016507
1949331
1748419
1873102
363983
321997
1770113
1548612
1641171
1316100
1328192
27443
1023958
1030316
1328043
1331272
747630
1203455
837664
388498
366254
1828624
756444
1350678
1176596
1350054
946554
904169
1167587
1143832
190785
237472
248588
1495654
1799107
64094
393628
1517582
1111027
1582088
1727861
1466593
771436
202273
908949
324659
855040
1394706
1825316
1911380
1434759
577107
97041
123435
1850444
1549483
311714
244724
207481
617784
1480092
1025315
1648890
1879182
65458
175545
604155
1913721
1765083
760736
548460
1247702
263733
1247512
31630
888327
496241
838638
432639
1961870
1551033
766706
1491733
1646538
1699435
643849
895312
685774
1184159
1367979
2791
330796
1802679
1766328
1996870
969220
420094
219708
445916
1618158
1537345
138878
1363416
1408602
1588608
110735
1026992
1176502
654282
612617
1534033
1521808
650722
912622
988244
928872
94247
419323
765729
1930172
193092
82605
1451832
526848
551910
565169
1792641
55210
1382672
1484208
55458
1234321
1271628
652062
726707
1624514
301816
1829229
1320019
1435701
1350486
516265
1831675
1536114
515332
1848311
87137
523502
585520
816107
301058
728058
1294851
1990292
324133
1773203
291411
1611582
1115516
1643530
250043
659997
1334273
1514399
1355400
141463
1105578
804848
1156622
205835
1001282
549204
177932
778925
1996371
895022
1667759
1952227
1461350
1524344
1653484
1303827
47455
1723599
1462361
934334
516122
1773747
1700008
1544979
581864
1851894
762080
616380
899023
1669158
1733919
193928
517626
12355
318989
1653840
1236495
241607
155510
355626
239294
943117
1339755
1821201
1619203
239643
5904
1299697
637767
70598
1995827
1078010
288853
1925456
1603924
1859408
1021381
1847492
1918618
1134845
1237966
1843749
1454759
1103107
1753955
1213844
73190
1306168
525447
502650
1228561
256196
1203180
1695170
277570
1347203
883170
291188
3983
128034
80473
1690840
236038
747399
1741878
1315600
79736
1740030
1403517
1859053
1555013
1049242
252474
1869373
1612430
695344
316939
456143
1470367
553098
510138
1083787
910103
821496
611344
1748475
116783
375068
1065493
520229
178063
163393
1196847
870754
544711
1115391
750090
1740433
1191835
1358960
206874
560300
1328513
1256092
1215404
1165161
1564795
321264
1509259
1956279
26865
1648540
163229
517444
1680657
896286
306492
869389
798695
1201468
1855839
575011
1910094
1710296
410711
1849685
508133
1144107
26564
21146
109719
883273
1749138
412237
1393735
365328
1661540
1103887
734891
1081456
920357
1731876
1511734
1376580
448054
852954
367305
110816
840588
1246902
1608214
886275
675376
743729
1014241
1374020
1361832
90070
1806727
1703923
1680305
366716
1634178
279021
1772611
1791818
1060417
551064
1233308
1634482
1117859
88973
713839
729272
11584
1638207
423558
314254
99176
1122299
234303
577995
790907
1112470
114036
5472
1780883
353403
661157
601545
1030799
1326566
371893
166288
1703849
1504986
1130856
950221
1618338
1320992
1476544
1701118
1123799
1462680
399476
1956241
1453544
31979
150635
148835
1508319
250921
706440
1603229
1387374
1050671
971326
1457356
1814128
816689
325282
1250961
514395
1501645
1451183
1418749
1176560
1168959
1454785
1368500
997413
1596226
622779
1871244
190171
767639
292819
974042
443977
1598771
1887023
1141709
886616
1315486
1190686
3372
763244
1680529
518814
1226020
141199
1819380
959338
1104154
749828
1908105
810823
1112917
1935778
1182730
1542186
485851
206180
83695
1754730
471715
649587
793987
1454881
1375749
288774
52481
164933
1563962
1380824
1720725
148702
783500
128965
9275
1559951
1450300
679322
1237042
1749430
129632
1031212
338378
1373574
20072
1053807
942441
210714
45643
1414899
1731307
1040610
827866
224152
1262783
1841614
235339
722540
911517
625623
1468198
393887
1283643
916871
175743
627568
1480677
213731
1888132
1460257
417144
542119
811909
981448
698071
1361619
633289
711542
1095760
190521
1847156
366490
198302
1964686
105164
80263
109887
1844755
1088160
1465511
1764712
235572
1501228
822326
402815
1057971
307797
1625780
326107
890958
206072
389584
336631
531554
638934
388521
1573683
1668150
1143295
1843644
1513887
1286311
139238
1625091
1049668
1341058
934739
890668
1535386
663737
352976
121499
993193
1527146
1641341
959787
1694598
1081104
937584
845326
1347569
1006558
309482
616394
309424
1275477
1032425
931176
446436
682178
1935121
185989
1619887
1356874
861654
1029870
898239
741691
1619028
272359
1443287
1140966
916804
497759
1777067
1444392
589601
957546
1099612
1350946
1406004
789258
918471
1746495
1147961
817745
463825
1323838
1571859
179115
1910416
679026
920263
1576220
429285
830496
755846
248011
1921989
1036543
563624
1753914
1355397
290444
1153301
1920998
1553924
1225563
1460262
512892
1822770
1545303
1530303
677605
400940
1433445
105603
154495
1920735
405388
260365
1965025
1521101
105539
1362026
892834
1115974
432279
307029
895124
289987
1568964
715517
367683
1147773
1775553
351153
1136179
832827
544904
875609
1781722
1318496
1573437
1656392
1546490
840723
897326
872132
660801
258525
25628
486628
1996961
1386316
1910699
675113
1046504
280405
1683800
1404964
819354
926721
934480
839820
501599
218737
746351
1403391
765796
250353
1034924
1827211
409569
1456825
128580
1731241
1686589
477756
1477512
455843
734108
868437
256249
672471
572229
653052
443750
421148
434698
696626
588245
1228213
1950430
1112094
194203
1562996
1306367
1682550
1396049
344158
751771
1681735
208165
1674784
1735190
1459940
1475933
1643389
56572
1388898
1527777
1151199
504921
590500
939331
963981
1606684
1404157
938315
714152
1807181
456064
1648419
1163729
1752923
75878
953761
62169
32061
570409
1982865
16079
124727
1194849
522230
155523
160961
260375
1450961
960303
535359
400746
1654458
1218776
247834
148853
1375184
982111
1404132
1951257
1465883
1429110
276192
260153
342285
1930954
1244332
881264
1409831
1259101
1706601
896595
1723554
572672
151780
23989
1797759
347455
923766
1477751
511181
134177
172010
1691039
175589
1188031
1661183
682697
582451
794238
1763882
709490
233672
86352
742314
1381052
644317
1665579
1785446
775689
929254
118534
30292
351756
1758277
1991319
643079
474744
415127
587757
431994
1568188
1130874
1947286
667808
694736
1382761
1659624
1477671
142507
1748228
1090881
555529
1895107
1290377
258141
1773097
653071
1354657
1929954
1230369
911355
1863216
1412652
132118
1073069
952320
201292
931551
1163660
317657
1976096
1010298
1216698
528363
1202872
84398
1987541
1024969
634664
620325
497707
479716
1525301
1480022
1273918
789664
1442066
419377
1698966
1889089
1170471
1446537
1696092
1685777
1521271
312972
542878
380903
194152
388428
976284
414396
274911
159119
1653107
790770
934863
3414
845879
1744070
319331
95602
1441862
95242
695602
1252632
669056
1267713
1552395
1609589
892992
789081
966066
1006249
1240323
1662330
1269120
58837
1265932
1636476
1450763
651357
1350573
429237
1102794
339871
1375216
1995646
485197
20684
209801
991611
686935
1563882
1165128
1337330
1072318
814703
411046
1744882
96009
549992
1262597
1506094
828153
148055
1196568
1635705
1729239
934970
474595
1179426
288562
1762695
1959267
673600
362075
1666281
1006821
1016087
1919853
692673
1699307
1713982
869266
812452
337102
1541035
799268
1711605
847168
1144989
21864
1990777
1852277
625069
1347450
513392
327003
728094
1726648
399102
607358
1971451
1659095
136549
65322
579677
882462
1085905
1137802
1470252
1677874
366246
708491
1043699
695164
1753729
1474007
1509985
1642357
1415514
1576040
1383515
767857
1016857
551206
71818
312944
1400830
37226
1501255
1986575
1991002
275790
1255052
1443605
627336
67420
951643
945729
1256852
709791
491680
1005789
20471
1867644
1640426
202507
1096704
1712933
416218
625545
1314054
1146869
526315
1083414
802353
847025
1344548
1814210
52558
1162182
1516374
1251588
1770238
36550
1229373
1314367
1271724
50446
336575
824552
130880
225209
1943301
926799
438845
673478
164744
1301668
561867
1901460
1811507
1776291
824109
1864150
1150017
1659889
69923
1167280
1318041
402062
1010644
1203024
375380
327375
467742
231445
938329
426063
286581
1288334
948096
471334
1225416
195077
1507396
1371127
371259
535903
1189864
1671136
629963
853173
164027
1696479
980203
340700
1674396
1574774
1332936
1711505
1041796
1371535
499577
1547586
1400112
1297598
585404
1329295
446591
611511
379454
667881
833211
467782
926172
282317
1683994
404631
1786917
1221758
1056756
1188879
506947
547146
1222623
1412066
852944
1590597
773763
240327
1976229
1449699
1218471
1073580
254142
1677773
1073626
1442698
1895575
740852
1264912
938439
1973009
801512
1536473
982622
69670
841485
1918670
278700
321097
1501453
255696
1170873
904355
74087
1682392
878814
1219176
980121
1434337
1915153
986297
895847
388660
1640185
1678891
1091347
232630
1392936
1346771
1633622
1398355
106455
941632
612195
561000
472804
727414
1885583
895924
591656
1974724
688083
309873
203469
823549
169474
52658
1857294
26466
1109948
660848
755503
1206277
817621
1429117
84085
1037840
1011426
1164214
1528519
666801
1216250
817036
401165
975401
1026102
595056
871925
576523
1873952
121972
36258
643077
1772336
907596
204873
832842
1817742
75990
556490
1821098
1388618
127046
247604
985196
1302425
752528
193333
176091
1664480
1798188
1492806
1257494
1450964
538472
1720748
652559
1163736
1108421
1152646
1189746
1655900
520865
1797860
1906818
1345333
1228275
192956
1602699
748210
29401
1150448
826213
1134687
1257430
1340023
562453
651522
1534555
1754042
1193024
404626
758210
1759817
1705468
1071441
1627302
1957491
1980267
1170204
720982
354779
1895595
1899447
1038231
1417274
1512593
1705766
342757
300884
812528
1923924
1427861
453872
137393
370602
9065
1069278
921487
1535843
1890810
260722
830277
623291
1350501
930603
1040123
724933
477373
1419875
102127
1637880
1600299
1613491
5916
585403
528585
1458451
737334
1417898
1883827
1455405
1665587
1614486
491242
77658
437785
988779
193732
1295450
1400799
449505
150020
1813500
1895841
1059111
87827
1741756
1279273
678915
1640866
253450
1249087
1469235
1584308
1152293
1033165
1088386
180235
695305
235640
145218
1896780
714837
492690
647623
1562595
1843924
49809
44308
1753829
1776069
996120
1036012
427341
98613
703633
1733048
1732673
304038
1756401
258875
1007946
67242
787510
1790524
1390962
1068960
1846584
1058558
676514
725975
1209468
424561
204109
1750882
1386646
1987671
1924188
1769114
1640166
674424
1600613
1273289
1376309
1349338
445072
1579311
415755
65248
1175353
1890231
582956
778338
535813
973159
1287895
933536
1532934
1863889
1266467
1063555
1766434
335243
1056908
884105
1158422
1126506
801069
469309
331244
1805970
1144159
1090391
301653
1190719
1666057
1321405
759772
573705
939662
953936
1709078
1016832
251237
1868593
1999456
1213300
1216752
1650114
1650530
280101
731557
1309154
714821
869943
279340
335362
142753
1840599
707993
306994
1589041
1708991
473992
223450
1207350
297021
890641
255170
130379
636228
100174
958985
1551717
141404
234991
705035
546607
786958
1782632
1682407
1022394
1450207
632165
304286
496675
1398444
1231723
695237
432984
450029
831760
1796448
278773
849330
1108626
603773
35263
1387377
1888134
614977
563529
954325
1979215
1749829
1651514
1550555
1809324
177342
909035
651558
245564
250532
1534082
1998120
667278
52345
1030265
1151232
1938656
1082018
1169602
1565669
1115730
1880600
1798649
505010
213519
868711
344054
1432716
25779
1710349
687126
1627880
834611
1723773
1292844
582130
964419
1530181
683804
922437
46818
692977
575955
360221
334646
1034705
1999738
628724
925763
29637
1926711
197446
1914050
85037
1050776
549684
1841286
1927196
565368
696949
1933991
1249262
1480130
1090966
1701457
1925045
1601400
784338
803518
932900
790674
126319
21914
650775
1228581
1524933
1353144
547299
1262879
1793878
1287643
233735
1042087
605319
1677622
1331166
351409
1353536
926348
740689
1048233
813704
1893678
294593
582961
622918
961991
1516865
1857985
490016
830468
1687116
1846942
302842
309304
424877
1955439
137084
909609
544604
1180838
994063
421411
478886
1170328
1900110
1376556
687691
1898239
1429644
651336
763772
373194
11402
902543
496312
16191
5934
5382
1169205
330120
1716511
1028929
196719
1330609
711774
1407475
171088
352601
157656
1343019
449422
987203
1853715
697122
67580
571956
1530956
256341
960703
1158180
322979
361842
1589566
1928637
1721072
1310910
46572
1809556
513122
1449574
1594401
1340410
1578634
1878834
1540480
1833338
1662427
1976196
624207
1057272
1418470
787991
1569625
1677034
1748944
1743595
1979978
946528
1230462
686554
1233897
565455
220298
1553782
61951
1600425
1307428
606172
1216571
620337
485872
972095
1890324
1828107
1412661
1723685
908907
1274490
889465
1301490
1019029
1243668
1623482
1685232
1403510
98137
38582
1123021
791835
1872427
295545
25925
845606
399820
1239702
440102
990195
513977
586932
1057175
1136062
1554096
166801
1039266
1732158
1098682
261302
1598242
431585
335538
697256
1524188
694124
596224
1553058
315607
1425178
1251586
1004128
19127
10856
177134
236020
128313
373337
1839927
1999093
1090340
902525
1184887
844008
1809215
1769630
818228
547017
1489049
321515
885284
227753
307454
1919346
1225303
1580594
1295914
933352
1717162
1709819
873085
1552045
1482544
536047
1923735
1815625
1395203
81827
455266
1026395
851637
1868887
773253
1282841
1594853
1352070
1077477
1238143
1167349
1442464
941710
1582225
491628
1738871
1766450
93857
962981
486023
718345
317645
1766401
371033
1186544
781237
355440
103269
46982
758461
807640
1455904
771356
32327
1531744
212203
358878
176546
401747
495006
1036103
1650882
878252
1375236
1260291
309713
1263039
920741
818325
512966
1962498
1326672
562858
477914
962866
814683
117792
1640586
1253119
1841434
290201
1576622
613737
862905
1116214
611658
1510748
1542967
155469
1680140
1715585
963295
1556688
752034
402768
268639
524728
768495
1197879
1538600
1948223
142511
1035531
1481131
431888
1695067
1055059
1251421
1338324
1804369
292417
1282609
644040
1449774
1181630
1454324
1281859
1475204
1378083
267725
102606
1885004
129170
1022063
1214229
1785995
1936406
923274
854778
54348
414277
1331259
1576170
1760560
238140
334084
450362
1126991
1671897
1277224
1734403
449478
709773
491587
119491
362325
1444078
1170835
1636103
1071325
1578768
983817
118314
785009
70531
1931727
1691935
1271206
279019
1852260
649393
1167617
949243
958688
1251931
1488167
772422
1422439
780396
1441486
355501
1815786
1613482
456718
774406
1138640
843535
209214
1638543
990483
444087
62957
1329160
1855309
108339
99205
1875521
1399200
1675868
383214
212071
549808
230836
1802696
1893168
203110
1303533
1561041
308117
533666
1839900
399077
947041
911096
1996516
780206
1144964
434574
158471
765229
1876992
1958566
352163
1720523
1313618
580409
28524
312175
762783
1397247
890459
495192
1965422
1050005
1164642
941425
1839763
706784
1478239
92983
1727181
477665
118770
746705
519912
1006244
967778
564443
910685
759709
11136
203598
175864
1132908
1207793
529776
1031674
482651
710630
571558
205987
99814
148439
266208
549862
968280
446732
53051
1834748
952188
142815
1991226
284661
1521874
322919
946376
1364424
1972351
1069817
1747907
492127
1801304
97838
448268
1573537
804731
522511
387566
373272
1580710
975708
1412046
174628
322022
1163113
753744
839604
317302
396637
1924079
11194
298348
285551
1367804
1970444
361646
213046
1792091
1027194
1451434
1603680
1697484
376422
1526325
534837
583602
489928
1373398
1659728
35722
1187045
1263024
978472
667765
404334
1514355
969815
1477201
16746
1366721
48742
1506827
1024590
1907539
1160945
1178003
231016
1351492
1411825
266754
1034094
453493
584365
764806
1113818
878104
352784
144640
1406454
92089
221753
1254335
1736314
1102445
1707693
1157109
1981493
1332727
1269166
707435
318993
120349
875480
1968908
1171286
209373
1677195
1663444
1107990
971897
538136
1861579
393154
1923714
1876538
582343
1207203
1658548
197422
607433
800306
1602511
824221
1986282
108207
523430
1020282
1271382
132726
1868580
57350
1143957
1942842
706886
767211
705640
1126313
369194
711889
1788681
524692
1106304
1547879
495996
1153436
1953360
1340175
1681083
490601
1283149
1771021
710318
1569568
667667
1517540
273267
1479598
1987674
370154
1979302
232095
279395
963282
192390
136913
1743100
205602
1908792
1892654
1550708
547063
485373
1851852
1653404
1338987
448278
49645
914556
1528467
1466799
873415
1426719
1161170
1042975
1936012
1901023
981763
1821486
261402
574909
823880
810721
1189200
887191
42847
33352
1427580
1201991
301983
1850031
1624297
944753
645546
600348
82470
1868497
913998
1827518
591293
1700521
404823
732343
1373154
873365
1366425
1106874
1605970
414686
677082
789194
1780347
15890
1377019
235203
447526
533274
1342225
1621017
1146221
770137
1952815
961357
606201
1941682
98923
1165197
983107
346316
576564
527049
63104
1717830
574315
1217296
1667678
230133
481429
672787
1653731
142591
1270173
505325
1056607
1742209
145675
1888239
1566887
399288
218452
1830455
759460
62142
1443345
479736
1301611
616485
207830
1737614
745183
1399063
1609734
719692
1765036
1338467
70852
388646
227021
173368
1928925
1637514
1506472
938967
712088
1520265
771845
363170
471082
841456
910972
1156020
637514
958726
1049887
1187903
540091
643796
585113
956611
95852
453210
1056127
1730927
1386001
1339118
318880
440594
916457
934897
1124098
1397084
235654
171265
1895391
1672436
1657702
1484508
552873
1395616
731425
1435072
1015972
755815
656431
199074
1478279
1136033
1808038
866657
118327
1788554
1974254
34688
1561017
987080
1847353
1033670
419394
1640528
1131765
406582
829404
1288496
931697
881991
658588
305441
1963037
108471
1424506
1126986
1687731
1508763
362431
125
1652237
977514
1558813
961910
1970821
1840846
1997643
1320912
1411703
687050
1290743
1809321
1101853
1573485
366549
1911496
1169556
46875
1131140
322966
1344584
26302
128355
420225
1820685
1533380
938765
1399774
864501
850283
286222
269609
312336
906925
1480593
1480420
1522013
433176
1476593
966077
618042
1203952
1425817
485996
526162
636989
1991004
251085
1107003
1939488
1097590
45910
1136871
1637094
1668428
1394499
1336924
604109
356914
1199411
1612371
1153997
674168
558837
1231458
705945
1361395
1117038
894427
1684687
18969
1863968
625477
1749602
1360732
782273
1312089
1203952
1468235
436106
1360561
1833190
1018698
416177
1991333
1617903
781422
909737
1053908
118051
1953875
170560
1445261
1021699
891314
807056
1679195
1188846
1349097
1163012
1897808
1023775
1623593
985786
142832
725296
945520
778840
487056
1466790
1558892
41447
727131
626568
783540
1994520
546931
135913
676141
1761149
883058
1023363
1938032
441911
248733
938698
933486
52782
8963
1161812
1815454
625083
813351
971470
612882
691153
222357
634462
1004797
1147996
1887117
17425
1823437
1582849
768311
682083
904579
1915904
1334683
1845689
183582
561570
221814
1614559
1582094
1317719
411924
973395
1103340
833645
1579607
257287
1981747
1047743
791023
902376
477017
998143
519966
744281
1866984
182874
595617
540906
567466
876739
1073225
1822801
1341710
1954839
1376388
1209319
1675751
305137
1875055
683160
1110396
804249
1170955
276896
126199
1726577
1471039
616782
909114
1334934
1874945
1996892
1123384
640788
1294310
376025
1496263
32406
1243756
1841478
854997
1523290
347905
1611633
196518
1511600
1257320
1366144
208268
1297502
313499
453063
271397
1058706
743977
1785260
1219473
557255
1648788
405249
1089160
1857621
804778
1382066
1083342
650843
1538254
1216093
993700
1027359
1005455
220292
1957117
749719
1880009
987188
1448023
1411438
332987
1977294
361824
480153
1460507
1975175
1289675
985995
1119091
1935845
1632
1534680
520883
1626773
1467407
1967422
1716022
1075959
1728122
597602
81055
807011
1942422
700330
1747187
1204281
1838441
235446
1522893
70280
384439
155132
1039938
1062666
1062401
414898
297175
1062233
1618855
1335552
1125449
462913
1436914
1579777
1527349
574793
823841
289433
1100745
938854
1634771
1060561
1721507
117385
795543
15509
1757020
656081
1887367
159910
1932792
320483
1193743
583786
1936702
1066424
1583139
1802746
1709293
272372
650649
1457471
90489
1933060
338741
1057460
55669
1125748
1094028
1098665
116707
568737
1655903
751067
804392
168701
230518
660640
1221527
925345
309441
875203
712295
953925
1617041
1932757
416948
1716742
1727317
1749476
900703
571104
1627820
1277193
121687
163144
847745
484700
699992
855113
1128678
1574911
27861
714022
839692
1569055
1830709
170168
1689053
1082556
1676391
27954
747865
692173
97694
256595
1663130
784109
1353777
1356174
1880431
1278641
505215
46820
1233883
1932490
435540
1519831
1412086
1174538
778041
1092391
111764
156024
1830880
1729687
384442
1528555
1605892
913129
220903
801270
751945
1662064
770448
929606
1597031
249998
1090754
1057868
592071
481343
1029579
1100929
459219
1409272
513248
692097
1558451
913530
489439
196648
638866
1787558
549385
865368
638356
1486079
1143656
49218
1369763
1839948
1222600
506684
1758369
477409
312022
1644440
1569395
1444223
914540
759793
660863
1364035
1390860
568411
942102
1325188
1001827
541812
1259996
88708
1007960
1628201
765799
580570
1808970
1097809
321604
603832
417269
729076
776032
1520026
290036
745196
1806551
1179672
166372
1055667
1693716
8820
1327289
1022101
675800
451460
1650947
1949178
1114259
1188920
1377747
1949340
34989
26110
1792101
1205339
1987207
476522
1369448
1075062
540422
1518759
753866
1678951
611321
1731030
1394433
757250
1584370
306807
1038783
471891
1349657
446472
1993733
1875597
104252
1726216
1069263
1313193
676050
1751212
282413
1151676
65454
1779793
1409002
922369
1591110
545836
1775659
1500584
1718958
1308353
1139603
916508
490510
7551
490708
919049
1239118
409759
632997
806470
824599
987758
996527
129666
1605402
549147
189842
1583477
1313312
1959195
1747920
887393
1499394
1624857
341172
215052
957519
863135
315481
151519
1105879
812144
70075
710823
1220936
929865
268220
1504347
365581
207742
527982
1541537
894182
1771478
645591
1241345
1864278
1912651
1765768
1723574
73117
39280
1922986
494401
378202
744257
1869063
408728
1523109
564255
531134
1301869
1312740
1036703
1286403
435643
1537781
901972
819678
107205
1303994
299429
1809516
978242
390472
187848
103013
144961
1739838
290076
1347626
75050
1439883
1613638
59397
51557
627119
730623
96208
146362
928661
864516
1765774
1505433
1406904
475561
989817
162836
1021082
1175302
486542
1610527
13027
1562936
1856974
671997
1823333
151515
526231
3248
379626
985058
860810
977436
950458
1001609
1066198
1146675
1808745
1924733
1423320
1577948
1095190
1564353
931062
1198666
1665846
1385391
1382843
1655903
1508386
637911
1709310
1388604
1964071
1927850
135813
706133
201223
14517
292491
389557
1969353
1940677
1507404
732907
1702784
291123
811756
237865
1593966
1724514
744951
1792276
559756
286391
1075079
1927871
1130193
1926221
1911380
899489
1880017
1818609
1635188
182977
66017
72793
1481839
38684
1333529
779787
1195279
193582
1716250
1537203
941198
57096
1794143
477265
1082127
1287351
644035
1994572
1073151
1284120
1227535
313735
1772080
97929
1067458
1191537
929170
898925
39966
402541
26603
1288632
1434916
1663793
1727
1720304
1711945
596886
1680330
639408
1757267
1449319
1035501
1657748
182570
4295
215520
1462872
983608
337318
1301877
1094578
1762995
1634587
489915
1746516
796466
1913685
1270132
462290
1251929
741674
877586
1610833
901716
821295
1876567
1718414
68333
998833
1112611
329056
563716
1121106
1953670
582156
1864208
1634248
891546
755235
424770
1135386
915989
718597
1559401
472644
256323
894868
665148
1319719
537158
1139714
204661
957080
1227176
878877
1924888
158614
177165
1970518
1617350
1197034
914748
544738
476609
57940
90796
1160616
119423
483675
1066913
755068
855292
1914367
1584583
116016
1450460
507331
529282
1008941
556397
1656557
39541
1282205
23061
1491925
253601
1938445
1821032
322497
1312116
1556749
1965385
1293026
377533
918776
110602
1750211
1378147
1323056
1061505
483093
585675
1590009
1455373
19121
1000276
1168547
743060
1601621
1536391
71420
155633
231014
75625
302789
597821
943745
1306094
295907
1120220
525107
332373
125406
1293234
1777327
1636223
802912
129231
1993838
883776
1966731
852390
1010742
1222890
1278725
1003550
1968733
1982901
1834649
382631
157579
504201
1366755
141015
1949068
295394
1616013
1896018
1205016
1840670
1022021
1161141
330378
1181624
607425
1278624
1069843
876260
528348
1924579
1250727
1648920
1213331
556940
141342
367999
756499
230278
910930
1538748
1240438
679567
112080
644684
502152
1913069
910615
1032485
1511084
1283978
1886300
541210
1482573
248147
1607173
347317
587117
1139853
51741
453548
476807
1987053
1059547
137227
1507798
888005
674439
258059
1141807
301600
1122762
569792
1006835
1238803
1651444
752286
222808
1234940
75407
1730749
513762
844925
1341093
719817
148787
1198652
1831618
211782
600304
702269
1788619
546053
1944674
1552265
561482
257061
728026
1277773
726577
827601
1487472
1746567
1222330
715472
594916
1630210
232958
1579766
70062
1953242
442617
440315
296059
777611
1984796
419329
1843874
566883
294245
353355
1664224
580799
1280980
845979
836824
359520
1023726
1157259
985673
632107
302918
1852115
377312
503741
660199
1762005
1030742
1946230
1650862
1879908
1628740
1373922
313170
1663840
1521866
1453666
1207171
1424332
701285
1492151
499306
1051458
469980
1145431
1407238
480779
1758981
210496
1738703
1354749
1928710
1557752
1350706
580186
325759
1993408
1982664
935406
884075
1739347
615455
1072967
1193473
281579
337642
1724284
327157
1509903
265964
1059923
52607
502497
18252
282224
1144858
707012
1750420
1604832
1315900
220562
1242979
659485
950000
729407
929297
1205852
1369682
1633185
1634298
322877
266084
728932
1075245
103400
795290
322646
332951
1766376
528613
1652679
1445804
752858
1623819
528453
1851298
387526
522461
1069635
909345
544670
1327295
1537223
949408
685411
1962398
909182
1195306
823896
1548350
447789
1283350
937761
415267
1528608
247875
776714
447825
1900306
1439420
1776218
1089975
318972
1728982
1786419
106481
1196861
585408
672424
229004
1812107
1481853
289040
1049476
947495
1565004
1048505
1878331
936590
776385
1849670
345331
906715
1512424
1769827
764564
1987387
481316
561994
1648114
716131
421084
144689
248462
857301
419110
877097
333215
1081136
1872557
1531620
455102
1153647
1170251
1435341
1432069
376430
1140497
362467
498179
294435
515326
1767656
268458
1286692
1891448
1715298
1344778
1899575
1510376
1889033
518594
296362
639623
1252761
1883113
345585
1828475
1519340
721100
131607
1102262
168731
168198
1254404
1861521
1179498
193678
1817034
822305
1307846
1458232
193391
940732
1498966
740446
525182
1594930
378472
438385
550421
54802
342539
970254
1945194
1791722
1154203
1940377
1396339
395984
1935655
749961
1020569
803337
955621
1903375
736646
791882
1221252
1391844
1156960
1891048
1143262
872106
105249
490791
1320306
119858
1045338
1289703
807625
343281
79590
1581163
36908
1021602
1271991
1826566
1827259
328215
1932809
293980
1115360
72747
1285632
1892759
760780
628630
1408898
947933
1929866
1204282
1276994
1821247
477753
1028202
1775505
1049042
1637008
891926
419602
91945
1138559
41106
753696
1409089
483901
578166
1768895
56052
375872
834683
1089851
1698424
384379
601727
855808
948426
610478
1589966
1863717
286111
1070191
531571
919688
968136
388667
1102821
1262116
1530677
356176
1535168
293613
1183076
22803
489262
173277
1990028
988796
1974324
1880528
566328
1455719
1700296
1197455
1541324
1838546
1499029
1464869
1038834
529685
1769197
388077
1039826
1491645
645371
1271071
654572
935430
1922917
1086868
1069534
675420
135880
357766
1566626
1065558
528845
1261982
97977
351849
1312515
182132
1076279
596265
681125
591319
1280199
325028
1836482
1730230
262983
1886360
189728
218645
1957122
1619932
1824719
934029
611744
332639
642710
521188
387614
138956
1676027
1212993
1452901
1003945
1994727
1254779
1666968
677405
1417296
849464
395254
698786
43334
927860
733728
571579
776290
446616
344562
1832251
382811
1420220
1203914
984605
1282358
722721
406012
1212591
1449217
120034
804391
989580
166928
628826
428667
1426432
403586
1449036
1316858
1305901
24800
646215
119395
464024
361055
235203
1780568
1436774
1684332
251473
509492
1079268
1168479
1865785
1236482
1744344
1644517
110804
817533
30435
1148207
710242
487233
132648
866318
404943
1252316
1787955
925338
774298
947393
1575602
409606
1728672
1084259
129668
1066886
1057813
385710
620351
6487
709058
95201
420869
1866242
366237
824493
1137372
1245926
1996871
1736258
817023
1204898
1461051
1875174
1538426
1846592
628052
740912
1926894
633622
75432
1696125
1200684
47372
1787295
1389124
47775
1193471
704233
755250
1108344
1568099
1360490
1931351
1240417
266104
948231
1731248
690759
1009089
1817611
23577
255265
1580797
1208120
828539
1965268
1894184
1249559
1948376
215316
452418
903781
14131
1944772
772616
802228
914659
1210896
914180
1575276
254824
754287
1636697
210587
284754
1703970
1921861
637708
668013
1649640
1191223
487918
518285
1001194
1059748
1557368
1939784
1853456
625797
418101
1489762
498704
1573087
1891609
1525221
835928
1949483
1940857
1613490
346908
966993
1223372
1002533
639989
284566
1446815
528170
1836500
637703
713360
804247
20096
494752
1148845
79673
500497
130808
1839903
1036477
884394
10419
1778198
894374
1170055
950577
707880
530475
563564
1973095
518587
1954086
912053
1446769
1640825
748183
744644
180546
621812
1541347
1014132
1581592
723362
800884
1520713
908317
1238596
290771
492883
1048949
663260
1099095
640973
665540
1813565
1271558
1008220
1788502
732882
1887468
1237469
635739
1578066
597471
470833
992565
979713
1569646
76387
1416154
1067060
83331
1093861
218365
1235906
659436
1758969
1713385
1839254
1172291
94262
177566
1670205
1878965
774593
1016497
1267158
803586
413951
14638
691906
905312
474711
465347
368076
1991348
1555935
632482
1291161
642820
866436
1443022
827143
1693636
902195
1357297
485058
1572642
1446591
36796
1105957
1550794
696359
1053078
992537
440238
661558
315549
794509
712436
1184279
501259
118331
745171
1480573
1039729
303218
1902473
509768
410749
1667660
1369374
816533
1196800
94143
1739598
740829
1740188
1787746
515830
378015
826310
522477
1519283
1805625
1019495
618344
1988324
416678
1969408
419864
130727
825618
1063393
254573
1064264
1146604
415995
6046
1672185
1343242
996123
551257
1236093
188856
13447
1106583
1579669
990069
1261425
1863064
1447432
882248
47484
1415210
222048
1800125
1937712
1322764
544685
227200
481678
1997808
129443
1935010
433221
1362744
1344217
1854278
254623
1316533
1980246
142549
1605366
1081164
1980832
873104
1915875
836539
589934
1777505
1546112
200109
257073
1905227
984722
918553
1702529
651860
566966
1432728
514081
708095
145431
437499
41183
1188957
1312842
1851455
582413
803735
1264944
1835815
1931997
1452067
1402717
1985255
1310255
1030883
884451
1003207
1334103
1869030
721337
698186
1946581
1930208
1831761
92665
372049
1869376
812378
349613
272699
1480536
461034
539202
1159949
787276
456944
305512
508102
1554617
78529
1720316
62273
542732
1646204
1916624
1204997
975998
969867
353776
1628738
348481
1900542
427917
1638982
953929
945651
1149809
906552
1970478
124902
1734063
1048792
242329
1879002
706860
1842697
1724999
1070123
1949989
974568
217384
411979
555713
536481
1828766
898414
1973734
344644
136740
435063
445464
384689
1274186
593864
265620
1268947
623672
1211684
470570
1277683
1819149
1719698
1850310
773721
1448949
164957
218359
1775683
1925274
1532447
1806675
347838
1582510
1796656
628904
509568
274306
1770076
1442390
1893098
777802
1710907
1954605
1389512
1976496
243017
609630
1936984
56740
30587
998470
1205285
658124
1823281
142714
119784
1200933
1039258
1632868
1873990
1577226
878075
1213315
389195
747208
1630524
773629
490710
530500
1763739
439140
149317
41960
1654605
1417456
1787597
333247
895133
769615
909591
856873
639796
881878
1772153
1699660
422974
608496
720633
1404737
210615
1679594
737674
315730
917489
429638
978894
245592
1766063
580571
1082334
402701
1025277
678501
1924187
495954
1554966
235593
1978038
550612
1728538
180631
1412781
806902
1178567
1797430
320634
933854
1087660
921601
1249406
1632464
1763638
1486927
1225064
1254490
1415841
1281407
1884825
979269
955156
1119066
1946327
1400789
128121
1678435
1802044
249037
977705
546258
1001290
418200
1751224
315088
1280618
533045
1660037
668173
459319
216041
852218
296392
1689246
45806
871599
1249938
25097
427334
1488151
1196737
1893922
1982547
469227
310537
365999
514788
816934
705322
422830
1365556
1758543
1287918
1739165
846668
1915550
743379
391932
1289762
1234678
986962
1001201
729637
761092
1859083
379611
1702043
225170
1339310
1845934
1789661
231413
1368655
1402781
385594
1688791
520235
1565436
920388
921103
1232863
1246888
861632
242056
1456197
1426406
1866603
57146
67164
1452837
1569105
955488
878293
213495
778415
105595
535752
904794
1544314
1292374
435035
1657099
1919974
427552
1833089
727388
1226989
404749
380610
990237
275973
436056
612847
1062365
1023596
217798
395255
1151655
672246
987939
1477698
486269
694763
1965411
1163560
1104255
895076
1005592
1456951
1138219
79787
1411996
132116
1682246
1127091
709958
1393684
76561
421023
154634
1715293
668371
524016
1907092
916061
28327
1379269
1534715
53760
154745
310008
1827583
759657
1354037
93995
501382
1505768
994416
1788646
621641
1787981
1994050
262723
1265554
1515557
705805
1470025
405949
829656
1408133
1085523
1383588
915200
294636
1242808
868174
447527
374501
1925351
134274
1537644
1627192
455564
1666368
1583950
1590955
35381
1567052
642441
1025846
1521376
147680
68708
122969
1757963
102675
770932
1053097
1212337
1188080
1370226
906583
1389374
1872816
72378
1028018
1368842
455284
771908
1763020
239036
1707936
528707
1437555
594356
1937282
490236
690613
1740776
1174715
493432
1565058
1230912
1773046
1844244
1487102
1602487
378101
948582
1526596
517299
1465160
232620
1253812
546477
1534031
560354
758387
999371
1603853
1938004
1504229
774175
1665097
989962
1594793
1550168
875523
1025135
1703709
1370169
745847
197377
929658
1650893
453324
1076603
558139
335854
1837019
344419
1626331
233483
844321
1568656
85089
1847239
867488
722731
525754
666066
1576378
1384719
1575909
906983
312482
1029074
1973070
1682264
6356
866569
386840
1544957
88340
1546552
273942
1732304
764058
792048
1686816
891565
797169
268444
490009
982066
354206
992160
816909
441029
751564
692790
1594636
600030
281219
410337
1108711
1404651
1506830
63643
49570
324983
1911112
554869
1048711
857356
1197504
315376
1707639
729214
1436905
142993
288623
1481959
1759186
874331
1580721
821673
965567
1349043
515087
564401
1838851
817726
1600676
1988711
1012885
798120
1300140
1125424
182251
379016
527423
1271482
1426011
1722015
774059
1539781
838093
1169547
1012854
1862444
1766088
1569188
31227
1730733
1855708
109653
750790
10436
628896
101509
676176
1358672
375375
1999684
769597
1010207
932615
1054833
1027063
616932
1599760
963882
1329926
217742
1785677
66408
219942
329978
955911
393030
1118490
1740534
1019686
3430
1682539
1999138
1242179
874
1245412
704379
1372886
1767244
1921057
499214
1704899
1205237
1262863
953264
982421
1702986
622866
694886
774445
58731
555498
56962
884474
654317
192127
1731369
1550136
1897741
697516
1542571
1964004
910489
371030
229642
607219
453661
1570826
1515628
1392030
941400
2913
604938
1624816
437612
1006785
1715467
1639277
383545
1598963
758265
895872
238027
1642338
1272077
831690
828582
482529
1608107
1998776
1523632
731968
1989532
984140
88603
1936612
1854874
627439
370093
10799
879650
171217
555304
501385
673126
1955819
143805
1265607
1710646
678428
1528343
1571386
1263588
1047103
1739402
636991
1192177
148877
190927
212746
1260494
1080930
200963
1681326
1035641
1212892
1856442
1222265
1719991
44509
1126049
322892
72042
400268
1592757
1532465
1704799
1706295
1291495
1659946
338546
993379
1639664
1326923
1960620
195336
185928
1391341
118730
333698
380646
946292
703338
1386534
1829473
1570678
1785486
504955
1598000
234495
1366725
1716856
848793
249756
4806
1928880
27628
775047
1419505
1142104
843622
1963440
830313
149499
1507743
357463
1761191
105030
650373
1040068
558716
854400
1647962
851799
1559369
111603
1341400
25720
1334304
888029
471206
983168
278482
667371
1349804
496459
1076621
1197864
265331
360703
1605435
1889701
502298
732149
1519184
524233
1446893
185293
1896234
1394451
1828994
1437202
1896740
255561
1312754
1373438
3104
504580
90083
956077
316251
1906232
1916112
1292142
916501
1471468
364872
42262
1771355
1078999
1114111
538860
356288
634958
1445030
1137146
1856136
1207003
702745
500401
1716416
1204870
1846861
166244
1695969
1663781
1480150
870757
414662
70599
366139
1225323
1342359
1640574
740022
1293177
620867
1024588
76766
1064651
461951
1116637
1004511
1923918
1365380
810155
1384608
767342
148463
1577794
968894
573990
362020
1763605
487533
1845337
1436301
1798682
1655072
1038751
1563629
107453
1251406
1744823
596752
510473
706234
396487
173579
1799777
1682481
230812
1416230
1233904
104625
999415
716607
1684844
400639
1235098
1210762
1405856
1107287
1436668
1544055
1896689
680985
950067
145185
28099
490738
1251097
1950438
1018856
1546434
811045
1051616
1980369
352968
718639
1418027
1805646
149811
109619
768823
738449
59921
507010
581526
277746
1173212
1390870
1868065
760563
1030751
1937711
8683
1319651
750699
1944272
885874
735140
1925825
1961634
182479
1963599
1354695
1027645
1603874
1350818
76773
1480386
936634
926496
1009655
1001455
1314239
1133357
254636
1652710
1873595
467411
1189498
595135
1852877
1012444
1277234
1488146
984840
227272
1607358
1871564
734366
414570
1143994
1698534
579155
429743
1624492
477494
675393
1592146
196867
386947
1916249
1089131
695140
1101375
818686
1734032
248470
1832648
1656649
917028
313273
58233
187683
572357
1059277
314603
998470
1603240
215584
906107
1133906
1225056
219228
559484
1502222
11708
1166233
409440
1790593
1929830
1152214
1000941
635031
1354024
1552599
1338605
518655
1532459
209912
109938
1371318
1818353
778586
737862
278835
248349
1729618
937930
1233409
1951915
1929030
115173
1000924
1896536
583200
726397
638668
1260307
642460
139179
1613485
1794152
940811
331420
1061999
1317116
595291
1429808
1879143
1400788
547991
806932
1911585
1794370
1734915
1621497
738706
1523386
1184038
349605
274595
698759
766915
1542838
557832
1075425
1681301
87753
1959520
506909
1470505
1034012
1067676
1108189
808724
965959
78826
764460
121180
170632
998832
457334
1833497
143057
1158380
1338020
886477
1193825
268161
577075
854669
1242299
387041
1027158
1801179
735255
578034
224671
384966
1432329
831983
1638548
527915
1781879
1039176
875895
652540
596390
1394838
488270
1047645
528731
410624
1611333
1483498
1573721
172390
1218868
1036650
1203890
1273119
840164
961304
2375
1922348
1625139
24106
1665367
1832803
431751
1168212
138369
1051773
40132
461892
211041
1786443
194728
1031567
1013501
359405
295337
797519
1082114
827000
778028
1479490
558724
996255
1876215
1545080
1042619
1542330
1797604
527210
282680
55466
1605316
1128607
1201821
1732943
596288
1144911
1787176
507873
311585
1689238
311373
1555451
1995575
603312
1946410
1981898
1698413
264266
1001260
928818
1950544
433122
647533
602833
68580
216859
1681300
1296555
95296
1757993
1794131
1248420
300392
1981283
1796502
1371025
1536361
1716203
1448847
1499690
1344023
167249
56114
566983
261810
1998047
1816281
229770
80962
1279687
199405
1390084
1856183
1850556
1409725
952703
1788651
100010
65539
1711379
881141
186566
281423
1731972
1634666
1204944
1045956
1913471
1651586
1991885
1312331
1701870
798685
212790
485205
1672590
1881751
151198
774124
661235
1131278
1078506
841985
1665493
1223411
406094
1575548
1386675
1313775
100771
274995
1406123
1573361
1051592
215050
567506
1821989
887545
621152
1223149
1314585
526865
497785
1905075
1407412
1733388
14929
1751405
1093151
989779
1406873
510952
1630485
1923599
1141965
1172255
1671821
1503213
1457424
384343
1919759
1183438
1617435
1508475
904137
1328062
259422
1309545
104418
1096521
829776
87691
1980321
799549
1156370
1024600
1823318
1369616
1460394
1158621
1795452
569364
5860
1439789
1958304
856995
441916
1212058
1020345
373063
1348233
164133
1684533
1663147
466403
1642025
1565884
752945
1943978
798320
178060
472748
806117
456902
1770752
1461646
64377
72098
1960505
56247
211097
375156
1233699
1752036
1129375
1885524
528789
1706744
248298
497083
1484171
717437
1997815
432112
505710
1943525
92670
1551036
1050339
1011365
1472972
619418
1980314
191481
253009
1326256
1310357
1297594
1094562
798180
1336509
1754725
1651106
1799834
1358387
1067938
1413726
1208521
1695801
1596537
1125360
1148179
1867059
469891
1489936
1994088
1165824
1413874
1326075
354890
1297675
1387736
1357890
1320230
1164220
1020065
212325
393720
236773
835900
394046
1722281
1735870
1003129
845348
1133215
1709172
1995853
1083456
1259235
1105771
1871958
1993960
149308
1905682
1475429
798009
56245
1249942
461669
1755706
283501
305684
86001
706384
1121909
1955514
393510
1870233
1383849
1404798
957858
1790080
1284996
1402023
36119
690664
736405
1791481
1991404
1136463
653267
746082
864684
1484424
1948983
1962683
1844101
195799
1395949
271743
1800198
1470921
813093
355995
930620
1664703
70792
878313
683126
1707640
1992395
1034628
928686
346345
420006
419487
1813203
1926911
1069959
613293
1351150
269745
131279
47263
641536
1007322
759622
1598076
2086
711889
1514402
1709496
1502286
447883
1246671
403433
574598
1127063
129950
544527
1737898
1421274
1211222
643855
1773814
613283
613376
417428
1341725
1504086
474303
921322
852040
1545824
1186625
201949
1888971
793933
614166
350798
544993
1538615
1958643
209471
812734
1580060
1112506
1549921
1905410
519023
977860
548312
965791
1628692
672016
1687889
1157651
398232
550608
1551721
1858287
1492705
765538
1980759
412335
759416
1256530
8777
1384796
123946
1968132
1050342
795430
1980200
508404
954364
626012
979453
1748903
1762438
903529
442750
1123771
555913
8933
1706105
1020461
632942
1026350
1717920
192829
441913
1493940
211334
742564
71966
146921
105883
716225
1163615
63602
1362263
866472
1700610
875870
753295
1857751
1308099
280419
1501269
314829
489372
248266
99812
1262466
1431897
1732621
855130
512326
725296
1149611
248853
1889727
99571
1060781
1064335
50245
1864781
157738
1849774
1751697
70076
783283
1584055
1874274
192099
874054
1106652
329311
316873
1357634
957900
232585
1521843
206074
628463
1035564
1968720
226100
1199380
1362103
1662456
655069
1314511
1859556
939795
108015
45863
71090
692405
509446
1191817
1516526
1113131
183907
145996
1502114
1196853
1542562
532456
1246426
465501
80229
765653
766878
749342
130542
1347851
113034
1235350
603685
1765853
1580244
177206
1447421
1550342
915867
1872941
1939232
823976
1932677
196016
1712549
1428768
231883
1990471
121581
1514076
1122296
1994821
1319892
1122959
1834280
1004347
613936
1906274
564403
1927917
1725382
970724
860009
1970895
1739872
449970
385548
1506288
1387951
987666
1843869
380788
77146
398286
1206714
1373103
1222992
1257379
1724598
1896156
156859
48943
151025
383565
1891595
1956125
1036183
1942524
1296823
1324530
1237360
1297585
490566
1448316
312214
529316
271829
1342122
503194
1058328
846968
1626981
899654
1050529
597228
1634749
1901963
741432
483914
1654670
1941471
307061
1119212
442867
1262677
1795893
33778
1676737
1160792
1160813
1933253
1959108
1956296
573401
787538
1598421
559050
1848479
876625
1866837
55001
1128940
1577906
1776177
1025937
709152
1388572
1294604
1191384
1423294
1441208
1890245
680615
912342
437961
729097
191961
579417
1711036
1760933
626566
1745042
133760
1333008
1559392
928829
1146922
788942
1493770
735623
1721666
572273
354075
1847709
1938940
49434
1155209
36632
1124667
1115160
67416
344006
11482
1482418
1720595
1862191
319052
1862890
565909
1007040
427483
22274
751260
443437
504280
1067991
531294
1513516
1110072
1917840
1489492
197949
1487137
672275
1868685
1653373
989460
954783
127413
1820787
776554
1613062
751291
804325
1022424
466196
1426434
1933500
268957
1135461
488789
755939
154237
54562
1039745
1984573
1782342
1368261
1726894
647243
1392078
1092378
1766449
467604
419401
1153265
1226064
1913662
511405
1198626
165222
27967
1735220
419289
478033
226416
630917
1243436
1102504
1479438
267018
117494
382371
287479
137062
1670668
686650
1843532
1270274
573597
527184
1199516
647896
404986
1919655
1248612
812680
1589060
768624
1677067
1184654
936406
1477704
116997
38201
369246
1615726
1510710
747560
1901689
1691449
1699665
1709801
1137612
1130987
1438336
828152
87612
1908598
1502748
1638202
842820
649940
946434
1134422
1154223
772724
1764863
364386
983301
875184
1676894
973224
861641
1627317
1139418
1597685
1776487
1386790
272068
1531029
1511251
923398
779177
612140
1259547
1027827
1520392
577096
1715674
906129
195993
1268995
313064
1862436
318366
171633
17923
670576
161440
548878
905374
322910
499167
1728738
1593347
118217
888612
751789
114887
373747
813512
1216623
1372506
1578404
216830
114841
1344929
11254
728565
1585574
678969
1529743
181126
1018253
1708593
1421369
789730
73214
967070
445364
665228
1811893
551718
1014705
855840
709637
1764036
1385749
1143330
164267
409380
1829905
781478
497436
84654
172491
785298
464408
1014767
1211755
829766
818272
525316
696520
489936
601805
210384
1130751
822138
960592
143931
965926
168303
548532
650699
1563189
959104
503435
596913
1706662
320578
138851
1294594
1700141
1280415
965696
1555903
1182713
918162
1153001
909962
1233822
1819675
1135574
1677570
180412
331230
1022416
1738034
1821981
1592836
800343
748799
806144
1042007
1349321
382962
421562
754834
1919760
334455
237007
525193
21000
594816
1642036
1720420
394847
1669497
256866
905959
1714549
1515228
1667961
492636
412397
1909614
432495
1111603
1267300
146738
718754
233578
1800045
1808528
28805
1937564
1130946
539831
1735662
1047883
123996
1080848
1409241
1219867
1317587
1442004
532674
589309
1218230
179287
1552077
186626
1062800
773870
510121
1765601
708549
447596
682576
1094009
1320874
698760
1577095
1397025
1316427
611185
1623654
1970644
869050
377500
1331628
1512665
1155352
816043
1209384
1971825
422575
888787
514344
1313440
1838416
779474
1380248
1960326
353361
1356013
247330
635823
731712
1022305
992124
258514
1046738
414576
322624
263824
120536
1758804
1122947
1423999
1615204
1183820
314932
617714
708448
1119051
1084824
1493718
360686
189004
1309953
1460023
980763
855222
1194968
1863548
793605
1845980
1323029
24499
478397
1595148
1506525
1699329
671499
1805169
1321545
511722
1700936
1204581
1319452
1572337
389991
1969417
928096
1520829
1294042
1566212
1626086
1742567
331801
392291
1670698
96689
1989270
1877534
1577587
426955
1118469
1076226
843740
1150778
1974061
435084
1410635
1366571
818832
56089
1912575
117828
801399
196991
1635856
1499892
350496
1342199
1018895
643863
1481990
1192648
1796698
1654617
443075
377127
210601
405908
400496
1643908
381669
1331118
1870513
1199780
1776943
1092819
1633335
1552205
1058313
1358648
169170
864704
540586
1441151
470193
1512093
1488460
1046314
1138260
10783
639292
283881
599601
1215248
743210
1414650
1987193
1283470
885545
121275
1487894
47163
1449497
289941
459599
1386580
738562
580166
441724
1562883
952671
621559
1694308
1074967
260814
476396
1679154
1638912
717692
1179059
260097
1706903
686707
43424
1659044
201446
1619713
493949
1432054
1842608
1482845
253888
411666
1455911
600983
1248156
741247
3639
645593
530026
1709744
498793
1807027
1047570
1609002
919481
1616020
1051781
1157692
1095828
954703
1487692
1579928
1886991
1247177
1138508
1763783
881249
724357
1790457
1394730
860407
1061055
1301076
1210936
667539
44211
1958886
604386
575865
620336
551297
1309769
896283
1199276
487686
622550
1164635
1594852
1955710
1404883
535390
799373
1562639
1496744
1822765
365708
1772168
1960208
1693298
633591
1393446
1622825
215421
143202
244625
1002993
210530
730323
1246418
541351
139284
821210
747725
164457
1030071
485754
103476
1338701
1832685
1767908
411641
199440
1415779
347613
1644611
87251
546734
99004
943067
1887714
1967006
1878516
890147
1023904
1699751
217515
687466
273571
851006
752744
1502403
24465
1442047
450602
1596041
994039
1152856
934516
1258292
651149
274912
1389914
304600
1391459
1443277
1979751
72321
598372
1844815
128889
1143423
829737
1083798
1655299
1269308
890087
534872
601403
513437
174035
1023916
454085
573799
1480101
364204
1656961
884747
1270672
1134887
2662
1119908
839569
415950
758917
1288697
1006673
617606
1226428
1712620
127593
916201
853754
1318036
607753
1511082
913644
139374
1953956
577347
116632
328076
525545
998648
668110
888113
532045
121852
1378135
543079
1037103
1161824
1942744
1783403
1449968
201170
953506
1236292
997188
385367
722579
1348368
577183
534317
1143156
1664491
1237374
1198224
281143
699857
1133670
855842
775192
1776137
1525219
1090308
313268
945165
1377961
391347
453770
1971526
771490
1265225
65697
791729
418415
695630
1250450
1429746
1465254
604139
1124842
467875
527391
973503
435817
719137
1610041
509609
1127295
109773
1222468
1620719
985416
1974249
365513
534669
157847
1045102
1580861
1584419
625016
862230
352615
1778132
652232
122986
97260
1682793
1905054
388042
884496
1578361
844788
502225
637236
1221485
117200
1067046
972074
269001
704090
858525
1476065
1735902
98000
1510733
557903
500144
1732667
724775
795679
1344135
171825
1984010
155533
590682
697328
119618
1886546
760314
863791
1586538
1547951
492709
1934354
1597741
1824966
381461
662356
642971
1761862
1525923
548904
1700358
1601166
1167467
1279901
1162179
800085
47910
736113
1101005
1477593
319287
1967454
1818178
70736
875461
681161
574661
1721232
1024573
728574
1807982
719952
744721
1130233
1943538
911010
911114
1101653
635752
1056949
467279
1958633
32016
1784722
1427546
629771
1713871
331005
49016
1311209
222075
857848
1731937
1449389
113797
175243
767884
1340736
256778
392134
1802654
1688412
202242
725504
1283574
980186
1344900
1487532
782700
726665
1610075
389795
1007178
1798301
674656
127138
451343
1989288
164971
1694362
1234831
1165290
1654333
19544
1349378
1664434
1959553
809591
1694004
1759726
597653
1228982
279067
1675229
712934
1888581
528446
293647
605373
6144
476641
1103571
1418001
1553409
1219754
647763
199719
439526
163575
1702872
1494244
605404
1253318
625306
1084573
366772
844071
1328229
604292
1708278
1540319
327168
199395
664555
596235
452781
1680901
1040776
1767123
1724249
326512
860140
1025254
1605550
1594845
397359
1526527
522864
1190873
1078536
139747
506384
9808
1397160
1157282
647444
1258110
444386
1639531
988842
1913425
897735
672968
1488402
1754393
1925590
1555521
986305
500267
1608430
89560
1182991
1065347
332945
117523
1130726
1332215
333603
708477
1311871
1152781
585246
140388
154517
1254683
963443
287064
867165
442761
1680063
1379152
635243
1209429
1542570
1299620
342924
1234524
1673123
1164597
47859
1376692
631222
1092581
1388917
327074
1815191
849675
1815401
1152350
967252
715584
187956
771758
1509978
955174
1174889
219778
878121
1443999
663672
1486359
881655
867128
1607934
294464
533230
1009565
932663
533814
1735927
631563
1404984
852007
455295
560495
148773
936873
274201
930180
29589
1130986
530033
1533451
1663852
305013
769886
327497
116420
318682
1597119
1511936
1836816
1810923
1500978
103672
913830
1373456
980699
1964249
951496
464621
1009154
625320
1010715
1286196
117589
1051068
1069192
104295
1568745
136241
44295
1828499
446247
1600479
1112757
1148192
1221005
666556
1756875
142648
1152751
1106061
238133
1971393
1080469
879129
1658268
1251015
1181808
950749
1882125
1301042
262046
958784
1063590
1271818
717098
1016678
1665329
1103060
1146057
1722408
752682
188863
290576
828138
976384
1546218
875721
1200540
421706
1316569
1779954
927500
1215422
1442671
1951831
858399
1056749
1956302
1931471
1071081
1825094
1788507
1976574
802698
1431740
861387
661128
535507
489941
248424
551322
1826760
1819142
864716
490176
955349
1066793
458697
234369
785660
1404018
718134
186721
30609
821754
510368
372225
253516
209794
1231453
233971
1466466
1123355
669287
1311038
749008
1718923
275092
1157865
413491
1564577
737051
170987
39484
535037
1448163
1840948
1706751
1608901
1121976
312973
584098
235215
341570
1909316
641838
1565653
1128127
723213
244885
1501167
1429331
791397
935094
1209183
1217506
1768879
667742
1734433
1364104
1976580
1981527
1085742
1475819
127184
34086
1239449
1928777
5456
1257568
1215203
1849319
137751
143440
1625793
1225430
1632583
1572165
1080121
1748754
596902
624340
1378385
534445
556522
1141028
1615121
1901414
1225657
887714
1974965
1725926
728678
931335
98034
126203
688545
1215572
514475
847389
1698982
655512
406165
1590407
671164
9981
1879087
1844698
1463041
1841398
138807
587020
738105
31432
1790233
1155538
745989
1511498
1792112
165446
1082409
1790223
1774067
1891156
215182
1711153
139695
1736708
16779
1559384
1986266
1434619
352523
740462
1615858
687274
522088
162017
489383
710976
589510
1915700
214453
363952
1103039
1153045
1427219
1264258
61065
460542
1403134
928849
1152049
29808
1055944
1681500
1616758
517009
1451207
1823234
380473
1389770
443378
1071541
1882207
1992738
1431568
33267
923674
872748
1856736
1410926
250301
1028382
319531
187189
1023847
1478457
1183927
1932798
1640306
161658
173065
1346015
148485
1300921
1719450
750857
1385796
754748
70452
50516
424689
1781421
2981
1926443
1553805
1262809
636992
782372
91883
524074
1629691
1591222
1192042
35682
738021
942080
756125
1085988
701848
332494
1555412
618769
1025483
1957456
321838
1797242
678682
1123709
10590
118424
1356461
1327165
631846
1485587
1524005
523249
1958556
1593109
983340
1768052
1596609
310405
1625010
810459
910670
1955941
1823944
240440
1247873
1192688
928702
925410
1111713
1992934
1853076
222282
400257
1264624
593020
1635524
1218956
1773062
523177
923334
970270
257088
1726164
1578547
1937591
664279
803435
4266
58205
1668946
980629
717342
1743281
1957234
988998
791887
394014
177314
388373
378340
381748
119574
448820
761788
1535888
268289
469847
20108
162572
258249
126252
1063135
1917020
1698533
1388613
1019871
488406
1101328
537412
328039
286342
1622495
1373974
1144644
265700
1631043
1899446
54726
697691
1725926
1604894
599657
1793398
390901
70909
960036
1184102
120124
1937323
196926
1629896
851671
300160
1373038
1367970
440399
932122
1581582
1523591
675467
22642
346685
1529556
1177143
192566
836027
1839217
1009547
7328
1510224
886161
1937264
638208
1824933
819335
432932
1940030
1149920
129775
1051119
17848
1397561
1615481
73050
1736515
486098
598911
1644161
1907910
1282004
491578
1256334
938161
564695
872675
1888888
1835767
151918
1732583
1683475
1070909
328522
1365323
103005
610888
1219553
521722
1928927
1505820
1179959
1704282
701733
1603078
335995
211076
1648854
1470523
1248776
1392604
268792
244673
7837
1762512
1989070
1807980
531264
231208
1837526
1065226
82349
1793068
1583042
472905
1203590
141849
955094
20618
72263
982591
1646969
976863
229411
132295
1718986
589593
321599
1331549
645469
548564
351178
786996
968602
1533720
922877
1752135
1973190
1968176
427174
1390014
1940566
1049956
1469183
263524
62160
298222
819286
703224
243132
1258954
134258
1843383
803232
1168140
580753
1296357
418108
768219
1880678
46613
1122396
1431785
1107698
906837
1838970
133528
391343
2937
1849325
74984
316128
187368
1057925
734396
1254433
960936
1562058
742570
1103856
1392911
1198702
220571
447465
990804
674790
77827
264425
493576
1983726
30576
662824
1553591
1200298
1988022
1671036
266655
134582
986532
924886
1941111
761158
434631
917789
1621973
1815942
311617
753221
573272
1208815
245890
1200579
497437
1039930
834284
846826
908680
1438360
258466
451619
250610
1339524
1531518
130369
1090687
1206299
232151
640564
1008031
892269
1830726
464703
30621
348208
1727574
1474536
1104697
867371
131707
158511
1235363
43832
1146367
939567
328178
973252
1875038
518919
1586674
1944791
89269
1402260
573491
852905
563827
1907917
1545258
1619403
1544878
267910
575058
892449
132818
1453113
1963973
1427728
168010
1845367
1748038
1216413
1719100
1927364
869602
1127584
1422129
1434265
1603628
1381738
32420
1361741
1920938
945168
551353
1080831
432255
59271
1699100
977415
822675
927875
1979209
983196
1027149
1156117
552798
345384
780453
1785623
834191
689358
465357
595778
1124931
1730375
31916
1346647
1037725
407013
1111082
734168
1092379
160493
794742
91808
889007
1699506
1480054
51925
1009368
918752
793804
1710220
1195270
244472
879802
1655581
74143
638162
382459
1114755
59790
242881
316847
1850101
1583739
1545464
1533057
114373
1110881
328247
1527198
1273910
1223015
1348578
1345071
1097600
576804
1445183
1358477
39397
463724
1607167
1312220
592675
1636381
80338
118015
602165
970493
190900
62148
1082326
1058955
634159
1468378
482383
465438
846590
871297
1745672
896843
1696868
1555564
1572649
1337818
1546258
576635
1014156
288541
492916
1385880
1569269
1217039
1950169
86275
316789
1204626
14303
553095
382350
1173514
305216
1278511
590676
1153658
852253
333426
814678
277854
1126012
1088831
169977
837777
47976
208728
567977
1831790
1011555
1579761
380846
1046293
1711566
670955
1261929
1545301
1970422
977754
850687
470797
1475200
167664
1416552
823809
627513
870072
1002938
846862
1025753
1695035
37863
1992893
51038
300552
822768
785389
1058209
1032524
795532
1431787
871431
1422773
323690
1779686
848552
1575812
1004219
242293
642072
462316
1719252
949205
1193607
1912816
43333
567609
256731
690618
330100
988691
284467
1803757
610059
1653305
605752
17118
809768
1991763
1795881
1988636
1147091
423667
583804
1709572
1317474
1137690
135650
1394427
1520064
645656
1588047
1505527
808634
1686121
700338
574758
1466517
1928294
1969864
1849327
1458327
1628136
1760444
900626
227710
1962385
522995
1324217
375621
1626643
934521
316904
53834
1918525
726190
438819
1058574
376557
712345
1676311
54605
439029
261481
157427
1936455
174365
1233348
51254
1603598
1430038
78532
1199806
492130
1690465
584767
1295988
1374903
740900
1767559
78370
1916418
801910
1978306
1970559
1943399
1779854
854088
432986
1356197
450272
788917
1445231
1572859
1017410
1991067
1868028
1490494
1883988
386302
1385892
29189
1198149
840440
795357
1685242
1954346
1549790
1024567
792495
1311820
676588
975808
154097
1205569
520734
1341302
1017344
1957348
1428202
234143
56067
1861916
1386145
1831344
105469
1351734
1616021
564120
1076161
970621
893063
469616
949983
1424792
1887463
1681170
81805
1898594
1917340
1151686
1243397
1241335
879828
1722097
584262
219100
1661321
677380
1195533
1489746
1419084
798273
1514103
644203
1025338
216648
780407
54338
113430
1109752
1188946
1411513
348800
1807619
955142
1064291
1405600
1963544
1100953
1644971
909531
1830562
22018
702919
1892889
346817
1698709
1422469
1356159
1513307
926370
1713360
1510055
631451
1258945
1727019
388175
1840145
962305
331792
106375
977279
200288
1705146
1323671
1363367
218706
1147338
1350664
670833
890975
1236136
1984254
1378087
1489702
430575
1784533
1735136
1840269
240889
705807
1227327
698518
1831393
1130922
1555298
339908
85757
343181
1845555
1345132
1801724
1413467
1496708
1330771
45073
979028
948141
1195248
1220365
1451392
1357098
1445978
355701
193550
95877
575445
672206
38510
147300
598985
1494861
201835
231479
1675947
159527
1831036
1461690
1916817
868391
1646904
523103
124786
1968321
620333
502404
203799
1993318
388335
1073291
1603452
1782247
966341
1747176
597312
803456
563619
684071
1265755
1223983
921013
1719136
468841
1306619
684209
957190
1716261
747999
521610
412242
446978
1867715
1211905
455932
1880047
1925795
1885260
1165690
743717
755954
362260
1630281
775782
535133
1832503
900605
389632
503378
15587
1239098
535658
580478
1570522
1066150
400439
563361
1762528
1506766
1872921
459049
1103908
378224
925749
1297689
1539824
1155728
945596
767384
428989
1823719
1276455
1949079
509979
1952623
269220
1205034
655993
1092548
907575
1353020
731704
25965
1231573
880026
998635
1853597
535103
1901708
485751
1200636
390909
1788551
447921
1886974
1807666
1926502
499416
292475
1718936
220641
1731551
441927
1150110
1672010
277494
1517728
560226
100176
462820
1346339
768876
424638
1975532
1399382
1803419
234110
650287
1564581
84289
573593
1002790
10172
967239
485717
51820
1060969
1786635
990451
1196028
1971869
1059905
555916
672710
1979021
4585
904110
1472982
294839
1021405
1400995
1243631
978478
1387846
1968938
1703566
1461691
547216
1618531
1062316
1279213
198509
947145
1016207
481539
1050604
1603859
742526
58672
1001215
326127
293555
350692
1709829
1202934
160321
1835947
1401537
956165
174127
799999
422494
170575
1188706
337737
1065608
1829719
70429
1689452
1668939
531182
923221
764791
229470
394373
1086472
211287
1931678
373667
586346
1427906
1354692
1816624
649643
223972
1414230
265411
1933069
1084080
138717
917051
52166
711880
7329
1362038
514532
1375338
797270
1188761
392757
124168
1384874
74574
624603
1469566
716400
123044
1507604
1066519
667923
901629
1451121
194010
789332
1349989
721191
1665967
70969
1909206
168582
1415459
1005326
7472
341563
1481252
1324123
1518692
1773644
371401
1151125
1014348
851372
1130155
1544781
1841021
573997
597238
543398
986226
1242191
1356386
1537518
1939784
453459
313702
997167
227556
856143
1127333
565021
426178
1487945
1659780
1835619
816306
1704688
750953
1424824
661526
1489257
1905560
1979432
712240
705624
198676
155247
1751030
1319058
832018
125577
1673768
1792753
557233
1613455
1072321
911555
1318531
1032118
396452
299613
188605
214926
630059
1342976
62627
1628482
73924
171660
74829
356810
334673
1128015
212251
436745
1045384
640444
1112378
617703
177907
1811113
1118571
639994
1149279
1500067
858014
681338
520466
1465332
401691
264159
433735
205401
1042272
1121579
736429
470857
1047492
1155306
886898
1369736
1489157
1077422
1982367
608260
1399103
533933
1125076
1453419
425855
1302401
293018
1491204
977785
389390
117193
643854
1756421
1375287
1589244
1346437
1104406
751152
466659
171406
1503964
1812282
1348339
1998948
48667
1604644
1748751
1907122
1833931
218893
1690323
1461069
460605
550072
1659029
1101356
82574
161905
1851554
597776
376432
1481917
1311022
1676498
1717320
1320848
1955028
1231682
1467224
137215
1520901
974680
1663804
1538318
1719463
708070
318382
1235254
644450
886364
742620
124897
1392224
1909448
356068
1266030
1440374
556430
1340566
119951
625200
1552110
241764
1075076
232703
904776
322394
1923333
240392
205999
1203341
1304824
31900
1964715
1485373
1504024
1002953
285044
1454315
448333
72335
1154282
1397354
1272002
1275012
1064821
1805787
347042
1007613
1910738
334067
1892665
220080
894315
1390634
1595177
781381
1095728
1705366
1721633
1785243
1559050
59846
225597
493616
1797234
756877
1739941
1717390
993869
1238351
803605
1452271
1349773
1144980
1480487
1928812
1795519
1316132
659947
214408
128387
1309260
346768
1273891
733424
1667208
100273
1349779
580043
1821618
1623144
562761
1514207
1178817
1874249
838627
1635172
323807
557783
1469273
1647239
814676
1890900
85620
12040
306762
641213
1482693
1027835
306514
1340446
1434465
1497259
917556
170098
1174050
293141
123935
1319833
16884
426710
1011409
1518072
1494613
15437
625939
1274470
1268448
1396744
845198
1883940
1292505
1083011
1154494
455412
419932
882902
364689
1196954
528505
1818809
1340079
1207156
1307432
553842
1893242
918106
40649
1465482
278342
163202
678810
629028
866454
569389
393495
293732
785909
739811
518754
1887286
975142
1687890
106544
1828651
1585466
183118
601464
608417
1737880
618146
1515691
1151017
1323976
859645
1067962
965756
122088
1756752
1058482
1369480
830863
1856420
1309619
849510
1752665
919887
1895887
1909805
627492
833553
248227
228626
1872314
1195976
1160668
1432603
594423
620517
790569
1915388
812940
1879221
26973
1109869
102764
1713855
634075
1623147
1155073
232786
750518
1208752
71517
1073423
62354
1319899
888234
627381
1941922
30765
861155
1923586
23672
1603636
159381
1701279
453873
564194
1033678
1462351
1334911
1175267
332056
1867284
1427973
42435
1257520
1359073
781716
1845415
899183
1902466
732132
1258486
278396
613500
1243232
1095382
1484684
95965
1192426
80904
1188996
1691267
423748
278343
383879
988066
422523
1194859
400515
986970
907914
1118162
945548
1403677
243184
1751871
143697
1215430
1742404
875884
364882
1045520
1427115
515776
1452377
979408
496179
880940
1959911
1405017
1378950
1312903
1953634
260464
1051331
949100
392644
103319
53241
1679712
1349045
1630411
741511
118288
1189051
1660693
843228
1708673
198613
1407357
1993033
1873570
1616768
1190997
1017780
285804
257255
1514668
527241
312275
1281798
444416
1895375
740380
274222
1596096
1642508
626559
93876
973774
340673
695894
1547006
1183804
104424
1212124
366754
1542533
1881522
1605546
135117
1173976
12441
727110
512285
1410238
1881741
1446767
1634219
1086126
244259
1787789
1415509
1615258
899424
1422684
862041
1976024
843698
1282693
1707156
74497
1920327
1261085
1676608
956488
1211043
1613470
1734574
1587740
1911027
747173
654017
1765054
1855566
808963
1848530
207421
442004
1010738
864889
1556320
1728634
865291
499698
1292974
1518925
828072
1110307
232652
313
1155265
1667793
1787335
1248196
1402234
866512
671565
1507637
314928
1005646
697259
1753403
940512
1952396
1064814
278931
1120174
360187
1310023
933442
1826517
1663038
1356394
859248
210836
1888727
428382
532041
1172838
596198
1256020
1636336
1806914
1448411
924452
1752744
1508989
1872851
81723
778734
1146453
917568
760000
783258
38513
1339627
68585
1490308
719992
1450440
170326
1398072
979936
378352
1135181
1365745
690881
1013972
1008118
130691
236096
704683
928145
457376
128671
964191
112697
25460
1358096
1011890
1488796
115948
505616
1638256
588116
1586912
1986337
204908
1821407
316217
417406
1597032
875654
1909339
782816
1568708
445891
412608
73109
283080
473950
1608761
146138
212045
1932681
534670
1053039
1498441
215630
234411
800491
1246961
686981
1709990
1761089
1665043
131037
307243
1267936
1752442
597040
1666499
48042
543810
829839
1076861
1231866
564362
1660157
1748902
1909360
309761
819614
760212
513003
60832
1428511
406621
775314
1426258
1906983
1423059
1920222
1158481
1819863
1910689
1870710
1707828
1556726
151339
1004066
1096222
1958071
389699
1177983
158937
1990877
327531
1738122
1893807
1365693
1191036
1732902
261091
1941244
1081593
1915822
1277931
1608154
1832819
1943764
1463407
1489609
319528
40856
1187475
1122981
279724
988352
1205898
1907275
451615
373007
955470
1302504
978506
332705
610083
1960445
995305
1546099
1525194
1737624
1221602
107526
881860
1429541
215174
1668714
402788
1130848
410174
1760618
759153
339254
440768
648413
636113
337667
1916877
1690881
252058
1063897
1257854
1009556
1494830
28124
616649
85994
1804081
233066
329068
332508
698967
918748
977878
1949820
1099163
1490975
1585040
1450228
79077
40780
222429
1204423
293937
1402693
1986805
1641566
1100762
1971297
1056749
1266190
19457
72106
922717
716277
1267506
1989397
453892
1189349
884294
1484920
917008
1862690
234466
751602
1386888
1241273
1948869
1270929
1334168
444497
118979
1251254
423354
5949
785273
773645
971515
736515
889096
42194
3186
1522033
117045
63601
1852147
1343265
25770
1793646
823317
729407
1812997
1405091
42817
654459
1766117
490425
712858
986828
6321
148766
954490
631464
240554
852302
618323
1589272
1496046
798299
795385
1642750
713357
1273358
1846710
284372
41731
1139485
1879396
52769
1763162
1348815
1361651
1483088
1348280
1216413
545065
579822
317583
1326474
390478
608485
38231
830879
1850822
852442
239748
135203
650148
470283
444622
433246
1192695
212473
304722
448353
1295727
933988
581135
224765
627081
459664
229656
1794117
1558017
302370
1706203
1483876
1253938
1235005
1411007
31108
656968
1443229
1679421
1962198
1566235
172831
884554
1664047
503255
1449210
1889932
721270
466866
210546
1282333
1700383
1967240
1570342
1892247
652230
974574
1769228
524025
233152
1053472
668044
1797662
1917997
875146
453248
1779176
1350229
589969
648500
1484279
312565
248727
973508
1104067
398532
1118936
705604
1881075
38658
213890
531943
783656
347172
78215
618836
439833
1793692
758545
619246
1081942
854853
120320
112946
1939301
868507
1742506
1991555
460854
271230
1783422
1999258
1763893
13374
1690688
779803
1669589
907306
1844031
955302
222173
242283
397930
468066
1403813
909927
1955628
1780434
839279
1816411
389367
795258
372634
375632
637193
895830
1917574
582413
654352
1506135
1705380
1899177
1833319
1138680
205005
1686282
1274129
1975817
966123
1056294
701882
1744638
1914138
171723
129363
467533
247863
1942191
374282
1720027
742392
347202
1859495
634679
1711258
325977
1147907
716973
666921
161198
1030426
209876
1968872
99958
1556366
1330748
146961
1990620
825550
1332182
1687231
1316427
372240
76258
1801735
1170174
1442848
486914
1748326
565882
1911471
346921
184827
427626
134250
795685
1571070
1419128
210001
1774271
1744976
1928736
1424794
961826
508540
951860
423299
1947701
555589
1468907
1639510
790081
1947625
1766897
1182731
1984553
1006660
1547354
895985
170196
1877690
1367961
394691
167484
1839416
1210098
1488098
92010
1627733
1929780
879112
1553450
730075
358043
269461
688914
1427905
1563973
1784754
1295153
989941
91608
1828510
1107639
55882
336097
1537160
1129369
397094
631310
951413
1643062
398814
1765160
871777
1061227
602153
1170594
1743051
772677
187598
730497
1966331
710059
725813
1982791
999204
1184122
489772
142445
236158
1128848
679395
743666
1073519
469388
825959
1585694
957603
173938
283773
1735224
1023530
42003
343006
1604658
518032
343203
1533247
1781173
1120746
474671
914753
1109366
219655
281287
855560
1566962
1977964
296792
1501011
825187
627806
3023
1289030
443615
1041396
1091509
1286869
266880
1990219
1575956
1642929
423438
123277
183657
854919
783427
970810
935102
1142385
1598313
1289998
1350058
800798
192095
1942543
1067783
77188
282616
976450
1866118
570660
1265034
363739
1929975
1026255
1242445
893394
553812
1315010
358923
1493539
1809900
974047
1771094
354086
1437388
983188
1858949
1986391
1770520
633201
1374951
1861051
208948
1286675
310253
1930335
1395640
494887
213691
687077
282602
525228
137232
1181952
771575
725871
1917049
979069
630671
599958
1068986
1557004
1675266
1984085
1433861
922745
227819
1441406
1461619
881132
908484
68184
1155246
826645
758620
1040551
1625425
709377
623891
1168952
977215
362956
1633583
1513409
1885335
750931
753043
555234
1447082
1216470
1390574
357406
596331
812926
1663358
180740
1649064
1296642
390588
411239
926440
325408
1651485
1734782
537408
831801
631195
1980261
125218
1431023
1902356
1203715
938243
1771770
1301387
779972
380535
288929
1851223
724154
174273
1893994
294288
1759915
1350594
525467
1657104
1217285
443484
107515
178993
347535
778097
1405368
1398815
854121
1325767
1900408
1833410
849361
761905
1725796
922275
504775
438372
247082
236087
1334540
1288991
931291
385033
955282
1505652
771710
541958
1374002
691312
1147957
1098703
280907
483026
1040826
195434
1049390
1217428
1535680
230732
1127018
988342
578310
1653356
667659
1840625
979154
1580980
351191
882358
1584896
1504426
835076
1657643
228315
194140
1419831
972767
679545
596192
636594
69325
1889481
1016314
1651283
1797331
227577
401003
975899
730756
592454
1463552
398180
168635
862652
518133
1396268
891896
575491
1185080
1357276
821041
1196244
1823665
542391
1547131
1482640
1614369
242824
1671216
1017846
1038233
1548774
1128187
1645788
192136
350231
549350
1234692
910685
1589081
1894547
314981
1427057
813292
1188956
1759682
1458512
145745
1769734
322564
942505
1406552
1271187
1870936
196257
1957887
633405
836795
1047672
541988
291021
1447190
1983028
1942960
640062
965232
1426834
822832
214334
1783087
676657
1151851
269877
202918
302868
854510
809381
1942727
1502954
1961442
1572516
1243504
1991634
270745
1480917
1945068
1351283
763465
121899
1003537
612028
716651
1568766
187810
217303
1008656
1996328
1912495
1448899
164945
867140
827589
441596
1842161
66182
972833
1724807
1811528
1146136
929699
432595
1889027
624798
1896419
296786
1497868
126463
573359
388961
1871595
1342787
606911
1589579
1303951
432413
1128740
580495
765311
197740
1342127
1386394
1014753
83972
694971
1213440
237321
346648
956305
104513
569146
1682036
774563
392914
825761
1208647
1434206
259090
1913624
559413
1167263
1334344
1762728
1727816
1875949
735558
1394405
1340598
890733
520934
201153
1223034
9624
1994766
1570210
1363313
1901555
559663
1367363
1358241
1270503
188287
597973
1925352
1930650
892515
1193727
1695923
1346105
930511
900435
147768
1632254
547641
606307
558468
903108
1607123
29279
271071
290344
853547
1870903
528159
69090
957447
1954835
725796
1867134
288830
1738054
1215923
1080665
231516
1893957
1817098
601997
1661636
641639
1045732
944567
1605404
587142
1360522
614915
628724
1269248
1707392
868468
1470243
1395936
1340168
1082327
1209400
1879362
892021
474312
927365
1110378
1031435
1452958
1246470
718468
1083747
635408
1805586
884067
1189833
924558
1965061
225399
483882
256999
1199156
73102
893677
851474
1047964
1894179
579697
902914
128714
1017075
1465831
39294
191809
1094992
1960500
948864
152426
379174
1034257
1013868
1066613
393159
1206767
712549
1209322
337404
254516
1090990
63370
1058917
366894
807990
250390
1630377
37303
557333
1771875
28020
1823238
1632739
1403835
1845865
1843508
1666547
896566
1295345
961669
1492552
1458537
978873
1773665
942613
1665502
61940
488782
1247115
1415248
1158141
303596
648071
438721
1777291
1092024
1901976
807585
1201123
1878972
675221
1614662
1753517
1891676
838689
1697323
1040162
1214352
