insertion sort -> 6.108926773071289, 6.030807256698608, 6.008946084976196, 6.280808687210083, 6.062066555023193
merge sort -> 0.10936880111694336, 0.06251120567321777, 0.07811641693115234, 0.07811737060546875, 0.06249284744262695
tim sort -> 0.015623092651367188, 0.0, 0.015624523162841797, 0.0, 0.0
181
181
744
744
872
1237
1373
2150
2398
2409
2438
2552
2698
2778
3038
3076
3110
3168
3177
3247
3304
3398
3754
3799
3809
3848
3902
4092
4439
4447
5132
5306
5923
6606
6797
7984
8089
8129
8623
8679
8786
9089
9090
9182
9380
9514
9946
10023
10149
10406
10539
11108
11233
11383
11521
11559
11687
12064
12101
12485
13080
13204
13623
13712
13732
13879
14013
14348
14593
14654
15292
15342
15589
15590
15927
16183
16773
16973
17074
17294
17303
17507
17649
18161
18491
18769
19129
19221
19285
19414
19461
19829
19962
20810
21012
21323
21546
21788
22158
22288
22454
22766
23200
23447
23461
23732
23847
23948
24039
24183
24332
24402
24467
25094
25444
25614
26034
26271
26398
26421
26440
26486
26524
26881
26924
27016
27214
27385
27627
27713
28143
28148
28512
28554
28556
28831
29198
29211
29233
29551
29780
29971
30081
30236
30303
30524
31731
32046
32075
32225
32503
32518
32906
33059
33063
33121
33144
33163
33169
33325
33378
33441
33455
33662
33675
33706
33793
34015
34219
34225
34376
34448
34534
35268
35798
35921
36052
36197
36493
36795
37375
37451
37539
38240
38436
38583
38658
38686
39076
39381
40192
40217
40224
40317
40407
40564
40624
40782
41099
41227
41293
41692
41698
41819
41860
42097
42097
42255
42673
42826
43048
43172
43303
43460
43489
43635
43966
44021
44357
44554
44877
44934
44959
45056
45383
45992
46063
46237
46371
46410
46753
46841
46901
46998
47144
47176
47183
47542
47667
47719
47817
48186
48265
48410
48523
48556
48638
48905
49057
49097
49616
49802
49984
50009
50302
50950
51128
51200
51345
51350
51400
51829
51906
52252
52391
52716
52771
53213
53293
53529
53656
54024
54273
54356
54507
54542
54663
54852
55160
55169
55284
55491
55826
55931
55968
56212
56292
56661
56767
56850
57099
57152
57159
57707
57760
58388
58420
58484
58829
58977
59205
59587
60438
61240
61744
61816
62410
62498
62734
63092
63398
63560
63605
63650
63821
63909
64006
64046
64152
64511
64520
64705
64727
64889
65017
65044
65205
65222
65644
66043
66626
66722
67343
67479
67878
68110
68199
68252
68565
68595
68880
69212
69284
69286
69775
70075
70111
70270
70471
70683
70768
70789
70795
71001
71018
71264
71264
71649
71803
71832
71840
71955
72025
72210
72374
72395
72398
72437
72460
72751
72965
73002
73123
73141
73196
73197
73260
73335
73425
73800
73843
73860
74352
74654
74663
74701
74952
75087
75282
75359
75445
75798
75843
75994
76200
76237
76343
76449
76463
76610
76648
76846
76893
77039
77192
77357
77557
77954
78051
78202
78704
78907
78977
79157
79655
79798
79905
80158
80168
80245
80384
81034
81072
81166
81209
81361
81395
81541
82116
82170
82330
82576
82660
83784
84209
84425
84750
84942
85298
85442
86188
86220
86244
86272
86800
87123
87157
87776
87792
87930
88189
88194
88345
88350
88923
89027
89059
89105
89467
89673
89843
90068
90161
90769
90866
91129
91364
91535
91936
91984
92096
92761
93258
93843
93995
94635
94932
94958
95137
95407
95493
95790
96036
96145
96221
96342
96778
97101
97272
97309
97569
97731
97861
98203
98396
98406
98798
98850
98903
99185
99215
99449
99611
99664
100009
100083
100251
100436
100549
100994
101110
101265
101286
101333
101620
101978
102107
102191
102526
102625
103056
103839
103850
104194
104275
104432
104767
104785
104806
105105
105135
105220
105273
105412
105459
105476
105489
105755
105765
105772
106359
106448
106458
106658
106746
107054
107183
107735
107786
107845
108042
108447
109287
109373
109380
109609
110020
110099
110363
110439
110457
110502
110699
110832
111378
111868
111973
112202
112464
112537
112582
112720
112768
112891
113232
113248
113739
113996
114080
114333
114624
114694
114842
114886
114955
115308
115343
115410
115468
115616
116323
116455
116481
116583
116615
116683
116900
117226
117250
117292
117491
117781
117796
117950
117985
118129
118358
118405
118676
118796
119129
119472
119661
119761
120214
120911
121002
121221
121759
121935
122103
122299
122574
123015
123561
123676
123701
123936
124071
124292
124502
124541
124676
124801
125231
125844
126230
126423
126501
126820
127960
128070
128073
128154
128437
128519
128653
129220
129430
129527
129707
129864
130234
130762
130852
130871
130894
130904
131127
131175
131907
131952
132020
132154
132521
132581
132718
132765
132921
133094
133106
133265
133385
133552
133570
134272
134273
134363
134480
134567
134667
134976
135030
135113
135777
136006
136064
136087
136144
136330
136650
137224
137342
137386
137409
137507
137614
137680
137688
137746
137862
137999
138144
138744
138988
139348
139416
139434
139445
139534
139671
139686
139726
139927
140058
140261
140445
140546
140709
140967
141055
141064
141235
141359
141462
141546
141828
142017
142371
142505
143118
143415
143859
143929
144006
144706
145289
145697
145869
145973
146028
146613
147130
147170
147318
147321
147575
147886
148200
148443
148447
148826
149046
149156
149469
149793
149807
150095
150129
150325
150924
151405
151413
151807
152043
152385
152533
152565
152611
152620
152789
152988
153254
153399
153444
153487
153596
153597
153638
153940
153980
154185
154309
154397
154593
155186
155192
155545
155598
156138
156161
156313
156418
156499
156942
157022
157244
157558
158025
158146
159038
159247
159318
159347
159410
159719
160221
160337
160364
160464
161277
161481
161655
161803
161856
162349
162537
162635
163014
163185
163357
163547
163640
163923
164689
164999
165449
165533
165777
165927
166145
166265
166395
166775
167270
167552
167654
167806
167871
168527
168921
169205
169229
169653
169717
170497
170564
171042
171190
171200
171510
171552
171842
171848
172010
172048
172195
172449
173024
173075
173095
173137
173324
173472
173496
173542
174087
174309
174436
174775
174855
174942
175050
175120
175239
175321
175474
175497
175500
175651
175680
175690
176154
176170
176206
176304
176383
176438
176438
176541
176619
176704
176713
177292
177515
177582
177597
177858
177867
178259
178274
178291
178576
178722
179327
179388
179894
180144
180162
180217
180739
180892
181075
181091
181751
181756
181958
181980
182050
182367
182807
182836
182919
183099
183213
183277
183338
183409
183719
183721
183753
183912
184135
184231
184316
184384
184669
184710
185008
185589
186049
186149
187165
187433
187717
187788
187811
187884
187894
188149
188438
188670
189196
189438
189952
190130
190548
190813
190839
190852
190906
191125
191317
191420
191859
192081
192171
192390
192506
192931
193011
193018
193160
193341
193461
193687
193741
193896
194085
194096
194217
194288
194423
194459
194762
194876
194987
195349
195463
195629
195655
195661
196109
196737
196997
197411
198005
198110
198166
198176
198806
198977
199120
199246
199629
200210
200448
200588
200641
201060
201278
201826
201897
201947
202853
203026
203131
203270
203353
203388
203394
203954
204086
204112
204337
204615
204688
204922
204992
205345
205433
205677
205975
205999
206331
206469
206501
206541
206818
207546
207754
207899
207978
208101
208177
208245
208557
208662
209000
209381
209452
209571
209745
209803
210054
210591
210663
210705
210756
210870
210998
211026
211124
211878
211932
211950
212053
212058
212229
212468
212510
212845
213152
213210
213279
213286
213385
213647
214651
215105
215207
215407
215704
215817
216042
216395
216409
216706
216985
216988
217268
217373
217489
217657
217928
218014
218653
218670
218692
219013
219367
219676
219826
219916
220178
220285
220341
220430
220442
220839
220912
220987
221180
221274
221333
221518
221643
221645
222009
222264
222943
223188
223330
223526
223602
223978
224235
224249
224609
224687
224833
225106
225245
225337
225406
225417
225803
226008
226567
226639
226769
227064
227442
227470
227501
227634
227760
228126
228233
228401
228640
228734
228820
228860
228983
229390
229759
229821
229843
230262
230459
230975
231065
231115
231620
231964
231999
232048
232514
232721
232807
232870
233192
233408
234245
234391
234497
234514
235304
235654
236051
236098
236192
236762
237070
237197
238090
238148
238251
238604
238788
238818
239194
239286
240084
240166
240205
240475
240786
241101
241181
241209
241271
241641
241692
241730
242169
242400
242949
243166
243286
244057
244189
244321
244364
244371
244727
245219
245447
245619
245714
246417
246493
246581
246608
246911
247323
247425
247538
247803
247986
248157
248336
248363
248459
248465
248516
248631
249507
249591
249741
250412
250444
250609
250640
250803
251341
251657
251797
252026
252167
252596
252694
252773
253273
253413
253436
253610
254174
255240
255414
255638
255817
255987
256031
256156
256205
256305
256558
256835
256847
257146
257183
257420
257554
257679
257941
257982
257995
258465
258811
259090
259201
259278
259478
259815
260053
260083
260210
260360
260424
260770
260966
261311
261880
262050
262437
262501
262531
262543
262682
262785
262866
263108
263211
263727
263773
263888
264093
264223
264400
264709
265015
265174
265416
265658
265952
266066
266291
266599
266843
267038
267050
267266
267443
267595
267792
267860
267872
268692
268825
269347
269716
269728
269733
269776
269788
269797
270103
270212
270785
270925
271004
271137
271181
272299
272513
272812
272923
273009
273024
273041
273095
273106
274070
274094
274230
274316
274631
274730
274975
275277
275359
275672
275924
276014
276433
276804
276873
277172
277226
277422
278132
278233
278504
278554
278663
279016
279215
279367
279424
280006
280031
280418
280490
280513
280617
280790
281748
281937
281982
282304
282355
282678
283134
283168
283364
283526
283655
283806
283877
284186
284271
284280
284499
284828
285021
285043
285159
285445
285651
285675
285893
286583
287287
287439
287588
287649
287707
287786
288257
288355
288371
288380
288607
288676
288699
288759
288967
289092
289137
289847
290565
290663
290855
290996
290998
291160
291288
291319
291491
291517
291635
291722
291974
292009
292449
292716
292967
293474
293654
294347
294534
294682
294713
294759
294849
295050
295577
295746
296049
296178
296323
296665
296684
297241
297500
297604
297908
298087
298217
298468
298500
298722
299186
299359
299490
299581
299743
300368
300703
300760
300780
300817
300845
300865
300902
301219
301415
301474
301496
301959
302171
302174
302312
302787
302923
303000
303210
303227
303341
303827
303946
304209
304307
304329
304378
304413
304485
304747
304958
304981
305639
305958
306224
306348
306471
306657
306716
306863
307625
307696
307762
308314
308386
308409
308535
308538
308724
309220
309303
309359
309435
309471
310162
310481
310617
311007
311240
311577
311695
311769
312176
312268
312335
312385
312398
312466
312620
312687
312766
312823
312870
313169
313670
313728
314068
314461
314613
314712
315082
315645
315720
315732
315899
316342
316464
316643
316721
316828
316857
317728
317833
318034
318231
318416
319119
319247
319275
319654
320190
320240
320263
320331
320585
320729
320816
321303
321544
321670
321873
321967
322043
322044
322155
322276
322289
322834
323212
323457
323686
323686
324005
324214
324428
324519
324827
324980
325126
325424
325487
325509
326041
326074
326462
326603
326684
326770
326865
326888
326954
327087
327391
327512
327971
328151
328295
328503
328577
328804
329048
329456
329722
329937
330146
331176
331262
331298
331542
331948
332127
332259
332519
332729
332981
333513
333544
333847
333923
334001
334078
334349
334507
334835
336164
336423
336542
336766
336772
336820
336833
336914
337168
338583
339100
339111
339212
339375
339480
339552
339763
339915
339995
340026
340266
340406
340460
340855
341099
341101
341212
341224
341277
341342
341490
341516
342074
342299
342874
342994
343125
343632
343728
343883
344030
344118
344355
344865
345262
345268
345332
345634
345995
346189
346318
346450
346496
347135
347442
347827
348023
348159
348187
348259
348339
348400
348406
348564
349001
349196
349818
349831
349866
349891
350134
350138
350184
351122
351241
351288
351466
352040
352109
352278
352637
352771
353052
353057
353263
353315
353396
353698
353776
353909
354689
355036
355189
355212
355295
355648
355664
355698
356031
356428
356468
356539
356765
356960
357913
357915
357928
358655
358801
359032
359282
359290
360086
360278
360321
360759
360881
360936
361694
361725
361917
362089
362216
362595
362965
363124
363140
363228
363401
363689
363843
363988
364570
364715
364775
365639
365967
366214
366217
366516
367197
367266
367399
367666
367683
367690
367722
368046
368085
368321
368611
368712
368780
369260
369297
369777
369791
369797
370524
370926
371036
371181
371662
371714
372238
372580
372747
372962
373280
373289
373443
373578
373663
373887
374031
374086
374597
374703
374761
375182
375690
375939
376374
376899
376976
377047
377052
377052
377964
378054
378057
378215
378226
378469
378707
378760
378874
379255
379379
380185
380365
380570
380650
380831
381140
381265
381658
381871
381986
382156
382229
382337
382399
382514
382680
382948
382955
383220
383221
383408
383694
383728
383838
384126
384836
385396
385418
385579
385933
385940
386191
386538
387039
387157
387429
387666
387694
387942
388395
388438
388773
388909
388966
389544
389837
389896
390412
390492
390711
391064
391251
391715
391720
391850
392035
392214
392321
392489
392788
392825
393061
393213
393351
393519
393572
393645
393917
394071
394366
394550
394697
394923
395112
395137
395214
395624
395757
396055
396354
396479
396579
396798
397364
397534
397966
398208
398249
398514
398565
398573
398601
398673
398807
398939
398995
399000
399125
400031
400069
400184
400231
400338
400376
400681
401245
401353
401480
401713
402006
402570
402655
402668
402710
402732
402871
402896
402966
403128
403210
403653
403667
403790
403941
404011
404181
404230
404467
404622
404845
404988
405000
405127
405546
405717
405912
405959
406221
406282
406420
406684
406704
406730
406908
406984
407113
407646
408077
408345
408637
408835
408935
408961
409658
409722
410010
410296
410468
410520
410567
410707
411286
411293
411318
411548
411611
411946
412097
412520
412607
413297
413475
413619
413890
414208
414496
414867
415171
415319
415335
415419
415460
415537
415805
416114
416144
416492
416522
416533
416543
416634
416693
417293
417364
417523
417847
417897
417968
418034
418362
419196
419286
419460
419531
419935
419991
420282
420334
420359
420889
421160
421306
421415
421802
422151
422240
422655
422849
423211
423328
423350
423363
423489
423603
423848
423968
424013
424065
424262
424277
424294
424652
424699
425126
425376
425434
425475
425621
426269
426378
426495
426548
426572
426691
426857
427001
427010
427124
427208
427540
427648
427895
427978
428141
428525
428775
428777
429013
429247
429639
429750
430278
430322
430497
430572
430760
430927
430931
431045
431103
431149
431198
431332
431733
431744
431748
431829
432086
432185
432492
432573
432668
432858
432917
433077
433204
433545
433679
433782
433909
434261
434655
434714
434728
434802
435103
435902
435951
435965
436013
436708
437284
437399
437578
437597
437621
437647
437879
437930
438017
438281
439289
439652
439673
439825
440663
441347
441412
441422
441790
441948
441993
442009
442178
442211
442239
442272
442394
442525
442540
443423
443660
444344
444402
444812
444861
445246
445300
445337
445411
445558
445963
446777
447338
447341
447364
447459
447648
447984
448160
448250
448337
448663
448932
449115
450040
450114
450504
451064
451072
451124
451153
451224
451379
451542
451622
451758
451961
452029
452084
452378
452383
452467
452476
452569
452643
452804
452940
453077
453182
453250
453535
453552
453596
453603
453712
453836
453856
453996
454051
454155
454322
454341
454603
454966
455009
455118
455175
455279
455566
455694
455911
455970
456173
456635
456736
456814
456913
456948
457034
457035
457258
457469
457849
457965
458138
458196
458415
458836
459179
459323
459589
459905
460150
460276
460605
460870
461013
461110
461162
461175
461688
462076
462155
462320
462385
463088
463179
463206
463793
463906
464191
464223
464318
464475
464668
464749
464896
465325
465572
465886
466002
466073
466139
466223
466318
466659
466933
467189
467291
467467
468134
468183
468301
468365
469059
469217
469638
469643
469784
470011
470175
470517
470934
471278
471556
471626
471630
471650
471948
472048
472274
472487
472586
472734
472814
472942
472957
473051
473523
473534
473596
473949
474106
474164
474209
474545
474736
475020
475134
475200
475323
475907
475922
476095
476101
476363
476622
478243
478719
478965
479051
479197
479293
479348
479624
479681
479830
480757
481133
481291
481366
481688
481835
481846
482168
482558
482600
482610
482705
482772
483570
483638
483831
484062
484474
484520
484634
484708
484756
484829
484853
485021
485109
485543
485923
486041
486251
486268
486301
486688
487383
487720
487757
487832
487935
488020
488099
488396
488626
488657
488857
488915
489146
489208
489336
489348
489652
489738
489769
490080
490407
490629
490643
490723
491063
491109
491292
491371
491451
491680
492306
492314
492442
492584
492619
492842
493067
493370
493670
493763
493837
493852
493995
494274
494696
494789
494923
494968
495213
495279
495282
495881
495926
496283
496299
496414
496451
496482
498026
498276
498283
498439
498460
498664
498743
499049
499088
499355
499594
499800
500043
500325
500613
500678
500717
500880
501358
501386
501593
501689
501790
501858
502006
502333
502416
502555
502985
503049
503069
503092
503183
503219
503701
503877
503995
504212
504411
504414
505027
505317
505379
505681
506024
506062
506118
506338
506589
506667
506671
506747
507701
507764
507940
508097
508188
508241
508271
508300
508359
508641
509343
509407
509750
509814
509846
509892
509917
510032
510436
510594
510870
510953
510996
511043
511162
511529
511734
511976
512597
512722
512987
513146
513184
513231
513251
513396
513621
513944
514732
514746
514759
515062
515881
516660
516679
516735
517009
517349
517582
517625
517742
517804
517879
518390
518571
518662
518763
518959
519127
519154
519259
519296
519375
519629
519655
519685
519689
520091
520469
520485
520918
521268
521482
521517
521533
521543
521598
521862
522129
522526
522573
523091
523232
523251
523634
523738
523841
524059
524270
525080
525169
525225
525257
525340
525351
525647
525743
525775
526060
526458
526458
526704
526723
527666
529049
529071
529362
529538
529701
529922
530456
530586
531233
531575
531742
532386
532457
532560
532599
533157
533203
533368
533374
533392
533784
534024
534056
534132
534175
534505
534573
534818
534845
534858
536178
537193
537393
537458
537617
537918
537964
538104
538282
538326
538481
538833
539295
539430
539479
539769
539907
539927
540146
540349
540468
541041
541055
541056
541480
541647
541672
542153
542180
542397
542428
542515
542539
542879
542955
543347
543582
543646
543698
544123
544168
544411
544437
544496
544718
544729
544838
544843
545294
545579
547320
547476
547683
547722
547786
547823
547936
547995
548055
548085
548138
548146
548213
548478
548793
549357
549366
549494
549893
549906
550039
550224
550376
550587
550732
550890
551010
551669
551817
551930
551944
552142
552658
552972
553178
553180
553365
553406
553546
553677
553959
554021
554591
554684
554738
554976
555313
555340
555359
555593
555621
556036
556422
557028
557319
557562
557624
557909
557958
558017
558128
558265
558951
559049
559073
559087
559107
559256
559256
559426
559472
559476
559719
559848
559961
560084
560298
560416
560646
560892
561573
561678
561711
562025
562049
562146
562315
562326
563006
563142
563251
563508
563573
563602
563906
564337
564625
564830
565130
565174
565219
565504
565570
565910
566006
566420
566615
566742
566862
566884
567019
567603
567640
567666
567976
568029
568371
568841
569054
569264
569484
569487
569708
569942
570189
570209
570242
570315
570703
570788
571083
571087
571103
571589
571859
572088
572474
572588
572692
572868
573315
573620
573652
573780
573899
574204
574367
574486
574505
574994
575008
575365
575435
575583
575789
575813
576055
576255
576275
576788
577167
577334
577417
577445
577670
578195
578271
578338
578623
578790
579454
579473
579600
579663
579709
579859
580042
580231
580610
580742
580967
581155
581381
581404
581406
581512
581793
582432
582533
582829
582990
583256
583454
583586
583624
583971
584249
584874
584901
584908
584914
585163
585353
585384
585546
585561
585761
585807
586019
586030
586158
586277
586300
586325
587622
587762
587813
588045
588538
588701
588935
588998
589080
589417
589452
589740
590041
590191
590455
590704
590800
590878
590948
590982
591528
591716
591729
592072
592073
592299
592391
592495
592607
592918
593053
593136
594197
594200
594479
594545
594608
594668
594914
595058
595639
595842
596024
596233
596400
596426
596640
596735
596878
597160
597393
597415
598079
598412
598457
598608
599096
599366
599397
599774
599961
600002
600081
600135
600258
600543
600712
600747
600768
600769
600866
601112
601134
601161
601353
601355
601479
601501
601735
602076
602568
602805
602945
603514
603582
604113
604154
604283
604451
604562
604622
604666
604701
605032
605323
605453
605622
605662
605666
605691
606033
606117
606320
606374
606819
606947
607168
607781
607840
607930
608010
608239
608382
608468
608642
609175
609323
609821
609860
610225
610430
611138
611175
611578
612029
612713
613012
613152
613571
613708
613909
613996
614314
614315
614368
614496
614506
614572
614931
615328
615459
615744
615797
615951
616009
616216
616529
616582
616910
617729
617756
617955
618280
618381
619240
619546
619550
619561
619625
619969
620298
620540
620970
621127
621403
622035
622194
622266
622365
622443
622521
622941
623061
623320
623380
623462
623677
623706
623907
623992
624314
624557
624563
624815
625258
625483
625887
626109
627059
627097
627380
627624
628208
628514
628555
628560
628714
628906
629136
629137
629708
629813
629966
630069
630536
631277
631343
631424
631779
631787
631881
631945
632017
632029
632079
632172
632370
632496
632969
633034
633122
633131
633459
633706
633749
633800
634024
634046
634098
635078
635304
635490
635683
635815
636355
636774
636779
637105
637356
637376
637554
638418
638474
638532
638724
638940
638961
639110
639254
639571
639804
639846
639890
640080
640122
640240
640287
640576
640641
640671
640974
641511
641612
641703
641792
641870
642022
642483
642745
642763
642825
642883
643782
643817
643906
644098
644552
644601
644841
644859
646134
646544
646919
647016
647052
647310
647404
648059
648114
648601
648943
649025
650010
650233
650334
650409
650568
650970
651015
651096
651188
651401
651726
651876
652009
652063
652560
652583
652604
652680
652864
652969
652978
653002
653631
653735
654033
654377
654407
654732
654787
654796
654827
654942
655132
655151
655273
655656
655711
656503
657001
657036
657110
657326
657345
657409
657430
657501
657646
657918
657972
658000
658050
658375
658419
658561
658622
658698
658717
658924
659287
659375
659410
659506
659654
659839
660043
660330
660494
660654
660768
660772
661091
661104
661283
661330
661448
661667
662013
662058
662166
662291
662499
662526
662548
662557
662642
662696
663466
663815
663928
663968
664103
664380
664537
664606
664689
664766
665068
665439
665963
666039
666125
666326
666405
666405
666412
666438
666465
666582
666733
667001
668426
668679
668861
669027
669074
669243
669280
669295
669374
669469
669489
669726
669867
670126
670150
670206
670329
670613
670656
670692
670721
671073
671098
671145
671268
671611
671850
672398
672467
672769
672859
673229
673487
673733
673738
673782
674074
674205
674440
674660
674742
674801
675362
676121
676574
677275
677924
678074
678129
678132
678176
678385
678762
678870
679031
679226
679575
680008
680089
680920
681057
681094
681199
681320
681718
681783
681918
682111
682951
683003
683136
683356
683504
684203
684274
684300
684595
684658
684738
684817
684997
685044
685132
685811
685880
686049
686363
686592
687052
687311
687637
687734
688442
688691
689054
689528
689597
690122
690181
690677
690781
690889
690942
691123
691234
691284
691303
691455
691709
691869
691920
692260
692282
692328
692386
692475
692716
692756
693013
693229
693248
693329
693855
694062
694250
695111
695244
695405
695958
695970
696079
696421
696427
696488
696646
696666
696809
697192
697236
697573
697612
697663
697869
698021
698139
698274
698296
698456
698698
699120
699699
699966
700092
700105
700413
700505
700627
700669
701041
701139
701309
701347
702172
702229
702292
702297
702512
702816
702847
703135
703657
703725
703754
704017
704293
704312
704328
704670
704716
704855
704885
705067
705078
705147
705213
705364
705381
705523
705663
706022
706126
706136
706225
706295
706366
706705
706732
706768
706896
706916
707441
708339
708430
708442
708649
709134
709319
709381
709445
709476
709628
709958
710023
710067
710151
710172
710298
710753
710978
711265
711540
711687
712104
712270
712594
712712
713098
713201
713225
713392
713697
713914
714544
715427
715480
715617
715640
716158
716275
716635
716828
717348
717606
717659
717839
718035
718041
718276
718465
718750
719486
719607
719829
720077
720080
720168
720264
720969
721093
721101
721293
721354
721481
722299
722672
722751
723382
723456
723509
723621
723910
724171
724582
725058
725072
725424
725479
725753
725823
725862
726645
726684
726754
727082
728090
728126
728621
729129
729355
729568
729617
729656
729777
729784
730214
730672
730687
730775
730891
730958
730968
731334
731378
731433
731556
731589
731716
731870
731915
732380
732470
732779
732854
732872
733300
733417
733633
733658
733708
734218
734400
734999
735270
735480
735671
735685
735799
735951
735993
736082
736400
736739
736798
737045
737114
737200
737507
738609
738618
738791
738878
738918
739006
739283
739374
739490
739525
739564
739672
739772
740105
740325
740442
740472
740504
740508
740648
740754
740870
740912
741267
741269
741414
741840
742124
742133
742339
742351
742665
743125
743600
743789
744050
744182
744329
744677
745011
745350
745859
745983
745996
746173
746210
746594
747041
747199
747450
747611
747915
748073
748148
748201
748215
748941
749185
749337
749445
749483
749779
749811
749977
750144
750402
750480
750822
750902
751069
751126
751271
751399
751414
751445
751450
751635
751657
751863
751961
752051
752172
752590
752714
752723
752872
752965
752994
753114
753185
753951
754084
754701
754723
754935
755085
755418
755447
755509
755850
756168
756502
756502
757117
757194
757239
757269
757317
757329
757536
757562
757626
757997
758031
758085
758101
758473
758787
758954
759149
759183
759403
759761
760556
760659
760762
760783
760962
761435
761546
761581
761840
761956
762380
762648
763033
763045
763120
763229
764121
764385
764476
764574
764910
764978
765157
765163
765258
765692
766074
766230
766298
766339
766583
767285
767435
767561
768164
768245
768816
769128
769204
769343
769412
769501
769699
769881
769887
770232
770261
770350
770470
770558
770611
770720
770911
771060
771537
771783
772585
772990
773091
773168
773222
773256
773291
773863
774509
774878
775253
775524
775943
775955
776331
776667
776813
776981
777237
777338
777526
777614
777774
778314
778443
778695
778856
779336
779534
779720
779925
779959
780560
780591
780669
780797
780873
780906
780916
781017
781035
781394
781625
781632
781753
781915
782165
782440
782485
782840
783002
783114
783375
784007
784266
784334
784422
784462
784523
784667
784744
784765
785330
785664
785772
785989
786112
786215
786286
786297
787093
787239
787256
787948
788177
788494
788700
788758
789174
789357
789720
789757
789944
790221
790332
790687
791060
791171
791257
791902
792241
792929
793019
793099
793115
793336
793596
793825
794020
794042
794065
794090
794132
794200
794371
794380
794529
794672
795414
796196
796265
796286
796300
796628
796664
797325
797500
797608
797614
797676
798145
798196
798424
798695
798811
799531
800124
800284
800407
800446
800675
800917
800958
801436
801444
801578
801632
801829
801847
801866
802082
802251
802334
802534
802669
802891
803209
803231
803234
803303
803627
803716
803846
804536
804538
804623
805075
805114
805209
805269
805764
805892
806576
806694
806984
807208
807435
807838
808403
808457
808504
808869
809425
809610
809903
810005
810716
810933
810951
811511
811610
811674
812843
812994
813449
813460
813665
813843
814665
814897
815275
815367
816363
816432
816516
817083
817282
817377
817499
817594
817640
817823
817911
817932
818104
818207
818213
818407
818436
818941
818949
819139
819191
819211
819414
819434
819550
819696
820400
820691
821030
821224
821263
821853
821938
821979
822017
822081
822106
822707
822778
822882
823016
823160
823372
823548
823993
824070
824490
824645
825076
825294
825475
825502
825702
825867
825935
825959
826118
826153
826336
826683
826963
827073
827347
827513
827732
827873
827948
828255
829179
829278
829377
829607
829697
830465
830868
830887
830896
830973
831050
831117
831216
831301
831339
831641
831671
831721
832066
832194
832210
832237
832260
832581
832660
833344
833659
833680
833713
833772
833780
834213
834240
834250
834400
834561
834831
834926
834948
835139
835442
835871
836186
836202
836284
836303
836546
836749
836777
836924
837183
837248
837398
837848
837860
839167
839387
839398
839914
840238
840250
840295
840320
841100
841282
841399
842167
842523
842597
842611
842675
842779
843041
843560
843890
845042
845885
846297
846393
846923
847267
847281
847488
847832
848032
848408
848532
848605
848683
848995
849081
849332
849374
849485
849894
849944
850202
850209
850461
850940
851191
851198
851231
851469
851633
851863
852090
852201
852604
853430
853627
853972
854000
854062
854186
854198
854284
854648
854695
854758
854848
855125
855184
855379
855436
855469
855526
855540
855551
855594
855971
856555
856642
857074
857451
857913
858076
858355
858420
858747
858771
858981
858992
859396
859649
859972
860181
860537
860658
860696
860924
861190
861529
861589
861641
861692
861729
861981
862276
862523
862675
863310
863487
863515
863607
863923
864535
864536
864667
865019
865117
865252
865536
865685
865790
865876
866007
866200
866445
866515
866658
867117
867644
867709
867857
867906
867985
868190
868344
868697
868910
869145
869219
869363
869429
869547
869734
869744
870226
870412
870412
870498
870748
870921
871294
871329
871519
871582
871644
871766
871791
872014
872259
873033
873162
873373
873462
873575
873699
873864
873918
874003
874207
874340
874631
874728
874960
874962
875140
876162
876472
876757
877007
877343
877385
877909
878075
878175
878315
878545
878705
878854
878880
878973
879437
879481
879538
879814
880088
880318
880372
880630
880793
880861
881211
881322
881510
881727
881756
881991
882253
882263
882315
882367
882515
882647
882862
883004
883292
883310
883629
883806
884058
884940
884957
884975
885072
885459
885547
885759
886569
886847
886944
887194
887548
887759
887766
887983
888035
888068
888171
888177
888215
888485
888723
888888
888956
889045
889063
889204
889271
889515
889555
889571
889781
890800
890805
890949
890990
891029
891543
892158
892276
893027
893385
893826
894417
894519
894565
894592
894736
895054
895384
895397
895444
895584
895916
896272
896379
896409
896423
896844
896902
896909
897203
897268
897340
897434
897435
897983
897999
898248
898318
898427
898670
898755
898991
899014
899194
899218
899338
899543
899629
899826
900005
900091
900259
900278
900286
900855
901074
901235
901310
901388
901890
901970
903006
903595
903680
903797
903922
903965
903974
904030
904185
904214
904425
904723
904799
904890
905107
905265
905316
905335
905585
906032
906447
906624
906766
906769
906839
907031
907129
907486
907526
907646
907668
908537
908610
908663
908683
909056
909154
909496
909558
909777
909896
910134
910303
910310
910582
910869
910894
910965
911061
911184
911203
911209
911282
911953
912018
912082
912170
912394
912808
912979
913182
913219
913492
913629
913762
913786
913790
913909
913959
914498
914613
914716
914766
915025
915059
915412
915544
915553
915572
916096
916666
917154
917171
918688
919112
919819
919821
919885
920133
920405
920515
920557
920971
921015
921421
921612
921806
921927
922054
922786
922969
923215
923364
923402
923426
923556
923781
923958
924515
924795
924840
925276
925566
926639
926891
926905
927270
927545
927640
927891
928038
928039
928077
928082
928138
928169
928791
929308
929525
929530
929713
929821
929879
930001
930111
930146
930150
930864
930903
931010
931127
931541
931802
932058
932843
933226
933791
933822
933860
933964
934147
934180
934613
934992
935120
935316
936042
936132
936185
936305
936584
936609
936850
936904
937032
937185
937260
937346
937581
937956
937986
938184
938796
939030
939133
939172
939312
939361
939378
939383
939437
939657
939739
940070
940691
940971
940973
941246
941464
941789
941861
942176
943015
943219
943623
943982
944128
944184
944316
944407
944535
944875
945297
945674
945852
946482
946560
946624
946624
946800
946955
947250
947517
947597
947662
947989
948019
948054
948209
948305
948312
948578
948628
948641
948916
949180
949608
949719
950955
951343
951376
951585
951701
952397
952441
952652
952710
952890
953033
953052
953155
953270
953302
953929
953930
954559
954956
955982
956289
956793
957130
957151
957222
957553
957686
957693
957766
958021
958024
958062
958396
958995
959213
959295
959595
960053
960228
960444
960514
960537
960733
960755
960789
961966
962231
962417
962824
963197
963406
964129
964154
964316
964369
964508
964658
965053
965226
965617
965641
965912
966059
966064
966388
966391
966443
966931
966952
966969
967113
967127
967551
967662
967679
967681
968095
968514
968756
968976
969260
969310
969986
970149
970153
970421
970455
970488
970603
970615
970898
970901
971520
971647
971721
971774
971815
972522
972581
972641
972984
973155
973166
973285
973391
974052
974081
974242
974264
974380
974507
974738
975153
975181
975416
975637
975923
976159
976206
976260
976323
976354
976364
976366
976536
976578
977039
977097
977220
977709
977784
978523
978781
978827
978921
979641
980295
980741
981078
981253
981506
981565
981769
981976
982136
982367
982519
983067
983834
983973
984472
984511
984676
984715
984741
984751
984882
985390
985677
985864
986091
986502
986699
986992
987080
987231
987462
988063
988159
988236
988301
988340
989144
989301
989693
989736
989966
990392
990450
990594
990651
990965
991124
991786
991949
992059
992088
992176
992194
992282
992355
992786
993094
993110
993404
993431
993574
993906
994025
994193
994260
994566
994608
995272
995861
996184
996189
996326
996474
997006
997295
997828
997957
998390
998922
998993
999146
999208
999863
1000201
1000587
1000728
1001249
1001375
1001520
1001892
1002401
1002620
1002625
1002626
1002764
1002844
1003017
1003219
1003398
1003588
1003732
1004057
1004101
1004535
1004611
1004702
1004849
1004904
1005636
1005979
1006222
1006260
1006451
1006510
1006747
1006876
1006962
1007122
1007192
1007229
1007264
1007318
1007487
1007523
1007679
1007798
1008074
1008208
1008705
1008841
1008990
1009062
1009096
1009143
1009272
1009553
1009669
1010170
1010193
1010389
1010389
1010598
1010741
1011212
1011362
1011529
1011888
1011897
1012161
1012196
1012734
1013168
1013487
1013816
1013955
1014357
1014499
1014619
1014675
1014749
1014786
1015139
1015269
1015444
1015509
1015767
1015987
1016608
1016622
1016947
1017067
1017224
1017313
1017393
1017642
1017821
1017899
1018002
1018393
1018435
1018546
1018593
1018738
1018742
1018820
1019066
1019267
1019621
1019829
1019915
1020087
1020087
1020132
1020174
1020385
1021173
1021555
1021660
1021787
1022081
1022241
1022367
1022562
1022645
1022653
1022821
1022941
1023460
1023674
1024135
1024367
1024607
1024886
1025064
1025637
1025969
1026039
1026072
1026316
1026335
1026407
1026442
1026501
1026557
1026691
1027161
1027307
1027561
1027655
1027681
1028043
1028550
1028684
1029291
1029454
1030102
1030162
1030374
1030400
1030408
1030427
1030502
1030940
1031272
1031679
1032648
1033202
1033252
1033403
1033627
1033695
1033954
1033963
1033963
1034262
1034646
1035050
1035378
1035597
1035891
1036527
1036644
1036848
1037210
1037212
1037369
1037689
1037840
1037951
1038034
1038822
1039011
1039724
1039758
1039947
1039968
1040314
1041221
1041233
1041425
1041460
1041494
1041847
1041858
1042055
1042068
1042256
1042494
1042513
1042614
1042804
1042806
1043035
1043254
1043324
1043364
1043734
1043751
1043943
1044030
1044304
1044525
1044688
1044783
1044844
1045143
1045547
1045680
1045695
1045701
1045871
1045892
1046147
1046392
1046444
1047465
1047562
1047563
1048051
1048381
1049065
1049081
1049476
1049754
1049760
1049856
1049918
1050072
1050490
1050703
1050916
1051048
1051287
1051773
1051789
1051927
1052100
1052475
1052884
1053569
1053590
1053621
1053642
1053646
1054545
1054687
1054906
1055985
1056704
1057166
1057491
1057502
1057587
1057642
1057691
1057692
1057794
1057976
1058620
1058622
1058626
1058778
1058918
1059077
1059274
1059549
1059706
1060007
1060038
1060048
1060059
1060776
1060876
1060932
1061169
1061512
1061603
1061658
1061806
1062252
1062392
1062589
1062737
1062877
1062998
1063037
1063221
1063453
1063464
1063525
1063630
1063637
1063740
1064347
1064762
1064979
1065015
1065098
1065148
1065272
1065378
1065456
1065631
1065863
1066071
1066237
1066464
1066667
1067136
1067306
1067385
1067510
1067556
1067940
1068124
1068142
1068538
1069102
1069164
1069182
1069215
1069346
1069555
1069604
1069606
1069677
1069693
1069791
1070018
1070374
1070702
1071006
1071674
1071739
1071796
1071967
1072506
1072545
1072562
1072677
1072718
1072797
1072925
1073167
1073268
1073318
1073611
1073653
1073719
1073900
1074099
1074340
1074762
1075165
1075203
1075225
1075372
1075600
1075777
1075970
1076009
1076085
1076247
1076274
1076299
1076859
1076889
1076961
1077509
1077524
1077572
1077631
1077701
1077701
1077943
1078019
1078069
1078091
1078376
1078497
1078530
1079107
1079444
1079562
1079602
1079725
1079833
1079841
1080390
1081167
1081765
1081838
1081958
1082089
1082263
1082327
1082340
1082384
1082450
1083441
1083893
1084099
1084188
1084232
1084434
1084511
1085140
1085727
1085873
1085945
1086002
1086006
1086188
1086202
1086355
1086393
1086413
1086456
1086536
1086782
1086831
1087071
1087639
1087694
1087842
1087932
1087938
1088117
1088194
1088409
1088446
1088644
1088669
1088912
1089065
1089509
1089714
1089719
1089809
1089854
1089897
1089976
1090139
1090170
1090259
1090537
1090545
1090653
1090674
1090798
1091465
1091580
1091671
1091863
1091929
1092151
1092736
1092773
1092873
1092945
1093311
1093566
1093936
1093972
1094254
1094387
1094858
1095173
1095413
1095566
1095633
1095918
1096657
1096848
1096918
1097186
1097218
1097259
1098172
1098509
1098760
1099205
1099250
1099300
1099661
1099929
1100471
1100526
1100794
1101042
1101393
1101880
1101901
1101931
1102140
1102199
1102610
1102683
1103137
1103578
1103717
1103874
1104166
1104263
1104560
1104758
1105544
1105619
1105625
1105686
1105888
1106323
1106404
1107225
1107359
1107956
1108073
1108305
1108488
1108554
1109217
1109511
1109642
1109657
1109916
1110419
1110676
1110945
1111061
1111119
1111221
1111262
1111928
1111959
1112100
1112265
1112675
1112693
1112751
1112880
1112925
1113264
1113344
1113376
1113529
1114066
1114546
1114573
1115638
1115838
1115933
1116003
1117077
1117326
1117425
1117568
1117772
1117938
1118142
1118155
1118359
1118463
1118812
1118837
1118966
1119402
1119467
1119888
1120450
1120544
1120599
1120730
1120732
1120742
1120960
1121216
1121435
1121543
1121649
1121878
1122311
1122814
1122859
1122873
1123010
1123153
1123260
1123620
1124381
1124654
1124729
1124758
1124965
1125004
1125189
1125308
1125947
1126169
1126813
1127061
1127224
1127273
1127699
1127731
1127832
1127838
1128103
1128549
1128697
1128945
1128950
1129486
1129499
1129700
1129831
1130499
1130503
1130666
1130667
1130669
1131225
1131504
1131615
1131625
1131674
1132396
1132472
1132815
1133004
1134005
1134182
1134201
1134299
1134639
1134704
1134965
1135244
1135302
1135920
1136335
1136429
1136522
1136856
1137184
1137185
1137238
1137661
1137766
1137824
1137825
1137839
1138335
1138763
1138832
1139006
1139009
1139077
1139167
1139303
1139348
1139775
1140423
1140482
1141006
1141196
1141225
1141264
1141386
1141679
1142034
1142144
1142245
1142424
1142496
1142897
1143013
1143317
1143663
1144026
1144108
1144465
1145021
1145031
1145084
1145105
1145160
1145236
1145341
1146571
1146648
1146980
1146986
1147769
1147885
1147891
1147964
1148356
1148391
1148429
1148475
1148789
1148794
1148811
1148938
1149122
1149731
1150182
1150240
1150539
1150671
1151633
1151712
1151721
1151814
1151927
1152082
1152264
1152387
1152568
1152937
1152987
1153160
1153183
1153843
1153968
1154150
1154260
1154298
1154512
1154684
1155038
1155146
1155612
1156068
1157553
1158383
1158602
1158707
1159003
1159381
1159724
1160170
1160231
1160659
1161093
1161480
1161573
1161812
1161935
1161962
1162834
1162943
1162970
1163460
1163544
1163798
1163853
1163941
1163945
1163997
1164059
1164210
1164334
1164620
1164820
1164930
1165191
1165324
1165455
1165525
1165649
1165742
1165904
1166417
1166518
1166831
1166878
1166946
1167007
1167076
1167277
1167397
1167485
1167762
1167834
1168047
1168149
1168539
1168617
1168622
1168634
1168673
1168755
1169084
1169324
1169353
1169392
1169517
1169871
1169953
1170220
1170366
1170446
1170616
1170710
1170829
1170838
1170940
1170988
1171049
1171908
1172239
1172386
1172440
1172510
1172645
1172721
1172759
1172913
1173412
1173920
1174026
1174241
1174397
1174790
1174891
1175129
1175842
1176174
1176180
1176260
1176701
1176784
1176791
1176797
1177018
1178092
1178193
1178233
1178343
1178862
1179045
1179138
1179346
1179473
1179683
1180067
1180233
1180379
1180707
1180728
1180818
1180849
1180892
1180976
1181407
1181573
1181773
1181954
1182368
1182395
1182665
1182697
1183013
1183255
1183486
1183598
1183645
1183751
1184142
1184263
1184864
1184940
1185076
1185132
1185320
1185343
1185437
1185498
1185508
1185697
1186455
1186477
1186676
1187045
1187054
1187154
1187232
1187282
1187343
1187611
1187683
1187980
1188046
1188152
1188155
1188257
1188600
1188631
1188727
1188867
1189105
1189646
1189729
1189913
1189930
1190005
1190100
1190348
1190581
1190686
1190892
1191464
1191466
1191482
1191544
1191564
1191774
1192068
1192399
1192463
1192799
1193054
1193117
1193243
1193527
1193532
1193555
1193846
1194055
1194073
1194264
1194375
1194412
1194692
1194766
1194794
1195202
1195210
1195569
1195617
1196035
1196114
1196257
1196260
1196659
1196888
1197272
1197409
1197525
1197603
1197812
1198040
1198083
1198229
1198259
1198284
1198343
1198613
1199026
1199311
1199327
1199450
1199537
1199736
1199751
1199942
1200051
1201306
1201414
1201972
1202016
1202230
1202456
1202807
1203327
1203347
1203388
1203499
1203846
1203930
1203995
1204240
1204328
1204713
1204781
1205096
1205228
1205481
1205527
1205570
1205640
1205841
1206012
1206492
1206534
1206718
1206958
1206990
1207064
1207395
1207697
1207787
1207837
1208002
1208113
1208226
1208546
1208597
1208721
1208801
1208902
1208972
1209121
1209796
1209990
1210083
1210316
1210996
1211120
1211323
1211324
1211354
1211409
1211417
1211819
1211889
1212081
1212276
1212418
1212625
1212745
1212958
1213035
1213204
1213250
1213694
1213856
1214115
1214290
1214294
1214432
1214502
1214680
1214713
1214818
1214872
1215038
1215185
1215201
1215586
1215724
1215981
1216127
1216197
1216396
1216538
1216857
1216871
1216982
1217318
1217534
1217769
1217836
1218062
1218133
1218221
1218753
1218922
1218927
1219174
1219447
1219589
1219796
1220080
1220106
1220300
1220545
1220555
1220688
1220867
1221474
1221515
1221673
1221828
1221945
1222019
1222061
1222189
1222511
1222619
1222991
1223216
1223363
1223455
1223545
1224000
1224787
1224836
1224916
1224973
1225274
1225316
1225385
1225583
1225856
1226194
1226272
1226524
1226804
1226808
1227045
1227144
1227500
1227742
1227813
1227990
1228224
1228402
1228435
1228626
1228863
1229339
1229467
1229531
1229601
1229712
1229731
1229768
1230363
1230580
1230868
1231237
1231329
1231816
1232011
1232032
1232045
1232115
1232180
1232215
1232230
1232602
1232697
1232763
1232810
1232927
1233028
1233129
1233419
1233679
1233914
1233944
1234078
1234102
1234676
1234676
1235014
1235356
1235454
1235458
1235716
1235739
1235905
1236002
1236109
1236473
1236567
1236594
1236607
1236624
1236666
1237082
1237160
1237502
1237537
1237637
1237700
1237770
1238527
1238732
1239125
1239289
1239566
1239963
1240505
1240720
1240734
1240767
1241596
1241649
1241735
1241742
1242042
1242042
1242294
1242465
1242863
1242870
1242965
1243081
1243111
1243479
1243586
1243874
1243889
1244182
1244221
1244416
1244432
1244700
1244941
1245088
1245436
1245509
1245754
1245975
1246231
1246283
1246741
1246947
1247123
1247214
1247435
1247458
1247582
1247708
1247726
1248110
1248508
1248535
1248726
1249349
1249955
1250018
1250053
1250575
1250600
1250726
1250735
1250828
1250850
1251099
1251114
1251121
1251507
1251648
1251896
1251970
1252931
1253626
1253724
1253809
1253830
1254281
1254402
1254751
1254955
1255061
1255101
1255115
1255149
1255179
1255273
1255348
1255641
1255893
1256117
1256217
1256393
1256511
1256886
1256906
1256961
1256978
1257080
1257204
1257231
1257814
1258079
1258234
1258235
1258252
1258389
1258627
1258709
1259318
1259369
1260121
1260134
1260473
1260565
1260839
1260934
1261171
1261218
1261309
1261493
1261527
1261729
1261792
1261818
1261926
1262278
1262323
1262679
1262885
1262945
1262959
1262993
1263014
1263191
1263327
1263380
1263527
1263819
1263970
1264122
1264188
1264200
1264437
1264540
1264675
1264981
1265436
1265778
1266003
1266052
1266071
1266201
1266295
1266449
1266485
1266670
1266953
1267198
1267464
1267475
1267820
1267936
1267995
1268399
1268411
1268421
1268508
1268906
1268928
1269093
1269270
1269372
1269523
1269656
1270583
1270891
1270979
1271079
1271098
1271172
1271481
1271595
1271628
1271664
1271738
1271951
1271979
1272100
1272523
1272682
1272769
1273056
1273116
1273118
1273177
1273340
1273343
1273430
1273473
1274385
1274414
1274733
1275261
1275929
1275955
1276020
1276605
1276614
1276657
1276772
1276807
1276907
1277431
1277878
1277954
1278122
1278216
1278659
1279302
1279447
1279586
1280180
1280369
1280782
1281165
1281569
1281631
1281795
1281829
1282421
1282937
1282975
1283015
1283062
1283183
1283403
1283473
1283800
1283905
1284014
1284162
1284245
1284988
1285093
1285235
1285706
1286128
1286433
1286450
1286562
1286680
1287574
1288054
1288171
1288316
1288347
1288684
1288813
1289000
1289122
1289178
1289247
1289480
1289543
1289696
1289851
1290503
1290842
1291097
1291135
1291165
1291170
1291513
1292005
1292032
1293182
1293411
1293483
1293487
1293553
1293817
1293864
1294018
1294409
1294549
1294826
1294865
1295126
1295133
1295466
1296059
1296091
1296222
1296404
1296642
1296994
1297168
1297244
1297435
1297502
1297763
1297775
1297937
1298020
1298147
1298317
1298360
1298428
1298479
1298556
1298608
1298715
1298732
1298930
1298999
1299429
1299619
1299816
1300215
1300365
1300482
1300518
1300784
1300956
1301064
1301511
1301621
1301709
1302254
1302699
1302868
1302911
1303314
1303518
1304023
1304044
1304239
1304497
1304539
1304594
1304758
1304930
1305184
1305207
1305479
1305533
1306150
1306350
1306360
1306364
1306430
1306936
1308007
1308042
1308371
1308470
1308490
1308530
1308998
1309481
1309518
1309786
1309809
1309844
1309856
1310279
1310292
1310369
1310429
1310694
1310727
1310945
1311009
1311272
1311620
1311894
1311947
1312005
1312017
1312085
1312596
1312598
1312636
1312659
1313164
1313295
1313315
1313714
1314070
1314109
1314110
1314466
1314746
1314923
1315009
1315198
1315356
1315370
1315514
1315632
1315875
1315917
1315980
1316002
1316053
1316183
1316540
1316569
1316755
1316841
1316862
1317136
1317137
1317246
1317425
1317709
1318005
1318329
1318334
1318564
1318625
1318773
1319329
1319339
1319399
1319624
1319677
1319766
1320508
1320826
1321120
1321295
1321329
1321750
1321780
1321791
1321965
1322014
1322253
1322402
1322484
1322602
1322648
1322796
1323469
1323665
1323706
1323882
1323926
1324222
1324484
1324727
1324752
1324802
1325174
1325228
1325340
1325555
1325810
1325882
1326058
1326313
1326411
1326448
1326456
1326855
1326939
1327077
1327142
1327280
1327468
1327803
1327925
1327978
1328113
1328289
1328399
1328589
1328594
1328636
1328669
1328948
1329045
1329103
1329365
1329623
1329653
1329697
1329725
1329786
1329793
1329905
1330025
1330376
1330476
1330548
1330689
1331190
1331191
1331324
1331329
1331814
1332693
1332849
1332929
1333336
1333385
1333642
1333934
1334127
1334194
1334310
1334413
1335165
1335761
1336146
1336206
1336489
1336542
1336548
1336584
1337181
1337437
1337452
1337539
1337837
1338662
1338766
1339006
1339810
1340023
1340170
1340430
1340800
1340991
1341308
1342342
1342736
1342751
1342840
1343066
1343492
1344008
1344062
1344633
1345206
1345315
1345804
1346010
1346323
1346349
1347195
1347401
1347486
1347679
1347785
1348646
1348778
1348800
1348908
1349220
1349571
1349595
1349919
1350421
1350511
1350531
1350758
1350760
1351046
1351048
1351357
1351559
1352047
1352197
1352219
1352235
1352276
1352495
1352639
1352678
1352847
1352981
1353063
1353108
1353122
1353230
1353233
1353404
1353777
1353839
1354082
1354100
1354229
1354289
1354345
1354421
1354517
1354591
1354881
1355100
1355108
1355333
1355338
1355484
1355753
1355867
1356266
1356895
1357055
1357722
1358490
1358654
1358769
1359207
1359624
1359694
1359741
1359751
1359822
1359840
1359858
1359938
1360050
1360245
1360407
1360419
1360473
1360775
1360860
1361266
1361604
1361663
1361773
1362551
1362636
1362699
1363051
1363090
1363349
1363369
1363381
1363642
1363680
1364201
1364302
1364456
1364630
1364772
1364936
1365037
1365650
1365891
1365982
1366119
1366263
1366272
1366581
1366730
1367174
1367268
1368032
1368049
1368177
1368266
1368290
1368322
1368419
1368451
1368682
1368901
1369175
1369257
1369269
1369359
1369380
1369463
1369904
1369997
1370054
1370505
1370714
1370840
1370894
1370920
1370945
1370949
1371264
1371559
1371650
1371660
1371688
1371734
1371743
1372236
1372294
1372625
1372724
1372774
1372863
1372967
1372972
1373174
1373253
1373392
1373772
1373900
1374216
1374308
1374367
1374590
1374671
1375109
1375487
1375865
1375867
1376179
1376758
1376815
1376888
1376891
1376965
1377022
1377056
1377102
1377135
1377302
1377448
1377517
1377664
1377872
1378058
1378081
1378158
1378992
1379048
1379147
1379346
1379357
1379736
1379838
1379876
1379900
1380107
1380834
1380931
1381038
1381151
1381240
1381313
1381320
1381389
1381823
1382198
1382206
1382353
1382380
1382404
1382531
1382601
1382799
1382873
1383184
1383244
1384228
1384723
1385795
1385964
1385973
1386265
1386270
1386498
1386846
1387219
1387226
1387270
1387340
1387386
1387628
1387786
1388096
1388304
1388855
1388871
1388931
1388989
1389995
1390131
1390166
1390244
1390253
1390536
1390585
1390587
1390836
1390855
1390955
1391257
1391376
1391525
1392246
1393043
1393222
1393290
1393430
1393583
1393638
1393718
1394193
1394245
1394406
1395122
1395198
1395229
1395364
1395427
1395441
1395559
1395700
1395915
1396000
1396296
1396555
1396656
1396804
1396984
1397015
1397167
1397262
1397695
1397859
1397883
1398319
1398569
1398687
1398752
1398828
1399073
1399110
1399531
1399569
1399688
1400110
1400180
1400363
1400690
1400835
1400953
1400999
1401029
1401155
1401298
1401502
1401563
1401783
1401898
1401913
1401926
1402131
1402321
1402389
1402449
1402535
1402740
1403126
1403139
1403525
1403824
1403897
1403929
1403999
1404014
1404324
1404873
1404947
1405465
1405551
1405631
1406095
1406124
1406866
1406915
1407030
1407048
1407331
1407514
1407551
1407574
1407961
1407970
1408020
1408152
1408435
1408461
1409050
1409141
1409493
1409520
1409719
1410087
1410363
1410716
1410770
1411073
1411169
1411712
1411849
1411904
1412046
1412209
1412380
1412584
1412607
1412940
1413675
1413719
1414058
1414102
1414532
1414822
1415249
1415362
1415618
1415783
1416789
1416906
1417231
1417444
1417511
1418025
1418350
1418554
1418898
1419252
1419489
1419737
1419881
1420393
1420503
1421033
1421077
1421437
1421533
1423053
1423157
1423342
1423501
1423663
1423857
1423940
1424408
1424702
1424838
1424939
1425481
1425813
1426270
1426588
1426769
1426873
1426928
1427114
1427564
1427697
1427887
1428139
1428157
1428180
1428187
1428372
1428517
1428724
1428728
1428745
1428818
1428832
1429254
1429255
1429300
1429344
1429450
1429500
1430014
1430191
1430248
1430318
1430375
1430522
1430650
1430660
1430998
1431037
1431374
1432159
1432397
1432465
1432642
1433006
1433668
1433968
1434244
1434391
1434652
1434660
1435011
1435253
1435437
1435644
1435684
1435723
1435786
1436125
1436206
1436273
1436284
1436402
1436428
1436623
1436833
1437001
1437127
1437217
1437262
1437339
1437739
1437956
1438400
1438971
1438976
1439928
1439932
1440156
1440484
1441126
1441195
1441280
1441360
1441385
1441459
1441653
1441720
1441881
1441957
1442319
1443169
1443531
1443702
1443782
1443966
1443983
1444050
1444090
1444433
1444496
1444669
1445210
1445378
1445703
1445760
1445829
1445835
1446048
1446250
1446473
1446644
1446675
1446902
1447048
1447683
1447724
1447824
1448514
1448530
1449017
1449048
1449163
1449423
1449834
1449907
1450235
1450396
1450529
1451087
1451196
1451225
1451453
1451859
1452020
1452076
1452130
1452413
1452673
1452987
1453010
1453049
1453219
1453275
1453309
1453584
1454050
1454147
1454199
1454279
1454512
1454689
1454741
1454934
1454978
1455410
1455751
1455925
1456530
1456669
1457050
1457211
1457418
1457532
1457676
1457797
1457954
1458013
1458178
1458452
1458918
1458929
1459414
1459632
1459859
1459963
1460399
1460458
1460577
1460709
1460844
1460891
1461200
1461596
1461616
1461632
1461914
1461994
1462210
1462269
1462287
1462308
1462587
1462600
1462767
1462824
1463209
1463242
1463242
1463306
1463439
1463758
1463818
1463887
1464114
1464133
1464142
1464249
1464709
1464961
1464994
1465331
1465636
1465798
1465986
1466022
1466580
1466678
1466728
1467141
1467257
1467317
1467952
1468017
1468067
1468106
1468290
1468297
1468737
1468838
1468965
1469455
1469833
1469843
1470285
1470344
1470545
1470772
1470947
1471561
1471807
1471898
1472013
1472045
1472089
1472312
1472327
1472404
1472709
1472950
1472957
1473001
1473012
1473081
1473184
1473214
1473332
1473403
1473690
1473926
1473953
1474055
1474056
1474118
1474163
1474282
1474461
1474710
1475222
1475272
1475553
1475871
1476132
1476279
1476301
1476308
1476342
1476363
1476372
1476497
1476542
1477226
1477294
1477451
1477504
1477564
1477916
1477942
1478067
1478179
1478593
1478656
1478718
1479204
1479224
1479396
1479429
1479512
1479552
1479625
1479916
1480126
1480532
1480705
1480792
1480963
1481019
1481168
1481373
1481384
1481626
1481729
1482037
1482535
1482677
1482725
1482896
1482899
1482903
1482970
1483179
1483555
1483650
1483784
1483809
1484010
1484523
1484637
1484645
1484940
1485064
1485105
1485415
1485482
1485654
1485657
1485763
1486132
1486208
1486771
1486882
1487037
1487548
1487633
1487641
1488078
1488274
1488428
1488436
1488648
1488744
1488893
1489440
1489510
1489625
1489931
1490292
1490302
1490385
1490705
1490809
1491112
1491131
1491593
1491623
1491706
1491747
1492196
1492250
1492627
1492727
1492798
1492912
1493035
1494120
1494402
1494744
1494750
1495098
1495427
1495440
1495541
1495646
1495695
1495902
1495915
1495985
1496126
1496208
1496263
1496287
1496304
1496364
1496412
1496549
1496658
1496666
1496927
1496977
1497510
1497558
1497631
1497657
1497711
1498132
1498234
1499389
1500277
1500396
1500585
1500717
1500732
1500872
1501253
1501265
1501466
1501475
1502142
1502250
1502586
1502739
1502869
1503392
1503576
1503625
1503664
1503767
1503782
1504554
1504939
1504980
1505023
1505370
1505941
1506063
1506207
1506300
1506309
1506540
1507000
1507435
1507562
1507727
1507742
1508038
1508326
1508406
1508443
1508533
1508645
1508646
1508795
1508987
1509006
1509044
1509359
1509749
1509837
1510107
1510231
1510551
1510824
1510919
1511120
1511293
1511449
1511537
1511655
1511809
1511829
1512133
1512145
1512221
1512225
1512455
1512714
1513047
1513111
1513119
1513122
1513159
1513272
1513381
1513447
1513472
1513970
1514002
1514311
1514419
1514736
1514782
1515360
1516121
1516229
1516642
1516743
1516918
1517153
1517357
1519206
1519270
1519310
1519457
1519565
1519571
1519676
1519714
1519720
1520022
1520134
1520505
1521380
1521627
1521794
1521891
1522215
1522246
1522267
1522325
1523494
1523511
1523945
1524303
1524588
1524703
1525016
1525149
1525198
1525287
1525434
1525621
1525808
1525960
1526184
1526252
1526298
1526503
1526632
1526998
1527084
1527106
1527498
1527641
1527669
1527714
1529719
1529747
1529798
1529995
1530345
1530457
1530795
1530803
1530898
1531242
1531248
1531352
1531535
1531659
1531729
1531858
1532031
1532845
1532860
1532990
1533137
1533575
1533642
1533763
1534349
1534649
1535014
1535465
1535469
1535743
1535779
1535880
1536683
1536984
1537250
1537274
1537498
1537552
1537563
1537827
1538201
1538215
1538370
1538563
1538566
1538852
1538959
1538995
1539120
1539307
1539661
1540088
1540095
1540133
1540410
1540512
1540514
1540515
1541245
1542061
1542110
1542158
1542163
1542565
1542629
1542658
1542766
1543008
1543179
1543305
1543504
1543568
1543609
1543884
1544217
1544364
1544511
1544811
1545645
1545755
1546200
1546368
1546596
1546633
1546686
1546726
1547524
1547622
1547819
1547826
1547909
1547924
1547932
1548480
1548569
1548618
1548812
1549055
1549216
1549311
1550461
1550498
1550554
1550625
1550693
1551501
1551511
1551564
1551648
1551739
1551873
1552179
1552182
1552394
1552938
1553115
1553134
1553375
1553600
1553603
1553629
1553663
1553715
1553984
1554169
1554227
1554365
1554702
1554836
1555157
1555368
1555411
1555463
1555528
1555685
1555764
1555913
1555926
1556114
1556141
1556213
1556317
1556477
1556613
1556816
1556840
1557262
1557316
1557580
1557759
1557865
1557872
1557939
1558015
1558210
1558377
1558470
1558586
1559030
1559302
1559720
1559983
1560170
1560311
1560414
1560471
1560492
1560892
1560943
1560986
1561020
1561040
1561945
1562083
1562259
1562262
1562285
1562408
1562479
1562490
1562635
1562667
1562748
1562924
1562948
1563115
1563526
1563717
1563809
1563823
1564132
1564523
1564702
1564817
1565279
1565747
1565908
1566071
1566319
1566342
1566408
1566699
1566777
1566808
1566862
1567010
1567782
1567928
1568000
1568078
1568202
1568630
1568767
1568925
1569111
1569188
1569534
1569763
1569955
1570434
1570493
1570550
1570553
1571167
1571391
1571696
1571751
1571769
1571800
1571800
1571859
1572180
1572608
1572704
1572728
1573196
1573444
1573946
1574059
1574182
1574816
1575089
1575373
1575681
1576409
1576462
1576468
1576514
1576601
1576777
1576873
1577003
1577115
1577141
1577162
1577191
1577554
1577942
1578025
1578220
1578531
1578808
1578907
1579163
1579293
1579537
1579717
1579800
1579901
1579929
1579990
1579991
1580148
1580226
1580395
1580543
1580556
1580577
1580611
1580810
1580905
1581051
1581067
1581167
1581248
1581313
1581425
1581610
1581686
1581873
1581885
1581912
1581917
1582133
1582157
1582393
1582489
1582836
1583007
1583274
1583473
1584016
1584039
1584202
1584412
1584586
1584620
1584935
1584939
1585179
1585307
1585362
1585490
1585534
1585727
1585986
1586413
1586487
1586574
1586986
1587046
1587088
1587330
1587596
1587614
1587680
1587710
1587838
1587907
1587919
1588159
1588206
1588801
1589095
1589410
1589467
1589558
1589651
1589782
1589839
1589851
1590046
1590331
1590493
1590768
1590818
1590852
1590889
1591205
1591282
1591575
1591648
1592759
1593147
1593160
1593552
1594383
1594585
1594863
1595371
1595456
1595583
1595874
1596064
1596355
1596588
1596639
1596753
1596935
1597118
1597182
1597212
1597256
1597365
1597397
1597482
1597499
1597592
1597606
1597735
1597918
1598046
1598240
1598349
1598386
1598494
1598949
1599134
1599146
1599229
1599306
1599343
1599359
1599379
1600026
1600091
1600177
1600548
1600549
1600587
1600630
1600810
1600851
1600992
1601461
1601523
1601848
1601908
1602214
1602290
1602459
1602756
1602775
1602919
1603061
1603081
1603515
1603543
1603791
1603796
1603990
1604071
1604127
1604770
1604843
1604874
1605142
1605374
1605418
1605637
1605834
1606214
1606306
1606482
1606625
1606832
1606952
1607088
1607098
1607241
1607296
1607347
1607797
1607991
1608049
1608573
1608759
1608794
1608854
1609056
1609150
1609579
1609602
1610669
1610799
1610997
1611061
1611065
1611234
1611365
1611581
1611690
1611878
1611927
1612647
1612951
1612993
1613000
1613362
1613396
1613429
1614155
1614184
1614312
1614406
1614424
1614438
1614501
1614727
1614983
1615262
1615316
1615480
1615491
1615511
1615575
1615614
1615668
1615825
1616118
1616393
1616489
1616628
1617142
1618066
1618174
1618325
1618669
1618714
1619041
1619403
1620134
1620196
1620279
1620387
1620701
1620837
1621270
1621435
1621737
1621866
1622118
1622325
1622409
1622519
1623311
1623665
1623722
1623910
1624135
1624159
1624376
1624392
1624445
1624615
1624809
1624886
1625037
1625112
1625168
1626030
1626389
1626567
1627053
1627177
1627209
1627647
1627751
1627827
1628485
1628604
1628679
1629310
1629521
1629911
1630105
1630122
1630179
1630266
1630316
1630666
1630843
1631342
1631878
1631957
1632433
1632506
1633020
1633038
1633331
1633442
1633687
1633817
1633938
1634126
1634177
1634491
1634604
1634665
1634760
1634944
1635620
1635624
1635803
1635823
1636511
1636583
1637346
1637470
1637492
1637581
1637838
1637851
1638094
1638360
1638413
1638726
1638995
1639124
1639232
1639423
1639982
1640018
1640159
1640197
1640406
1641009
1641331
1641392
1641474
1641498
1641719
1642030
1642485
1643052
1643111
1643225
1643361
1644047
1644164
1644426
1644543
1644705
1644834
1644903
1645145
1645682
1645801
1646876
1647166
1647756
1647945
1647974
1648151
1648169
1648643
1648743
1648995
1649212
1649323
1649964
1650262
1650393
1650418
1650636
1651082
1651281
1651376
1651760
1652123
1652426
1652906
1653212
1653251
1653711
1654103
1654561
1654854
1655130
1655171
1655416
1655498
1655891
1655931
1656272
1656354
1656456
1656915
1656976
1657056
1657162
1657259
1657454
1657469
1657587
1657655
1657730
1657823
1658085
1658189
1658240
1658299
1658828
1659273
1659358
1659564
1659623
1659763
1660440
1660875
1660913
1661158
1661392
1661397
1661491
1661630
1661886
1661976
1662019
1662453
1662727
1662835
1663159
1663262
1663728
1663925
1663975
1663985
1664083
1664302
1664337
1665257
1665737
1665810
1665815
1665975
1666315
1666329
1666336
1666504
1666593
1666904
1667074
1667253
1667463
1668015
1668090
1668098
1668241
1668486
1668751
1668751
1668876
1668975
1669079
1669303
1669376
1669783
1669801
1670003
1670260
1670455
1670519
1670580
1670617
1670712
1670719
1670899
1671325
1671342
1671434
1671461
1671518
1671754
1671808
1671885
1672356
1672430
1672603
1672841
1672857
1672937
1673027
1673124
1673396
1673788
1674242
1674720
1675043
1675251
1675389
1675658
1675967
1676468
1676557
1676570
1676590
1676633
1676674
1676954
1676968
1677257
1677617
1677795
1677824
1677998
1678404
1678622
1678647
1679043
1679393
1680387
1680916
1681624
1681756
1681835
1681898
1681937
1681956
1682301
1682356
1682869
1683257
1683491
1683571
1683608
1683948
1684183
1684507
1684542
1684571
1684682
1684683
1684881
1684980
1684983
1685181
1685257
1685282
1685637
1685901
1685984
1686081
1686163
1686190
1686315
1687001
1687033
1687252
1687635
1687647
1688854
1688861
1689012
1689190
1689446
1689520
1689978
1690107
1690203
1690307
1690587
1690727
1691111
1691174
1691409
1691646
1691855
1692086
1692235
1692507
1692702
1692760
1692891
1693038
1693086
1693117
1693566
1693650
1693696
1693814
1693910
1694090
1694296
1694328
1694349
1694737
1694851
1694973
1695040
1695054
1695107
1695487
1695500
1695519
1695647
1696374
1696772
1696830
1696888
1697154
1697634
1697654
1697941
1698361
1698498
1698542
1698603
1698762
1699350
1700059
1700102
1700485
1700489
1700906
1701046
1701173
1701409
1701501
1701588
1701617
1701787
1701913
1701977
1702201
1702513
1702579
1702891
1703582
1703811
1703820
1703847
1703980
1704279
1704676
1704689
1705343
1705667
1705720
1705855
1705966
1705996
1706463
1706579
1706919
1706932
1706938
1706970
1707142
1707254
1707321
1707394
1707695
1707758
1708169
1708231
1708348
1708451
1708530
1708717
1709024
1709192
1709749
1709808
1710277
1710428
1710815
1711137
1711176
1711557
1711745
1711756
1711797
1711892
1712280
1712944
1713440
1713457
1713549
1713781
1713886
1714106
1714270
1714402
1714568
1714589
1714862
1714869
1714886
1715100
1715477
1715532
1715577
1715586
1715661
1715774
1716093
1716622
1716844
1717134
1717134
1717272
1717323
1717414
1717969
1718368
1718456
1718576
1718695
1718964
1719160
1719491
1719669
1719682
1719751
1719961
1719964
1720484
1720583
1720700
1720837
1721054
1721227
1721380
1721734
1721750
1721970
1722445
1722863
1723055
1723219
1723638
1723689
1724388
1725656
1726056
1726150
1726350
1726413
1726611
1726699
1727000
1727297
1727395
1727710
1727801
1727850
1727966
1728099
1728155
1728268
1728432
1728456
1728467
1728547
1728806
1728864
1729190
1729553
1729658
1729693
1729826
1729841
1729910
1730304
1730464
1730479
1730757
1730900
1731424
1731433
1732021
1732132
1732133
1732185
1732341
1732373
1732394
1732481
1732664
1732813
1732813
1732954
1732968
1733184
1733637
1733715
1733853
1734018
1734159
1734191
1734827
1735188
1735249
1735396
1735417
1735507
1735578
1736045
1736189
1736398
1736634
1736636
1737093
1737237
1737469
1738061
1738254
1738445
1739424
1739556
1739597
1739981
1740074
1740254
1740345
1740708
1740940
1741140
1741587
1741618
1741736
1741822
1742390
1742438
1742620
1742911
1743189
1743394
1743441
1743721
1743831
1744115
1744174
1744451
1744461
1744496
1744686
1744745
1744875
1744902
1744975
1745073
1745097
1745232
1745459
1745489
1745563
1745811
1745886
1746154
1746369
1746489
1746501
1746682
1746710
1746721
1746785
1746997
1747058
1747468
1747603
1747612
1747700
1747776
1747963
1748301
1748470
1748471
1748583
1748820
1748888
1748963
1748998
1749061
1749088
1749154
1749175
1749513
1749769
1750182
1750316
1750411
1750513
1750533
1750582
1750883
1751551
1751794
1751840
1752027
1752036
1752419
1752478
1752868
1753181
1753752
1753804
1754767
1754950
1755241
1755510
1755914
1756067
1756081
1756084
1756149
1756694
1756817
1756908
1757186
1757270
1757669
1757722
1758033
1759336
1759632
1759698
1760046
1760057
1760394
1760419
1760454
1760644
1760743
1760803
1760934
1760939
1761189
1761289
1761542
1762072
1762408
1762428
1762697
1762710
1762816
1762887
1762988
1763215
1763499
1764098
1764478
1764994
1765414
1765559
1765636
1765711
1765808
1765859
1765962
1766012
1766291
1766802
1766866
1766937
1767002
1767222
1767708
1767805
1767809
1767916
1767958
1768137
1768188
1768537
1768687
1769029
1769147
1769162
1769422
1769449
1769620
1770342
1770436
1770779
1770814
1771166
1771482
1771518
1771879
1771926
1771946
1772000
1772031
1772421
1772643
1772666
1772892
1772974
1773164
1773454
1774018
1774047
1774115
1774235
1774354
1774363
1774412
1774809
1774926
1774976
1775175
1775391
1775709
1775885
1776461
1777259
1777478
1777567
1777700
1777718
1777845
1777922
1777993
1778407
1778471
1778611
1778627
1778686
1778776
1778838
1779297
1779561
1780499
1780553
1780637
1780860
1780990
1781579
1781621
1781999
1782149
1782150
1782334
1782353
1782411
1782557
1782683
1783397
1783615
1783668
1783755
1783760
1783983
1784670
1784817
1784961
1784976
1785255
1785328
1785613
1785642
1785825
1786004
1786539
1786654
1786739
1787125
1787469
1787976
1788220
1788442
1788635
1788916
1788932
1788967
1789187
1789639
1789655
1790062
1790402
1790682
1790683
1790935
1791273
1791337
1791617
1791985
1792072
1792702
1792941
1793114
1793336
1793737
1793817
1793852
1793996
1794081
1794270
1794292
1794330
1794411
1794471
1794581
1794778
1795365
1795403
1795573
1795609
1795978
1795993
1796072
1796275
1796344
1796775
1797023
1797224
1797475
1797660
1797754
1798497
1798947
1799247
1799409
1799784
1799826
1799963
1801158
1801419
1802032
1802084
1802115
1802472
1802490
1802644
1802898
1803034
1803163
1803237
1803852
1803895
1803898
1803914
1804399
1804512
1804608
1804929
1804997
1805167
1805606
1806165
1806244
1806347
1806422
1806577
1806899
1806992
1807202
1807338
1807489
1807594
1807824
1808225
1808708
1808966
1809117
1809563
1809768
1809812
1809850
1809948
1810057
1810300
1810356
1810659
1810720
1810878
1811098
1811135
1811251
1811490
1811646
1811765
1811777
1812210
1812486
1813089
1813474
1813519
1813554
1813933
1813945
1814026
1814072
1814554
1814568
1814604
1814729
1815525
1815541
1815730
1815861
1816057
1816215
1816423
1816471
1816625
1816926
1816989
1817096
1817289
1817606
1817640
1817745
1817980
1818034
1818106
1818484
1818558
1818637
1818732
1818931
1819165
1819170
1819215
1819230
1819273
1819275
1819592
1819699
1819706
1820009
1820377
1820484
1820558
1820592
1820831
1821226
1821319
1821324
1821435
1821554
1821591
1821803
1822375
1822879
1823102
1823162
1823265
1823821
1823994
1824738
1824883
1824892
1824920
1825448
1825749
1825768
1825878
1826083
1826209
1826267
1826455
1826562
1826662
1826789
1826791
1826878
1827008
1827009
1827325
1827394
1827480
1827585
1827588
1827665
1827730
1828657
1828749
1828779
1828828
1828898
1830264
1830319
1830358
1830394
1830588
1830601
1830813
1831158
1831229
1831396
1831592
1831693
1831948
1832411
1832624
1832631
1832676
1832757
1832822
1832886
1832906
1833217
1833222
1833332
1833816
1833887
1834225
1834275
1834534
1834895
1835513
1835812
1835860
1835901
1835929
1836042
1836372
1837114
1837134
1837270
1837646
1837875
1838186
1838748
1838754
1838785
1838901
1838966
1839179
1839443
1839566
1839823
1840185
1840188
1840237
1840274
1840280
1840897
1840943
1841299
1841460
1841658
1842036
1842294
1842341
1842420
1842540
1842610
1842720
1842789
1842965
1842978
1843972
1843980
1844082
1844102
1844282
1844345
1844414
1844655
1845068
1845257
1845378
1845456
1845917
1845981
1846090
1846345
1846459
1846794
1847001
1847110
1847262
1847923
1847941
1847943
1848034
1848044
1848144
1848267
1848345
1848458
1848539
1848609
1849003
1849444
1849514
1849626
1849629
1849982
1850656
1851067
1851081
1851533
1851569
1851655
1851886
1851955
1852149
1852656
1852678
1853771
1854116
1854195
1854478
1854524
1854653
1854658
1854696
1854767
1854837
1854892
1855627
1856026
1856129
1856194
1856307
1856381
1856463
1856531
1856725
1857255
1857540
1857693
1857830
1857844
1858072
1858580
1858835
1859253
1859446
1859459
1859464
1859514
1859743
1859845
1860462
1860719
1860761
1860770
1860824
1861090
1861372
1861403
1861533
1861680
1862402
1862604
1862947
1863054
1863164
1863514
1863620
1864023
1864207
1864465
1864566
1864600
1864943
1865379
1865430
1865592
1865795
1866852
1866903
1867226
1867326
1867544
1867660
1867675
1867833
1868021
1868155
1868165
1868389
1868588
1868915
1869076
1869155
1869572
1869641
1870241
1870354
1870496
1870520
1870904
1871031
1871511
1871543
1871745
1871767
1872639
1872756
1873389
1873833
1873984
1874170
1874253
1874381
1874603
1874891
1875253
1875278
1875746
1875757
1875969
1876009
1876124
1876447
1876740
1877005
1877026
1877068
1877140
1877164
1877234
1877535
1877608
1878259
1878296
1878455
1878545
1878655
1879134
1879304
1879616
1879991
1880276
1880583
1880793
1880889
1881562
1882023
1882120
1882441
1882850
1882896
1883327
1883512
1883704
1883990
1884115
1884165
1884233
1884269
1884539
1884547
1884745
1884929
1885163
1885469
1885477
1885556
1885682
1885798
1885807
1886173
1886379
1886464
1886574
1886575
1886596
1886724
1886743
1886801
1886821
1887489
1887697
1887870
1888153
1888199
1888926
1888939
1889072
1889100
1889169
1889216
1889306
1889613
1889715
1890243
1890323
1890428
1890627
1890688
1891012
1891193
1891361
1891469
1891685
1892490
1892621
1892653
1893201
1893263
1893274
1893782
1894268
1894298
1894397
1894763
1894775
1895019
1895313
1895415
1895570
1895733
1895864
1895872
1896112
1896276
1896283
1896356
1896368
1896435
1896832
1896906
1896940
1897282
1897314
1897755
1897791
1897793
1898069
1898093
1898205
1898336
1898581
1898810
1898811
1899043
1899296
1899403
1899421
1899437
1899492
1899766
1899870
1900034
1900068
1900249
1900404
1900414
1900442
1900576
1900745
1900872
1901354
1901393
1901404
1901614
1901751
1901884
1901973
1902095
1902314
1902429
1902668
1902716
1902720
1902756
1903020
1903059
1903109
1903132
1903197
1903354
1903469
1903729
1903835
1903911
1904091
1904300
1904306
1904353
1904591
1904813
1904821
1904939
1904961
1905105
1905185
1905311
1905543
1905756
1906082
1906165
1906473
1906556
1906745
1906791
1906836
1906868
1906878
1907016
1907084
1907156
1907745
1907809
1907930
1908065
1908245
1908264
1908765
1909367
1909556
1911191
1911344
1911454
1911497
1911670
1911672
1911698
1912181
1912859
1912867
1912937
1912949
1912983
1913056
1913319
1913539
1913709
1913985
1913997
1914014
1914131
1914145
1914178
1914326
1914595
1914616
1915000
1915274
1915402
1915419
1915689
1916093
1916169
1916206
1916209
1916659
1916838
1917064
1917185
1917514
1917871
1917928
1917969
1918279
1918377
1918445
1918452
1918466
1918888
1919158
1919669
1919944
1920021
1920154
1920246
1920456
1920793
1920915
1921037
1921258
1921446
1921603
1921606
1921724
1922082
1922090
1922178
1922252
1922318
1922375
1922392
1922572
1922665
1922741
1923081
1923219
1923261
1923535
1923629
1923853
1923977
1924358
1924496
1924596
1924955
1925142
1925406
1925407
1925535
1925570
1926148
1926315
1926372
1926495
1926537
1926941
1926952
1927181
1927787
1928087
1928127
1928527
1928984
1929292
1929426
1929774
1929823
1930074
1930106
1930410
1930870
1931038
1931103
1931244
1931272
1931497
1931813
1931873
1932384
1932538
1932617
1932708
1933873
1933897
1933969
1934122
1934588
1934657
1935073
1935110
1935169
1935246
1935863
1936056
1936378
1936403
1936477
1936478
1936532
1936583
1936626
1936932
1936943
1937054
1937065
1937110
1937355
1937461
1937525
1937740
1937755
1937894
1938150
1938206
1938384
1938717
1938783
1938981
1939242
1939465
1940355
1940881
1940940
1941111
1941266
1941707
1941887
1941942
1941978
1942528
1942655
1942995
1943198
1943205
1943385
1944030
1944269
1944835
1945164
1945181
1945213
1945216
1945312
1945600
1945928
1946110
1946298
1946525
1946633
1946793
1946888
1946929
1947630
1948055
1948352
1948415
1949009
1949111
1949288
1949345
1949382
1949794
1949911
1950170
1950328
1950349
1950544
1950802
1950828
1950864
1950874
1950899
1951091
1951093
1951254
1952902
1953022
1953240
1953430
1953754
1953923
1954029
1954172
1954540
1954611
1955176
1955305
1955327
1955708
1955858
1955921
1956097
1956445
1956669
1957038
1957179
1957378
1957594
1957634
1957815
1957876
1957901
1958101
1958385
1958431
1958550
1958949
1959171
1959187
1959331
1959605
1960117
1960272
1960587
1960611
1960618
1960678
1960707
1960766
1960912
1960946
1961071
1961357
1961445
1961460
1961700
1962085
1962194
1962288
1962406
1962704
1962989
1963257
1963433
1963475
1963674
1963931
1963940
1964468
1964610
1964629
1964667
1965361
1965442
1965495
1965732
1966167
1966197
1966289
1966467
1966725
1966933
1967106
1967184
1967701
1968043
1968273
1968325
1968567
1968739
1969020
1969391
1969651
1969701
1969913
1969920
1970445
1970471
1970496
1970663
1970739
1971413
1971431
1972448
1972707
1973020
1973028
1973299
1974106
1974308
1974510
1974567
1974661
1974848
1975355
1975417
1975498
1975567
1975568
1975934
1976154
1976425
1976628
1976980
1976992
1977026
1977947
1978284
1978314
1978362
1978617
1979011
1979121
1979124
1979140
1979274
1980497
1980523
1980537
1980579
1980648
1980890
1981236
1981377
1981572
1981656
1981830
1982378
1982387
1982595
1982620
1982675
1983001
1983093
1983094
1983199
1983385
1983560
1983634
1984052
1984292
1984454
1984989
1985267
1985603
1985819
1986074
1986136
1986277
1986344
1987058
1987553
1987627
1987745
1987820
1988234
1988423
1988500
1988522
1988640
1989222
1989258
1989441
1990144
1990174
1990474
1991335
1991484
1992024
1992104
1992207
1992269
1992298
1992387
1992429
1992499
1992516
1993035
1993094
1993167
1993179
1993357
1993471
1993642
1993697
1993852
1993895
1994335
1994659
1994671
1994938
1995330
1995365
1996841
1996956
1997626
1997775
1997925
1998280
1998739
1999094
1999312
1999693
1999964
1999992
