insertion sort -> 6.1870269775390625, 6.171424865722656, 6.030824899673462, 5.968331575393677, 6.202671766281128
merge sort -> 0.07811784744262695, 0.07811665534973145, 0.07811713218688965, 0.062491655349731445, 0.07812023162841797
tim sort -> 0.0, 0.0, 0.015619754791259766 , 0.0, 0.015622854232788086
30
596
724
831
1270
1890
2140
2306
2389
2558
2877
2987
3112
3358
3964
3980
4140
4283
4376
4541
4930
5059
5099
5114
5218
5386
5873
6165
6282
6452
6497
6502
6727
6919
7095
7120
7206
7211
7850
8138
8433
8445
8516
8668
8675
9101
9162
9190
9209
9248
9276
9486
9894
9983
10012
10196
10291
10362
10577
10732
10983
11103
11355
11485
12383
12634
12687
12757
12774
13085
13346
13449
13535
13615
14065
14080
14724
14834
15015
15035
15050
15065
15327
15368
15656
15937
15945
16067
16622
16644
16724
16779
16788
17015
17082
17426
17597
17656
17700
17794
17913
18025
18060
18150
18287
18330
18525
18799
19079
19155
19394
19473
19546
19748
19969
20441
20969
21010
21251
21252
21307
21486
21563
21713
22020
22393
22404
22534
23257
23625
23941
24288
24532
24782
25338
25487
25569
25670
25936
26515
26760
27001
27210
27212
27445
27643
27720
27758
27882
28014
28038
28071
28161
28213
28366
28501
28555
28930
29147
29536
30439
30671
30804
32280
32426
32807
32932
33650
33770
33949
33975
34440
35053
35253
35497
35523
35625
35740
36451
37170
37238
37374
37415
37492
37526
37592
37628
37718
37814
38039
38224
38469
38753
38781
38827
38999
39849
40074
40241
40394
40855
40983
41121
41148
41604
41733
41872
41937
42691
42876
43281
43517
44012
44331
44489
44530
44582
44656
44779
44787
45423
45506
45746
45806
45899
45992
46118
46463
46580
46616
46891
47097
47236
47272
47392
47794
47967
48083
48514
48558
48814
48953
49024
49540
49720
50083
50290
50731
50826
50877
50906
51044
51880
52265
52379
52429
52674
52695
52917
53030
53366
53518
53748
53852
54286
54339
54419
54624
54999
55169
55245
55419
55573
55598
55724
55780
56458
56463
56517
56705
56797
56861
57113
58024
58038
58059
58847
59216
59624
59841
59873
59969
60085
60176
60834
61028
61341
61472
61716
61987
62029
62378
62637
63109
63873
64056
64405
64410
64818
64907
64981
65872
65874
66016
66475
66493
66727
66821
66913
67325
67381
67469
67751
67890
67981
68053
68310
68591
68686
68795
68995
69137
69150
69209
69500
69593
69952
70073
70084
70416
70556
70581
71233
71307
71458
71501
71629
71816
72011
72148
72283
72545
73617
73933
74569
74618
74634
74809
74835
74836
74862
74967
75066
75380
75534
75937
76556
76620
76868
77030
77981
78094
78395
78811
79284
79306
79437
79470
79603
79792
79896
80100
80428
81018
81509
81518
82180
82526
82705
82829
82856
82920
83501
83573
84053
84089
84094
84765
84880
84981
85837
85843
85905
86031
86136
86396
86517
86841
86869
86993
87062
87106
87134
87494
87837
87981
87984
88259
88337
88538
88571
89056
89495
90186
90511
91029
91396
91404
91407
91528
91611
91614
91884
91938
92097
92185
92739
92874
93071
93109
93253
93350
93520
94024
94292
94305
94370
94373
94780
94861
94866
95346
95397
95518
95786
96253
96345
96512
96642
97020
97418
97495
97546
97553
97559
97622
97668
97852
97881
98087
98189
98213
98626
98821
98844
98864
98902
98980
99186
99787
99788
99817
100018
100548
100647
100813
101015
101401
101406
101648
101745
101859
101908
101967
102549
102563
102695
103143
103542
104106
104751
104839
104875
104967
104968
105154
105210
105434
105452
105522
106031
106229
106539
106575
106868
107015
107057
107113
107113
107229
107566
108017
108201
108301
108543
108717
109027
109686
110176
110289
110444
110626
110741
110793
112162
112164
112223
112333
113011
113561
113973
114328
114938
115137
115162
115533
115623
115902
116457
116883
116924
117833
118002
118193
118454
118549
118668
118956
119158
119171
120100
120193
120260
120693
120854
120980
121083
121393
121410
121594
121847
122593
122618
122777
122866
123104
123235
123544
123812
124132
124196
124798
124815
124878
125280
125771
125901
126107
126186
126199
126617
126782
126782
127111
127166
127353
127380
127533
127751
128032
128268
128407
128531
128563
128596
128666
128739
129137
129203
129478
129669
129748
129824
129890
129999
130180
130241
130355
130506
130517
130563
131156
131502
131595
131829
132038
132151
132491
132570
132932
133764
134205
134211
134474
134647
134672
134784
134841
135129
135286
135289
135692
135789
135970
136368
136553
136604
136634
136785
136931
137008
137306
137522
137702
137873
137943
137958
138269
138432
138458
138533
138641
138844
138860
139018
139143
139186
139350
139670
139923
140084
141200
141201
141523
141863
141959
142630
142830
142875
143014
143019
143138
143516
143874
143897
144694
144731
144803
144959
145224
145401
145480
145647
146203
146313
146528
146558
146762
147233
147780
147782
148080
148492
148872
148885
148890
148908
148912
149400
149408
149604
149645
149734
149875
150164
150381
150990
151180
151598
151825
152446
152945
153045
153168
153585
153606
154074
154305
154795
155051
155206
155724
156010
156086
156142
156199
156302
156326
156408
156469
156478
156500
156546
157013
157458
157461
157588
157601
157694
157770
158093
158124
158300
158614
158808
158853
158907
158995
159170
159462
159572
159669
159677
159755
160086
160214
160510
160542
160593
160992
161004
161414
161680
161820
161822
161994
162427
162480
162728
162740
162893
163207
163281
163416
163428
163520
163575
163701
164118
164358
164585
164850
165064
165703
165835
165925
166055
166243
166262
166392
166471
166583
166977
167102
167514
167539
167906
168277
168783
168978
169041
169197
169211
169385
169518
169523
170465
170517
170559
170669
170797
171222
171274
171303
171374
171751
171771
172155
172296
172354
172445
172569
172587
172703
172891
172905
172907
172909
172909
173027
173217
173506
173525
173621
173652
173664
173804
173935
174030
174128
174714
174806
175159
175427
175555
175734
175845
175850
175867
176169
176186
176244
176351
176435
176604
176675
177380
177608
178195
178236
178243
178873
179177
179181
179357
179522
179814
179944
180122
180338
180647
180746
180756
180762
180851
180948
181122
181669
181769
181802
181819
182225
182295
182317
182416
182791
182806
183014
183029
183073
183255
183441
183588
183748
183854
183903
184296
184366
184514
184556
184602
184606
184753
185068
185122
185124
185256
185291
185800
185905
185923
186001
186138
186226
186249
186601
186688
186762
186959
187229
187515
187887
188157
188349
188637
188737
189170
189671
189758
189825
190026
190059
190704
190863
191033
191299
191561
191709
192040
192119
192141
192274
192276
192321
192349
192584
192893
193292
193479
193615
193701
193851
193881
193904
194562
194622
194986
195158
195601
195654
195958
196259
196301
196474
196614
197222
197316
197515
197852
198487
198688
199036
199046
199108
199229
199732
199879
200149
200712
200848
200872
201347
201722
201749
201808
202099
202394
202448
202600
203003
203041
203540
203774
203813
203859
204087
204156
204598
204605
204743
204883
204894
205145
205942
206159
206294
206330
206535
206951
207562
207673
208003
208033
208271
208777
208835
209196
209341
209420
209541
209594
210316
210402
210823
210915
211316
211909
212272
212580
212678
212872
213069
213319
213528
213992
214104
214157
214699
214759
214849
214960
215304
215323
215452
215513
215563
215660
215726
215811
216220
216221
216227
216269
216281
216289
216337
216473
216821
216957
217043
217922
218003
218118
218243
218393
218646
218670
218694
218869
218957
218985
219093
219295
219340
219511
219587
219846
219929
220046
220100
220533
220624
220741
220763
220915
220982
221173
221345
221424
221499
221713
221765
222355
222377
222678
222709
223134
223290
223379
223756
223835
223866
224053
224105
224396
224399
224814
224828
224900
224990
225267
225310
225388
225499
225590
225594
225657
225724
226773
226819
227007
227103
227634
227661
227732
228500
228558
228600
228837
229945
230215
230383
230663
230830
230944
230964
231064
231223
231367
231659
232024
232318
232396
232463
232575
232693
232840
232958
232989
233373
233577
233930
233943
234027
234761
235042
235343
235391
235527
235915
236400
236449
236532
236768
237159
237444
237750
238254
238485
238507
239284
239333
239871
239890
240025
241070
241194
241798
241906
242038
242083
242105
242213
242603
242746
243230
243495
243723
244094
244147
244169
244340
244496
244623
244873
245134
245682
245689
245734
245755
246088
246097
246173
246686
246778
246904
247681
247916
248011
248049
248052
248209
248227
248255
248367
248418
248454
248496
248511
248752
248796
248826
248891
248892
248917
248917
249174
249234
249291
249526
249551
249714
249847
249938
250256
250774
250980
251077
251262
251277
251296
251457
251511
251608
251787
251910
251927
252001
252378
252406
252545
252705
252825
253046
253079
253758
253778
253881
254256
254279
254364
254515
254559
254600
254767
254998
255075
255168
255187
255227
256049
256320
256786
256955
257034
257348
257662
257717
258180
258324
258730
258744
258798
258811
259096
259417
259496
260147
260476
260580
260735
260745
260867
261290
261301
262005
262216
262484
262569
262756
263402
263700
264029
264222
264277
264432
264494
264813
265262
266015
266130
266585
266764
266788
267725
267775
268109
268212
268696
268713
268734
269488
269557
269587
270306
270686
271152
271184
271251
271289
271399
272405
272434
272542
272715
272779
272927
273052
273465
273695
273738
273941
274083
274149
274682
274854
275002
275025
275194
275303
275807
275821
276244
276355
276424
276525
276677
276904
277057
277345
277907
277927
277936
278566
278657
278688
278695
278701
278770
279491
279827
280008
280197
280265
280325
280477
280642
280928
280988
281687
282045
282344
282381
282561
282610
282802
282877
282922
283124
283346
283501
283516
283679
283976
283981
284073
284196
284198
284300
284865
286158
286524
286566
286886
286911
287005
287102
287161
287304
287630
287653
287798
288046
288144
288262
288273
288515
288685
289148
289300
289521
289599
289651
289674
289698
289845
289851
289957
290005
290038
290206
290413
290809
290814
291368
291518
291702
291733
291764
291765
292490
292548
292606
293128
293512
293538
293605
293757
294278
294713
294874
294881
294905
295144
295352
295507
295541
295575
295782
295956
296037
296167
296201
296629
297048
297057
297249
297341
297523
297893
297921
298059
298341
298387
298471
298678
298680
298707
298834
299210
299554
299678
299740
299776
299996
300144
300286
300334
300512
300535
300610
300637
300821
300824
301238
301429
301816
301933
301969
302002
302047
302386
302407
302430
302695
303252
303418
303445
303549
303919
304021
304143
304355
304583
304834
305097
305167
305220
305589
305675
305877
306195
307300
307432
307486
307507
307625
307660
307689
307875
309165
309297
309315
309641
309901
310342
310662
310732
310952
310999
311292
311475
311544
312468
313043
313107
313117
313130
313243
313483
313611
313709
313899
313966
314025
314035
314642
314697
314786
314791
314833
314927
315880
316032
316040
316130
316395
316770
316994
316999
317034
317172
317185
317801
317856
317896
317949
317977
318389
318785
318869
318899
319226
319305
319311
319709
319980
320165
320647
320772
320973
321060
321569
321631
321665
322224
322678
322926
323363
323569
323651
323844
323884
324376
324418
324468
324611
324656
324867
325019
325176
325354
325908
326340
326648
326677
326857
326944
327515
328149
328249
328310
328443
328446
328839
328936
328947
329123
329233
329260
329266
329419
329494
329499
329512
329583
329854
329900
330212
330622
330939
331064
331453
331589
332048
332368
333113
333391
333884
334026
334183
334191
334265
334351
334371
334566
334842
334891
334917
335191
335231
335267
335513
335615
335869
335875
336147
336643
336648
336732
337032
337227
337236
337272
337323
337345
337613
338626
338658
339029
339252
339417
339483
339606
339861
340129
340138
340331
340680
340723
340838
340900
341341
341397
341877
341945
342251
342258
342443
342479
342520
342553
342995
343091
343097
343181
343298
343610
344269
344449
345130
345155
345331
345429
346150
346304
346663
347052
347204
347360
348139
348234
348310
348341
348624
348845
348878
349339
350360
351142
351144
351338
351826
352016
352750
353248
353269
353545
353574
353602
353801
354000
354279
354568
355408
355421
355677
355733
355789
355921
356217
356350
356367
356476
356500
356542
356739
356844
357121
357340
357573
358262
358472
358662
358967
359212
359454
359650
359652
359843
360171
360283
360528
360536
360715
360794
360973
361122
361150
361297
361610
361843
362109
362313
362430
362604
362682
362810
362984
362992
363060
363324
363587
363777
364181
364515
364618
365365
365555
365893
366369
366592
366593
367025
367396
368301
369008
369071
369200
369525
369651
370011
370123
370253
370405
370468
370699
370743
370949
370971
371151
371349
371617
371623
371684
372115
372256
372293
373055
373243
373480
373489
373695
373900
374392
374454
374578
374789
374920
375543
375767
375829
376006
376047
376890
377047
377174
377513
377643
377648
377825
377889
377928
378050
378228
378288
378446
378943
379034
379277
379444
379464
379475
379539
379548
379826
379977
380325
380837
380940
381478
381659
381826
382075
382089
382120
382911
382976
382986
383486
383573
383609
383652
383681
383749
384452
384467
384641
384668
384874
385136
385142
385546
385939
385978
386194
386440
386482
386624
387456
387518
388152
388206
389016
389044
389066
389286
389339
389498
389673
389820
390142
390184
390331
390475
390510
390898
390982
390996
391036
391445
391464
391789
391816
391918
392347
392794
393187
393262
393301
393419
393792
393950
394416
394428
394817
394830
394855
395071
395084
395294
395626
395909
396099
396309
396373
396561
396956
397031
397228
397241
397388
397651
397881
397998
398087
398354
399053
399247
399291
399420
399640
399820
400060
400478
400562
400625
400679
400698
401361
401367
401436
401613
401976
402228
402280
402414
402460
402560
403153
403398
403849
404143
404162
404381
404513
404791
404870
404920
404937
405362
405578
406042
406091
406560
407177
407309
407796
408115
408293
408371
408533
408589
409020
409099
409231
409292
409409
409947
410111
410538
410902
410903
411013
412270
412363
412964
413018
413020
413084
413224
413276
413441
413595
413730
413813
413930
413953
414119
414349
414762
415498
415560
415594
416136
416136
416145
416205
416569
416625
416806
416817
417076
417952
417999
418238
418837
418911
419163
419363
419608
420230
420293
420535
421322
421822
421860
422084
422306
422431
422527
422895
422983
423083
423277
423721
423787
424151
424247
424494
424547
424762
425280
425408
426171
426290
426445
426577
426819
427145
427439
427532
428140
428733
428920
429019
429356
429360
429671
429848
429900
429929
430407
430560
430597
430835
431269
431273
431281
431463
431819
431985
432636
432671
432869
432880
433185
433402
433623
433694
434175
434237
434503
434606
434643
434695
434843
435442
435461
436004
436380
436397
436500
436711
436982
437057
437163
437360
437388
437391
437498
437643
437950
439197
439204
439279
439612
439839
439894
440089
440451
440982
441048
441083
441094
441173
441308
442083
442149
442244
442261
442608
442930
443216
443284
443450
443744
443765
443857
443924
443944
444037
444152
444465
444699
444709
444772
444849
444936
445117
445541
445719
445819
446247
446398
446502
446529
446551
446614
446618
446916
447021
447470
447624
448041
448718
449104
449129
449676
449743
450186
450349
450402
450558
450934
451143
451234
451424
451622
451699
451767
451811
451841
451864
451991
452297
452604
453130
453597
453618
455517
455710
456436
456451
456502
456776
456806
456892
456953
457113
457188
457442
457833
458284
458587
459738
460181
460342
460493
460532
460578
460970
461343
461360
461428
461627
461817
461826
461867
462012
462344
462354
462800
462803
463713
463779
463902
464527
464534
464689
464721
464860
465119
465222
465358
465378
465588
465855
465883
465972
466294
466402
467119
467188
467503
468778
468902
469465
469788
469918
470008
470145
470343
470478
470931
470937
470940
471105
471211
471321
471374
471553
471622
471627
471688
471732
471940
472519
472612
472622
472923
473013
473297
474042
474294
474562
474565
474611
474643
474870
474943
475067
475312
475376
475736
476022
476030
476050
476190
477057
477154
477228
477358
477492
478659
478667
478848
478898
479210
479527
479540
480106
480111
480136
480225
480302
480582
480623
480722
480986
481115
481156
481716
482038
482109
482372
482629
482634
482922
482949
483301
483412
483485
484119
484405
484533
484595
484668
484689
484824
484959
485235
485262
485722
486383
486426
486573
486596
486851
486940
487211
487288
487357
487783
487990
488229
488562
488683
488864
488905
489287
489513
489538
489716
490027
490118
490248
490317
490553
490733
490882
490967
491369
491418
491683
491843
491888
492020
492819
492879
492987
493111
493251
494079
494384
494399
495234
495610
495764
496526
496691
496734
496812
496930
496962
497012
497183
497346
497420
497509
497653
498279
499244
499407
499460
500536
500603
500844
501224
501381
501767
502385
502879
502886
502920
502965
503066
503124
503327
503926
504175
504386
504415
504566
504572
504611
504642
504678
505722
505827
506130
506530
506551
506674
506901
507099
507338
507440
508203
508445
508479
508913
509121
509148
509175
509250
509293
509440
509779
510442
510857
511004
511247
511441
512146
512389
512490
512609
512718
512832
512854
513147
513358
513942
514021
514129
514228
514306
514495
514912
515338
515482
515500
515612
515933
515986
516167
516328
516453
516640
516658
516811
517099
517215
517494
517839
518018
518103
518335
518776
519103
519141
519189
519477
519572
519805
520004
520316
520428
521164
521417
521516
521700
521831
522051
522083
522287
522343
522593
522608
522734
522741
522744
522874
522890
522915
522946
522992
523165
523324
523657
523691
523842
523849
523891
524260
524337
524363
524372
524682
524769
524792
524832
525235
525728
525755
525798
526106
526192
526356
526571
526976
527106
527233
527381
527521
528480
528563
528796
529077
529093
529138
529378
529563
529777
530753
531176
531320
531341
531377
531438
531558
531927
531978
532495
532834
533427
533592
533731
534172
534320
534353
534467
534742
534877
534934
535159
535225
535279
535343
535393
535653
535682
535960
536057
536737
536762
537478
537877
538006
538469
538537
538641
538771
538797
539063
539118
539477
539513
539763
539777
539822
539964
540094
540229
540243
540266
540278
540419
540469
540964
541165
541627
541662
541940
542022
542305
542778
542926
543330
544097
544606
544792
545043
545244
545676
545869
546088
546356
546434
546554
546834
546910
546928
547171
547216
547800
548500
548666
548705
548917
548954
549156
549237
549558
549572
549631
550213
550304
550470
550534
550862
550874
550923
550963
551330
551585
551902
551975
551993
552053
552278
552424
552807
552976
553084
553569
553826
553939
553996
554211
554226
554375
554418
554750
554812
554947
555060
555125
555152
555415
555423
555598
555695
555795
556284
557141
557553
557778
557789
557851
558057
558143
558152
558332
558488
558943
559077
559099
559232
559295
559307
559690
559878
560047
560406
560683
561006
561038
561070
561095
561172
562039
563196
563397
563517
563536
563578
563604
564040
564195
564289
564463
564497
564537
564595
564738
564851
564899
565622
566318
566432
566873
566975
567466
567499
567566
567847
568235
568526
568883
568995
569036
569193
569730
570180
570301
570482
570523
570825
570923
570979
571052
571406
571535
571814
572162
572357
572552
572562
572949
573487
574239
574325
574351
574513
574561
575872
575901
576051
576633
576708
577052
577054
577074
577364
577606
577742
577911
578459
579068
579488
579804
580060
580162
580242
580935
581100
581115
581222
581246
581361
581643
581671
581856
581908
582084
582326
582483
582701
583064
583303
583338
583595
583655
583765
583861
584308
584596
584812
585037
585071
585167
585277
585720
585725
585799
585901
586065
586176
586236
586252
586308
586356
587073
587125
587151
587310
587386
587462
587575
587963
588149
588583
588628
588837
589232
589246
589340
589388
589525
589581
589816
590067
590119
590207
590261
590674
590776
590914
590943
591036
591137
591270
591790
592634
592806
592862
592934
592936
593206
593326
593342
593505
593562
594001
594131
594332
594470
594574
594665
594736
594767
594772
594906
595344
595440
595508
595628
595786
595817
596263
596736
596963
597179
597401
597485
598026
598649
598822
599023
599282
599306
599527
599678
599737
599747
599907
599910
599929
599973
600177
600221
600455
600635
600823
601071
601079
601430
601740
601815
602076
602143
602195
602534
602697
603245
603348
603486
603577
603822
603911
604486
604490
604540
605158
605340
605555
605884
605925
606198
606243
606419
606458
606956
607406
607621
607627
607788
607791
608036
608334
608474
608820
608886
608901
609099
609100
609104
609372
609407
609577
609641
610597
610693
610799
611173
611383
611455
611571
611756
611769
611860
611933
612095
612138
612785
612929
613775
614042
614096
614116
614233
614268
614414
614526
614800
614878
615246
615344
615347
615537
615600
616035
616814
617119
617136
617273
617394
617614
617812
618192
618244
618347
618464
618482
618653
619119
619338
619357
619490
619637
619681
619821
619849
619855
619968
620544
620631
621038
621582
621727
621862
622006
622066
622275
622661
622732
623114
623428
623431
623567
623809
623958
624029
624059
624439
624468
624923
625038
625100
625623
625640
626580
626741
626745
626778
626799
626807
626875
627043
627100
627373
627561
627711
627830
627985
628004
628059
628144
628729
628731
628811
628865
629041
629306
629773
629933
630191
630285
630399
630541
630780
631316
631951
631966
632092
632190
632357
632402
632460
632558
632690
632697
632796
632892
632901
633241
633346
633752
634207
634397
635077
635363
635715
636000
636136
636140
636675
636870
636954
637299
637324
637329
638085
638120
638166
638180
638268
638270
638295
638646
639030
639091
639112
639151
639234
639820
640672
640676
640715
640765
640775
641089
641591
641695
641758
642107
642186
642337
642436
642563
642638
643092
643684
643740
643861
644111
644403
644490
644546
645694
645704
645892
645925
646115
646295
646492
646498
646515
646914
647003
647025
647103
647707
647830
647896
647989
648900
649698
649827
649831
650078
650187
650238
650346
650514
651169
651248
651572
651837
651860
652482
652748
652804
652828
652991
653313
654097
654186
654356
654591
654936
654955
655757
655778
655815
655879
655908
655953
656212
657226
657309
657683
658420
658479
658567
658729
659393
659407
659464
660191
660429
660527
660579
660717
660720
660832
660958
661033
661146
661531
661971
662087
662362
662775
663054
663121
663201
663260
663408
663409
663669
663669
663931
664173
664174
664272
665275
666244
666406
666707
667358
667625
667730
667782
667883
667886
668067
668084
668292
668509
669328
669428
669671
669693
669832
670026
670052
670360
670718
671044
671114
671160
671235
671500
671761
671893
672243
672408
672445
672499
672502
672920
673178
673222
673486
673790
673829
673839
674563
674886
674958
674983
676066
676166
676239
676334
676473
676723
677153
677369
677701
677708
678148
678580
678612
678885
678906
679891
679952
680050
680128
680271
680384
680491
680923
681014
681058
681402
681863
681963
681972
682467
682653
683641
683782
683962
684020
684338
684717
684939
685048
685200
685206
685775
685870
685947
686056
686222
686255
686767
687095
687640
687723
687744
687902
687904
688080
688717
688876
688935
689047
689490
689580
690225
690359
690373
690687
690896
691025
691423
691515
691583
691821
691868
691980
692091
692116
692202
692358
692520
692628
692805
692807
692881
692913
693087
693602
693843
694537
694557
694612
694821
694877
695197
695384
695497
695610
695900
695976
696063
696355
696539
696594
696661
696789
696908
696960
697027
697195
697835
697854
697879
697922
698335
698491
698657
699234
699455
699517
699800
699981
700110
700318
700349
700434
700549
700604
700784
701305
702473
702525
702545
702774
702862
703339
703703
703872
703923
704131
704450
705640
705924
705931
706316
706324
706625
706710
706852
707112
707348
707438
707829
708054
708094
708520
709042
709739
709871
710005
710203
710218
710228
710541
710845
710927
711097
711201
711256
711472
711545
712106
712367
712492
712566
712582
712610
713007
713108
713786
714026
714099
714140
714227
714315
714491
714587
714691
714697
714751
714945
714954
715046
715230
715467
715683
715741
716052
716138
716220
716267
716476
716950
717191
717254
717412
717549
718457
718482
718781
718937
719016
719154
719307
719308
719622
719635
719734
719755
719831
720001
720171
720248
720594
720637
721144
721507
721721
721899
722139
722660
722794
722805
722909
723062
723143
723239
723398
723755
723781
723825
723927
724025
724078
724116
724381
724578
724591
724628
724722
724795
724841
725408
725439
725567
725687
725782
725831
725941
726174
726255
726682
726773
727007
727372
727429
727648
727652
727725
727835
727836
728359
728510
728589
728951
728957
729049
729068
729205
729388
729442
729839
729950
730111
730542
730630
730674
730938
731151
731197
731462
731630
731888
732068
732374
732522
733077
733159
733256
733289
733365
733488
733508
733686
733984
734046
734224
734486
734559
734570
734704
735148
735157
735804
735827
735847
735997
736328
736506
736569
737236
737447
737569
738126
738237
738556
738570
738974
739068
739250
739361
739906
739940
740133
740466
740715
741030
741131
741149
741227
741286
741365
741442
741776
741920
741997
742013
742416
742632
742668
742713
743107
743144
743398
743918
744360
744641
745001
745202
745268
745289
745369
745490
746368
746647
746698
746907
746963
746995
747258
747438
747451
747843
747992
748402
748720
749000
749189
749744
749849
749934
749954
750090
750673
750712
751012
751074
751214
751240
751337
752151
752239
752488
752546
752594
752817
752901
753093
753213
753469
753724
753768
754193
754352
754366
754451
754488
754756
754902
755009
755413
755667
755775
755819
756362
756422
756457
756552
756641
756658
756938
756959
757076
757079
757123
757156
757202
757268
758005
758041
758463
758483
758537
759020
759064
759258
759258
759439
759466
759528
760211
760298
760323
760405
760409
760575
760584
760665
760730
760865
761637
761700
762215
762220
762498
762882
763113
763330
763434
763559
763681
763873
764008
764328
764516
764757
765105
765429
765455
765685
765893
766073
766119
766258
766284
766381
766455
766540
766545
766894
767351
767426
767481
767710
767762
768222
768303
768564
768866
769205
769232
769476
769686
769772
769810
770057
770246
770295
770338
770629
770644
770741
771058
771617
771811
771973
772080
772155
772320
773071
773273
773697
773773
773829
773862
773968
774015
774085
774251
774779
774979
775184
775262
775610
776227
777658
777828
778043
778066
778467
778580
778752
778979
778996
779296
779320
779569
779668
780187
780241
781445
781475
782485
782780
783178
783637
784230
784262
784285
784557
784591
784593
784594
785164
785202
785203
786461
786649
786668
786984
787001
787544
788159
788296
788456
788552
788719
789470
789483
789590
789783
789861
790283
790547
790772
791239
791349
791902
792063
792241
792616
792843
792900
792911
792912
792922
793062
793112
793468
793548
793675
794297
794434
794434
794507
794545
794859
794881
795003
795146
795275
795311
795604
795973
795979
796111
796280
796376
796435
797471
797673
798160
798291
798806
798865
799203
799581
799582
799683
800314
800546
800827
801068
801157
801851
801870
801881
802096
802327
803033
803042
803101
803129
803331
803628
804069
804117
804458
804612
804694
804770
804808
805087
805542
805964
806077
806103
806369
806506
807341
807346
807461
807821
808114
808396
808435
808438
808670
808761
808769
808957
809377
809425
809428
809739
809782
809858
810317
810516
810962
810986
811242
811423
811570
811589
811789
812024
812253
812503
812509
812557
812615
812716
812827
813033
813515
813534
813871
814575
815112
815244
815456
815593
815610
815620
815624
815905
816072
816126
816327
816348
816674
816946
817201
817451
817778
817935
817982
818030
818415
818431
818514
819079
819292
819388
819589
819649
819720
819808
820029
820042
820271
820359
820651
820812
821010
821269
821420
821460
821783
821880
821998
822104
822756
823286
823329
823825
823898
823973
824137
824241
825076
825078
825327
825614
825847
826182
826504
826608
827371
827730
828420
828488
828605
828877
828901
829231
829614
829676
829739
829743
829792
829979
830035
830208
830236
830379
830526
831000
831145
831306
832021
832042
832300
832462
832611
832698
832744
832815
832842
833067
833285
833358
833395
834037
834325
834373
834587
834855
835082
835326
835335
835617
835797
835864
836256
836282
836448
836764
836948
837134
837380
838054
838083
838635
838793
838809
839236
839451
839692
839860
839872
840411
840741
840820
840854
840883
841254
841484
841635
841935
841985
842318
842448
842598
842664
842989
843179
843543
843898
844270
844611
844758
844961
845010
845642
845751
846395
846554
846570
847125
847254
847394
847533
847557
847913
847933
848502
848674
848713
848955
849007
849043
849751
849920
849974
850262
850387
850416
850700
850726
850753
850795
850896
851324
851426
851879
852061
852129
852177
852267
852283
852341
852564
852668
852952
853298
853304
853649
853728
854023
854148
854341
854434
855064
855342
855412
855415
855428
855552
856123
856387
856692
856955
857057
857341
857429
857431
857432
858372
859079
859166
859186
859367
859705
859844
859931
860029
860125
860281
860395
860418
860451
860531
860603
860846
860871
861002
861040
861148
861226
861286
861540
861896
862330
862565
862630
862726
862792
862799
862853
863102
863110
863127
863163
863990
864185
864188
864344
864887
865161
865178
865483
865634
865689
865947
866098
866129
866210
866403
866551
866614
866726
866768
866904
867138
867319
867527
867854
868052
868369
868579
868689
868732
869680
869709
870040
870061
870139
870317
870629
870638
871272
871696
871982
872010
872014
872269
872285
872367
872536
872618
872844
872859
873043
873436
873613
873723
873881
873984
874209
874534
874578
874785
875150
875474
875916
876002
876194
876249
876476
877047
877194
877461
877534
877578
878108
878166
878691
878797
878973
879046
879218
879386
879553
880258
880609
880630
881609
881638
881688
882059
882133
882382
882513
882570
882706
882905
883064
883077
883141
883143
883158
883273
883339
883518
883608
883761
883894
884012
884077
884390
884565
884698
884793
884959
885045
885074
885260
885391
885627
885875
886046
886089
886151
886234
886392
886490
886739
887047
887471
887810
887812
887816
887967
888035
888275
888323
888940
889013
889112
889133
889182
889426
889649
889939
890033
890100
890278
890333
890655
890801
890943
891106
891266
891807
891841
891868
892017
892535
892545
892587
892810
893190
893383
893562
893849
893946
893997
894091
894733
894829
895165
895673
895710
895755
895916
896458
896564
896729
896915
897120
897404
897429
897716
898030
898031
898201
898360
898366
898455
898560
898582
898793
899534
899542
899638
900008
900365
900428
900733
901013
901209
901501
901581
902292
902503
902805
903134
903315
903420
903437
904021
904265
904440
904465
904493
904821
904994
905028
905081
905847
905968
907523
907739
907913
908114
908813
908852
909007
909091
909666
909671
910040
910201
910452
910595
911162
911279
911383
911406
911624
911712
911730
911877
911946
911992
912044
912549
912686
912878
913247
913324
913637
913692
913775
913900
914286
914411
914504
914717
915124
915197
915227
915233
915386
915461
915629
915728
915730
915735
915881
915916
916496
916623
916914
917080
917318
917408
917619
917690
917793
917897
918112
918246
918260
918616
918798
919171
919238
919599
919633
919672
919672
919690
919693
919866
920084
920251
920254
920374
920399
920610
921229
921312
921346
921638
921648
922262
922324
922471
922628
922967
923201
923687
923804
923994
924008
924656
924720
924885
924922
925323
925516
925597
926001
926041
926212
926361
926960
926998
927056
927247
927326
927571
927640
927796
928522
928820
929203
929368
929532
929717
929905
930359
931509
932261
932269
932286
932496
932603
932725
932741
932894
932940
933118
933413
933450
933534
933536
933580
933696
934274
934298
934336
934340
934528
934620
934873
934920
935098
935817
936228
936484
938097
938276
938286
938681
938782
938929
939053
939205
939508
939670
939691
939783
939794
939847
940411
940629
940990
941113
941136
941144
941289
941304
941380
941438
941525
941673
941755
942143
942202
942230
942396
942438
942546
942831
942960
942974
942995
943182
943465
944202
944507
944583
944676
944690
944733
944820
945022
945071
945166
945237
945288
945319
945483
945612
946064
946535
946599
946663
946824
946915
946983
946994
947315
947557
947609
947752
947886
947913
947932
948015
948247
948464
949776
949873
949899
950022
950524
950561
950723
950802
950900
951031
951106
951634
951644
951659
951768
951905
951973
952082
952206
952637
952678
952701
953150
953224
953474
953546
953644
953662
954190
954233
954451
954534
954581
954702
954891
954993
955042
955072
955477
955674
956192
956408
956420
956483
956687
956749
957146
957453
957539
957954
958088
958232
958552
958568
959263
959790
960378
960897
961185
961435
961537
961989
962027
962039
962346
962858
962986
963069
963721
963742
963846
964068
964085
964200
964400
964629
965024
965567
965572
965860
966028
966143
966422
966564
966693
968022
968159
968177
968500
968525
968735
968949
969013
969158
969377
970383
970464
970539
971083
971293
972030
972208
972209
972273
972384
972568
972770
973260
973636
974323
974480
974603
974747
974819
974981
975063
975203
975393
975495
975501
975579
975950
976257
976661
977014
977095
977809
977922
977948
978207
978565
978566
979250
979287
980016
980342
980486
980833
980877
981669
981913
982046
982050
982316
982357
982611
982933
983023
983072
983416
983477
983781
983795
984238
984322
984575
984782
985199
985222
985375
985484
985609
985642
985667
985712
985963
986211
986313
986319
986933
987007
987039
987058
987306
987311
987331
987418
987636
987655
987706
987713
988254
988396
988493
989653
990055
990529
990681
990891
990913
991420
991861
991994
992612
993046
993062
993394
993623
993770
994502
994756
994945
995381
995487
995517
995523
995695
995918
996588
996844
996961
997108
997181
997350
997394
997637
997903
998024
998258
998372
998800
998854
998868
998936
999007
999008
999721
999807
1000365
1000876
1000877
1000892
1001017
1001652
1001766
1001887
1002025
1002302
1002489
1002650
1002981
1003063
1003318
1003373
1003387
1003888
1004097
1004109
1004146
1004240
1004396
1004561
1004635
1004789
1005189
1005358
1005450
1006297
1006821
1007125
1007229
1007390
1007723
1007801
1007872
1007916
1007973
1008085
1008249
1008315
1008418
1008536
1008606
1009358
1009991
1009992
1010174
1010231
1010251
1010441
1010572
1010790
1010895
1010924
1011058
1011143
1011205
1011376
1011401
1011565
1012287
1012678
1012768
1012787
1013054
1013132
1013189
1013202
1013257
1013435
1013462
1013481
1013730
1013989
1014066
1014137
1014160
1014479
1014512
1014605
1014639
1014679
1014768
1014772
1015414
1015465
1015479
1015747
1015944
1017075
1017690
1017939
1017967
1018445
1018549
1018687
1018930
1019204
1019415
1019493
1020004
1020139
1020166
1020508
1020745
1020806
1021193
1021397
1021627
1021643
1021644
1021656
1021669
1021920
1021995
1022022
1022208
1022212
1022555
1022695
1022859
1023221
1023702
1024165
1024234
1024261
1024267
1024377
1024397
1024524
1026078
1026281
1026290
1027090
1027093
1027240
1027521
1027887
1028020
1028231
1028264
1028393
1028979
1029368
1029420
1029424
1029610
1029822
1030107
1030135
1030327
1030789
1030810
1031009
1031364
1031771
1031927
1031940
1032110
1032136
1032239
1032357
1032461
1032493
1032671
1032755
1033075
1033330
1033440
1033575
1033933
1034004
1034117
1034652
1034655
1035134
1035883
1035897
1035994
1036520
1036865
1036879
1036890
1036934
1037216
1037371
1037451
1037764
1037983
1038047
1038068
1038226
1038391
1038555
1038571
1038719
1038741
1038895
1039038
1039098
1039119
1039483
1039533
1039875
1039978
1040026
1040127
1040150
1040194
1040606
1041136
1041238
1041778
1042079
1042457
1042893
1042925
1043001
1043060
1043589
1043851
1044095
1044104
1044250
1044264
1044432
1044574
1044600
1044751
1044956
1045011
1045100
1045331
1045484
1045487
1045570
1045676
1045893
1045902
1046426
1046824
1047258
1047273
1047559
1047826
1047868
1047902
1048378
1048902
1048961
1049351
1049462
1049932
1050120
1050128
1050516
1050634
1050654
1050914
1051120
1051334
1051472
1051767
1051985
1052153
1052393
1052846
1053103
1053207
1053208
1053442
1053493
1053629
1054045
1054052
1054234
1054651
1054656
1054704
1054905
1055214
1055345
1055408
1055459
1055498
1055521
1055616
1055641
1056461
1056846
1056889
1057212
1057376
1057706
1057770
1057831
1057901
1057978
1058167
1058471
1058612
1058704
1058753
1058981
1059010
1059179
1059299
1059401
1059410
1059426
1059539
1059968
1060289
1060376
1060501
1061224
1061332
1061802
1062199
1062824
1063027
1063212
1063862
1064018
1064131
1064374
1064435
1064628
1064810
1065230
1065389
1065547
1065611
1066015
1066204
1066210
1066320
1066653
1066671
1066810
1066946
1067111
1067423
1067457
1067595
1067783
1067842
1067963
1068033
1068605
1068683
1068732
1068779
1069107
1069169
1069227
1069292
1069314
1069510
1070185
1070441
1070514
1070980
1071077
1071155
1071393
1071480
1071953
1072037
1072101
1072330
1072370
1072425
1072457
1072642
1072908
1073057
1073269
1073504
1074338
1074504
1075086
1075214
1075264
1075373
1075556
1075624
1075840
1075893
1076069
1076087
1076243
1076320
1076375
1076690
1077011
1077117
1077515
1077649
1077807
1077855
1077996
1078071
1078120
1078478
1078749
1078923
1078932
1078934
1078937
1079284
1079417
1079495
1079806
1080616
1080672
1080696
1081221
1081274
1081439
1081628
1081911
1082227
1082304
1082511
1082557
1082692
1083013
1083085
1083234
1083256
1083343
1084044
1084169
1084187
1084830
1084848
1084877
1085092
1085979
1086012
1086256
1086343
1086370
1086578
1086702
1086815
1086917
1086948
1087170
1087196
1087206
1087209
1087649
1087673
1087715
1088040
1088208
1088445
1088464
1088807
1089316
1089568
1089818
1089903
1090065
1090108
1090612
1091002
1091393
1092122
1092365
1092388
1092629
1092639
1092669
1093256
1093643
1093818
1093930
1094113
1094132
1094195
1094302
1094327
1094570
1094892
1094902
1095017
1095142
1095259
1095318
1095342
1095507
1095514
1095649
1095766
1096201
1096389
1096696
1096952
1097092
1097160
1097341
1097381
1097556
1097975
1098074
1098621
1098700
1098731
1099546
1099563
1100013
1100072
1100147
1100506
1100692
1100920
1100930
1101211
1101298
1101666
1101811
1102901
1103336
1103371
1103462
1103540
1103650
1104177
1104366
1104472
1104820
1105649
1105837
1105859
1106265
1106368
1106599
1106674
1106828
1107076
1107090
1107377
1107440
1107703
1107987
1108024
1108293
1108778
1109162
1109352
1110145
1110155
1110652
1111060
1111542
1111566
1111596
1112073
1112085
1112126
1112553
1112560
1112565
1112635
1112994
1113023
1113080
1113231
1113288
1113562
1113701
1114313
1114879
1115399
1115617
1115682
1115753
1115825
1115890
1115899
1116716
1116890
1117060
1117066
1117099
1117204
1117209
1117307
1117530
1117631
1117650
1117745
1117778
1117857
1117931
1118417
1118419
1118423
1118539
1118547
1118734
1118740
1118758
1118795
1118916
1118926
1119182
1119191
1119564
1119732
1119826
1119879
1120356
1121106
1121322
1121397
1121566
1121717
1122059
1122099
1122129
1122249
1122503
1122691
1123376
1123442
1123583
1123696
1123704
1124406
1124543
1125195
1125205
1125470
1125812
1125838
1125969
1126082
1126436
1126516
1126645
1126798
1127085
1127183
1127437
1128012
1128202
1128371
1128398
1128486
1128765
1129095
1129174
1129273
1129310
1130462
1130563
1130722
1130760
1130851
1130870
1130878
1131296
1131587
1131914
1132127
1132661
1132806
1133057
1133177
1133225
1134231
1134554
1134680
1134740
1134762
1135055
1135338
1135437
1135448
1135540
1135632
1135760
1135871
1136174
1136552
1136630
1136942
1137295
1137455
1137488
1137539
1137658
1137872
1137916
1138037
1138238
1138244
1138534
1138670
1139052
1139443
1139668
1140012
1140350
1140402
1140518
1140613
1140707
1140852
1141134
1141158
1141457
1141496
1141650
1142351
1142731
1143068
1143369
1143480
1144107
1144115
1144317
1144357
1144666
1144768
1144843
1145025
1145428
1145711
1145755
1145996
1146209
1146423
1146486
1146499
1146530
1146723
1147054
1147088
1147216
1147611
1147748
1147982
1148171
1148425
1148519
1148795
1148909
1148985
1149131
1149317
1149539
1149565
1149742
1149767
1149807
1149869
1150107
1150619
1150781
1151097
1151169
1151381
1151461
1151477
1151772
1151786
1152037
1152368
1152392
1152562
1152666
1152819
1152983
1153367
1153595
1153618
1153649
1153809
1153917
1153934
1154046
1154349
1154398
1154412
1154617
1154638
1154822
1154826
1154973
1155003
1155136
1155303
1155320
1155525
1155528
1155552
1155746
1155770
1155787
1155931
1156017
1156064
1156065
1156272
1156362
1156392
1156458
1156723
1157191
1157522
1157772
1158247
1158585
1158656
1159059
1159299
1159728
1159910
1159921
1160140
1160155
1160513
1161046
1161079
1161252
1161452
1161655
1161830
1162083
1162187
1162275
1162337
1162458
1162570
1162760
1162772
1162867
1162949
1162973
1163046
1163259
1163393
1163422
1163809
1164225
1164341
1164589
1165012
1165051
1165200
1165274
1165327
1165545
1166130
1166642
1166699
1166742
1166766
1167369
1167375
1167430
1167483
1167617
1167789
1168113
1168291
1168310
1168764
1168822
1168923
1168991
1169224
1169381
1169444
1169521
1169624
1169764
1170080
1170402
1170607
1170692
1170936
1171113
1171377
1171380
1171443
1171619
1171757
1172177
1172397
1172492
1172563
1172682
1172908
1173059
1173282
1173311
1173412
1173536
1173799
1174108
1174304
1174630
1174702
1174779
1175115
1175374
1175457
1175460
1175522
1175954
1176063
1176403
1176753
1176836
1176990
1177006
1177018
1177112
1177143
1177370
1177478
1177517
1177857
1177862
1178023
1179013
1179193
1179346
1179351
1179636
1179655
1179745
1180129
1180276
1180310
1180343
1180661
1180833
1180987
1181840
1181911
1182113
1182454
1182495
1182545
1182773
1182783
1182794
1182813
1182855
1183033
1183100
1183235
1183924
1184031
1184139
1184578
1184583
1184595
1184755
1184894
1184997
1185078
1185178
1185939
1186610
1186705
1186760
1186776
1186955
1186988
1187168
1187278
1187332
1187667
1187990
1188160
1188257
1188339
1188710
1188849
1188980
1189599
1189886
1189992
1190379
1190402
1190798
1191113
1191283
1191568
1191642
1191811
1191883
1192120
1192579
1192673
1193049
1193317
1193470
1193632
1193916
1193992
1194311
1194469
1194879
1194938
1195097
1195173
1195317
1195361
1195604
1195635
1195729
1195745
1195831
1196104
1196600
1196708
1196738
1196920
1196936
1196981
1197211
1197290
1197385
1197521
1197644
1197692
1197759
1197860
1197942
1198191
1198199
1198290
1198331
1198444
1198585
1198769
1199167
1199328
1199339
1199699
1199743
1200378
1200643
1200979
1201713
1201940
1202152
1202266
1202391
1202527
1202659
1202851
1203107
1203382
1203416
1203453
1203629
1203925
1203990
1204096
1204376
1204487
1204903
1205166
1205263
1205281
1206043
1206157
1206160
1206473
1206487
1207021
1207179
1207393
1207496
1207501
1207625
1207639
1207669
1208047
1208054
1208405
1208501
1209011
1209011
1209181
1209396
1209401
1209570
1209664
1210037
1210478
1210590
1210852
1210857
1211033
1211824
1211887
1212083
1212288
1212587
1212676
1212954
1212975
1213346
1213395
1213532
1213621
1214138
1214153
1214211
1214628
1214796
1214813
1214909
1215183
1215387
1215664
1215718
1215765
1215843
1215944
1216486
1216504
1216654
1216766
1216776
1216859
1217157
1217951
1218494
1219040
1219086
1219122
1219271
1219838
1220032
1220220
1220285
1220354
1220416
1220478
1220622
1221014
1221070
1221144
1221455
1222434
1222531
1222661
1223033
1223079
1223167
1223439
1223785
1223935
1224023
1224030
1224527
1224606
1224858
1225099
1225153
1225177
1225973
1226573
1226663
1226776
1227314
1227784
1228070
1228211
1228270
1228386
1228399
1228410
1228923
1229338
1229510
1229550
1229552
1229905
1230097
1230099
1230280
1230300
1230337
1230435
1230648
1231441
1231613
1231637
1231655
1231878
1232302
1232476
1232588
1232644
1232669
1233650
1234024
1234265
1234284
1234547
1234774
1234783
1234834
1234860
1234938
1234976
1235330
1235543
1235710
1236031
1236211
1236400
1236501
1236519
1236583
1236755
1236939
1237015
1237060
1237279
1237726
1238367
1238402
1238786
1238832
1239178
1239225
1239272
1239372
1239533
1240058
1240147
1240314
1240409
1241494
1241508
1242004
1242100
1242211
1242720
1242880
1243100
1243365
1243435
1243830
1244256
1244280
1244497
1244613
1245462
1245710
1245946
1246388
1246937
1246981
1247912
1248093
1248139
1248168
1248435
1248653
1248825
1248913
1249109
1250081
1250222
1250556
1250569
1250720
1250753
1250951
1251217
1251284
1251477
1251827
1251876
1251902
1251965
1252015
1252032
1252160
1252177
1252388
1252664
1252851
1252954
1253059
1253090
1253265
1253707
1253715
1253744
1254743
1254803
1254996
1255117
1255138
1255402
1255587
1256198
1256399
1256449
1256530
1256605
1256608
1256635
1256646
1256703
1257502
1257656
1257875
1257901
1258100
1258269
1258429
1258620
1258754
1258989
1259102
1259222
1259275
1259339
1259384
1260067
1260445
1260761
1260764
1260771
1260806
1260828
1261035
1261427
1261657
1261833
1261973
1262003
1262219
1262226
1262408
1262565
1262659
1262691
1262809
1262860
1263034
1263082
1263152
1264202
1264395
1264465
1264643
1265019
1265140
1265394
1265448
1265923
1265938
1266051
1266090
1266212
1266309
1266446
1266576
1266662
1266902
1267069
1267433
1267454
1267585
1267614
1267673
1267743
1267803
1268037
1268855
1268884
1268983
1269067
1269351
1269565
1269780
1270426
1270471
1270611
1270668
1270693
1270705
1271627
1271632
1271695
1271810
1271866
1272822
1273199
1273333
1273515
1273547
1273586
1273900
1273921
1273998
1274045
1274544
1274630
1274772
1274983
1275502
1275701
1275742
1275841
1276015
1276271
1276526
1276576
1276595
1276757
1277201
1277600
1277697
1277864
1278339
1278561
1278989
1279146
1279339
1279459
1279532
1279838
1279847
1280005
1280248
1280271
1280474
1281137
1281584
1281804
1281853
1282156
1282210
1282412
1282856
1283078
1283367
1284323
1284367
1284975
1284999
1285016
1285923
1285974
1286005
1286044
1286175
1286336
1286419
1287149
1287217
1287339
1287348
1287374
1287714
1288026
1288073
1288136
1288248
1288281
1288415
1288452
1288830
1288912
1289181
1290078
1290331
1290575
1291054
1291318
1291354
1291430
1291567
1292309
1292339
1292653
1292729
1292846
1293476
1293791
1294109
1294772
1294844
1295271
1295407
1295436
1295702
1295714
1295869
1296142
1296428
1296811
1296825
1297403
1297549
1297957
1298176
1298847
1298871
1299287
1299486
1299531
1299629
1300055
1300169
1300331
1300427
1300596
1300672
1300904
1301575
1301614
1301730
1301928
1302082
1302280
1302558
1302588
1302658
1302779
1302881
1302885
1302962
1303250
1303270
1303408
1303710
1303974
1304296
1304511
1304585
1304943
1305077
1305147
1305660
1305730
1305755
1305893
1305971
1306476
1307345
1307572
1307711
1307743
1307769
1307834
1307895
1307903
1308521
1308585
1308925
1309199
1309298
1309342
1309630
1309664
1309990
1311155
1311368
1311856
1312009
1312223
1313537
1313761
1313843
1314006
1314289
1314300
1314624
1314653
1314728
1314768
1315008
1315074
1315126
1315595
1316169
1316195
1316217
1316281
1316367
1316561
1316793
1317150
1317192
1317312
1317417
1317926
1317967
1318127
1318135
1318169
1318178
1318920
1318942
1319442
1319500
1319828
1320505
1321021
1321198
1321232
1321502
1321509
1321668
1321691
1321712
1321852
1321902
1322150
1322665
1322690
1322920
1322925
1323631
1323999
1324039
1324193
1324758
1325001
1325038
1325048
1325445
1325534
1325544
1325701
1326259
1326259
1326679
1326898
1327040
1327071
1327237
1327242
1327480
1327533
1327655
1327891
1328093
1328216
1328245
1328311
1328906
1329208
1329244
1329484
1329731
1329956
1329978
1329993
1330198
1330227
1330363
1330666
1330732
1330745
1330756
1330986
1331171
1331618
1331717
1331864
1331880
1331957
1332105
1332228
1332655
1332724
1333350
1333418
1333657
1333784
1334073
1334146
1334268
1334406
1334410
1334643
1334675
1334679
1334757
1334831
1334977
1335325
1335458
1335488
1335541
1335580
1335680
1335830
1335860
1335964
1336101
1336280
1336637
1336638
1336649
1336825
1336998
1337618
1337813
1337833
1337979
1338030
1338621
1338902
1339368
1339430
1339953
1340087
1340192
1340343
1340759
1340983
1341119
1341150
1341200
1341384
1342036
1342157
1342185
1342448
1342687
1342922
1343000
1343080
1343692
1343978
1344262
1344315
1344500
1344583
1344748
1344933
1345045
1345092
1345128
1345189
1345198
1345352
1345643
1345666
1346559
1346576
1346640
1346668
1346933
1347241
1347350
1347624
1347687
1347838
1348106
1348270
1348323
1348410
1348774
1348988
1349229
1349259
1349412
1349596
1349871
1349917
1349949
1349950
1350236
1350437
1350520
1350668
1350688
1350703
1350771
1350838
1350913
1351210
1351378
1351554
1351906
1351965
1352234
1352304
1352821
1352883
1352964
1352967
1352990
1353428
1353648
1354519
1354547
1354552
1354619
1354807
1355058
1355414
1355476
1355559
1355573
1355740
1355933
1356034
1356380
1356581
1356852
1357270
1357307
1357562
1357775
1358525
1358536
1358599
1358822
1358947
1359602
1359611
1359655
1359898
1359968
1360066
1360163
1360403
1360464
1360549
1360839
1360932
1361018
1361051
1361239
1361697
1362389
1363167
1363304
1363493
1363544
1363700
1363890
1363977
1364240
1364846
1365380
1365720
1365765
1366105
1366422
1366433
1366510
1366827
1366948
1367034
1367139
1367191
1367447
1367458
1367587
1367632
1367657
1367762
1367779
1367808
1368507
1368772
1369386
1369590
1369808
1369968
1370082
1370159
1370634
1371083
1371144
1371337
1371347
1371620
1371978
1372144
1372306
1372480
1372516
1372709
1373014
1373517
1373520
1373678
1373854
1373890
1374088
1374335
1375083
1375216
1375369
1375430
1375709
1375824
1375980
1376031
1376129
1376432
1376460
1376608
1377219
1377601
1377612
1377630
1377754
1378273
1378333
1378570
1378863
1378937
1379634
1379682
1379733
1379967
1380091
1380233
1380287
1380458
1380720
1381327
1381331
1381414
1381483
1381754
1381870
1382040
1382046
1382637
1382846
1382855
1382924
1383554
1383631
1383652
1383661
1383691
1383769
1383870
1383900
1384012
1384080
1384147
1384178
1384263
1384896
1384985
1385012
1385050
1385121
1385459
1385548
1385592
1385828
1385951
1386281
1386633
1386784
1387307
1387310
1387809
1387910
1387959
1387983
1388024
1388476
1388550
1388815
1389328
1389361
1389599
1389620
1390707
1390830
1390833
1390865
1391029
1391349
1391475
1391905
1392026
1392042
1392093
1392115
1392248
1392292
1392566
1392619
1392707
1393183
1393341
1393393
1393566
1393576
1393974
1394472
1394621
1394763
1395175
1395300
1395304
1395544
1395917
1396664
1397063
1397094
1397187
1397349
1397724
1398349
1398918
1399294
1399338
1399846
1399992
1399997
1400237
1400367
1400394
1400811
1400971
1401210
1401289
1401541
1402000
1402025
1402166
1402273
1402779
1402908
1403049
1403209
1403416
1403776
1404240
1404491
1404507
1404587
1404830
1404853
1405673
1405707
1405789
1405931
1406053
1406369
1406989
1407099
1407262
1407291
1407524
1407650
1407970
1407971
1408009
1408039
1408119
1408215
1408266
1408478
1409176
1409200
1409500
1409859
1410043
1410774
1410792
1411113
1411118
1411817
1411863
1411901
1411910
1411944
1412209
1412371
1412923
1412969
1413142
1413449
1413595
1414632
1415138
1415276
1415710
1415720
1415832
1415848
1416417
1417061
1417091
1417471
1417823
1417865
1417938
1417961
1417969
1418242
1418261
1418342
1418453
1418803
1419009
1419399
1419585
1419875
1420030
1420094
1420336
1420502
1420795
1420841
1420980
1421219
1421461
1421652
1421746
1422270
1422565
1422956
1423150
1423194
1423281
1423324
1423396
1423425
1423453
1423617
1423625
1423631
1424041
1424088
1424396
1424444
1424995
1425086
1425101
1425426
1425482
1425581
1425752
1425932
1426331
1426479
1426996
1427079
1427380
1427477
1427591
1427694
1427795
1427878
1428250
1428581
1428592
1428607
1428645
1428736
1428790
1429199
1429583
1429804
1429883
1430013
1430227
1430248
1430269
1430286
1430360
1430447
1430536
1430662
1430708
1430745
1430925
1431394
1432062
1432264
1432586
1432647
1432891
1432918
1433020
1433091
1433116
1433156
1433245
1433326
1433774
1433976
1434826
1434953
1435400
1435460
1435714
1435771
1436189
1436374
1436475
1436540
1436551
1436572
1436584
1436606
1436625
1436683
1436781
1436996
1437111
1437144
1437162
1437230
1437325
1437353
1437977
1438274
1438537
1439407
1439932
1439937
1440718
1440820
1441118
1441279
1441294
1441431
1441483
1441674
1442281
1442992
1443573
1444059
1444074
1444340
1444655
1444881
1445071
1445079
1445276
1445518
1445648
1445669
1446494
1447200
1447451
1448278
1448422
1448623
1448721
1448721
1448790
1448874
1448943
1449049
1449068
1449114
1449223
1449251
1449347
1449360
1449440
1449497
1449891
1449910
1449998
1450093
1450684
1450908
1451008
1451139
1451254
1451382
1451500
1451731
1451858
1452192
1452316
1452733
1452931
1453111
1453378
1453485
1453576
1453672
1454191
1454454
1454592
1454603
1455070
1455374
1455495
1455597
1456017
1456170
1456313
1456625
1456651
1456740
1457140
1457176
1457286
1457344
1457602
1457649
1457877
1457953
1458160
1458237
1458252
1458582
1458980
1459055
1459298
1459442
1459546
1459867
1460510
1460665
1460833
1460903
1461330
1461399
1461564
1461636
1461998
1462139
1462458
1462778
1462870
1463323
1463507
1463592
1463595
1463966
1464140
1464173
1464204
1464891
1465023
1465092
1465124
1465137
1465317
1465349
1465361
1465546
1465731
1465947
1466578
1466716
1467405
1468120
1468303
1468719
1468807
1469004
1469505
1469729
1470032
1470087
1470144
1470273
1470317
1470342
1470359
1470534
1470785
1470819
1470973
1471289
1471748
1471835
1471881
1472239
1472678
1472984
1473096
1473390
1473559
1473602
1473638
1473702
1473857
1473974
1474216
1474398
1474441
1474740
1474824
1475276
1475591
1476056
1476090
1476267
1476273
1476592
1476650
1476813
1476910
1476939
1477168
1477233
1477437
1477829
1478054
1478130
1478336
1478579
1478608
1478768
1478869
1478909
1479196
1479504
1479969
1480219
1480350
1480636
1480735
1481183
1481545
1481566
1481647
1481712
1482892
1482920
1483044
1483103
1483167
1483428
1483713
1483767
1483913
1483977
1484106
1484430
1484535
1484621
1485630
1485653
1485895
1485938
1486230
1486539
1486834
1486916
1487060
1487381
1487406
1487846
1488034
1488170
1488243
1488301
1488403
1488530
1488807
1489284
1489493
1489586
1489663
1489671
1489962
1490086
1490097
1490420
1490641
1491221
1491374
1491485
1491497
1491565
1491792
1491809
1491855
1493048
1493348
1493534
1493547
1493624
1493767
1494068
1494126
1494963
1495272
1495375
1495532
1495830
1495851
1496075
1496075
1496782
1496792
1496822
1496967
1497605
1498284
1498437
1498589
1498633
1498927
1499391
1499586
1499784
1500156
1500181
1500369
1500786
1500923
1501025
1501523
1501646
1501778
1501866
1501875
1501896
1502018
1502221
1502416
1502734
1502802
1502866
1503044
1503189
1503197
1503357
1503439
1503477
1503534
1503544
1503640
1503704
1503828
1504246
1505548
1506057
1506786
1506913
1507039
1507118
1507302
1507750
1507857
1508276
1508502
1508538
1508668
1508935
1509008
1509014
1509618
1509808
1509870
1509936
1510179
1510748
1511102
1511614
1511851
1512115
1512450
1512620
1513889
1513963
1513980
1514084
1514084
1514098
1514156
1514166
1514360
1514828
1514954
1514983
1515030
1515497
1515624
1515784
1516022
1516278
1516439
1516677
1516766
1516775
1516830
1516955
1517153
1517218
1517497
1517571
1517594
1517786
1517793
1517819
1517889
1518124
1518141
1518174
1518300
1518376
1518409
1518429
1518516
1518694
1518813
1518823
1518826
1518838
1518952
1519188
1519315
1519544
1520044
1520303
1520383
1520809
1520908
1520962
1520998
1521158
1521165
1521254
1521525
1521593
1521796
1521822
1522267
1522325
1522507
1522571
1522770
1522799
1522813
1523034
1523086
1523099
1523871
1524147
1524220
1524396
1524469
1524510
1524556
1524640
1525526
1525851
1526282
1526557
1526578
1527108
1527206
1527297
1527690
1527832
1528209
1528578
1528827
1528899
1529113
1529252
1529595
1530057
1530110
1530180
1530313
1530356
1530801
1531162
1531281
1531522
1531736
1531921
1532102
1532239
1532551
1533078
1533121
1533204
1533426
1533442
1534107
1534280
1534576
1534620
1534690
1534788
1534826
1534949
1534960
1535040
1535068
1535226
1535267
1535812
1536270
1536347
1536381
1537023
1537152
1537177
1537201
1537302
1537476
1537641
1537848
1537890
1538209
1538525
1538891
1538917
1539315
1539477
1539577
1539939
1540280
1540430
1540494
1540572
1540618
1540677
1540847
1540877
1540881
1541024
1541066
1541370
1541418
1541480
1541909
1542027
1542364
1542380
1542444
1542645
1542680
1542792
1542955
1543098
1543195
1543763
1544134
1545109
1545216
1545398
1545601
1545725
1545862
1545992
1546241
1546258
1546951
1547364
1547680
1548587
1548945
1549112
1549124
1549203
1549491
1549813
1549919
1550015
1550107
1550130
1550195
1550236
1551299
1551454
1551466
1551752
1551824
1552494
1552726
1552741
1553051
1553078
1553266
1553359
1553624
1553760
1553858
1554108
1554142
1554169
1555120
1555235
1555295
1555386
1555400
1555809
1555911
1556141
1556340
1556579
1557146
1557412
1557466
1557664
1557768
1558160
1558223
1558627
1558841
1558841
1558936
1558941
1559365
1560036
1560047
1560226
1560376
1560891
1561135
1561205
1561358
1561459
1561489
1561953
1562342
1562452
1562696
1562861
1563130
1563151
1563163
1563444
1563912
1563941
1563978
1564331
1565368
1565490
1565508
1565592
1565670
1565856
1566251
1566311
1566346
1566414
1566442
1566521
1566576
1566856
1567096
1567263
1567351
1567359
1567519
1567708
1567741
1567806
1567882
1567899
1567994
1568216
1568791
1569525
1569723
1569805
1569837
1570154
1570207
1570420
1570690
1570697
1570899
1571155
1571250
1571301
1571358
1571537
1571576
1571883
1572156
1572217
1572351
1572561
1572707
1573155
1573445
1573462
1573815
1573922
1574075
1574103
1574129
1574291
1574352
1575041
1575142
1575278
1575350
1575361
1575384
1575395
1575730
1575789
1575837
1575839
1576038
1576288
1576373
1576616
1576684
1576705
1576736
1576884
1577437
1577534
1577973
1578078
1578099
1578316
1578325
1578380
1578412
1578463
1578771
1579086
1579180
1579331
1579385
1579528
1579749
1579895
1579954
1580648
1580974
1581330
1581550
1581587
1582075
1582447
1582573
1582915
1584358
1584718
1584925
1585329
1585549
1585757
1585789
1585820
1585846
1586199
1586579
1586702
1586782
1586939
1586944
1587168
1587396
1587460
1587488
1587744
1587851
1587938
1587982
1588458
1588527
1589168
1589652
1589656
1589750
1589898
1590242
1590509
1591080
1591122
1591280
1591601
1591650
1591704
1592241
1592271
1592283
1592484
1592517
1592777
1592929
1593162
1593235
1593259
1593416
1593579
1593720
1594019
1594322
1594410
1594563
1594572
1594903
1595063
1595211
1595217
1595373
1595467
1595552
1595556
1595561
1595869
1596137
1596314
1596375
1596598
1596772
1596788
1596905
1596924
1597075
1597380
1597562
1597728
1597978
1598227
1598267
1598276
1598453
1598564
1598589
1598687
1598751
1598902
1599357
1599568
1599573
1599727
1599775
1600004
1600720
1601191
1601415
1601416
1602091
1602184
1602606
1602674
1602951
1603381
1603459
1603526
1603568
1603732
1604419
1604615
1604701
1605049
1605123
1605386
1605439
1605887
1606187
1606199
1606423
1606828
1606854
1606938
1607082
1608298
1608328
1608680
1608812
1608928
1609089
1609297
1609654
1609935
1609959
1610098
1610203
1610252
1610365
1610535
1611044
1611176
1611283
1611398
1611665
1612010
1612208
1612592
1612754
1612915
1613035
1613242
1613571
1613941
1614083
1614221
1614304
1614697
1614716
1614900
1615361
1615485
1616191
1616243
1616568
1616670
1616715
1617174
1617229
1617232
1617500
1617691
1617980
1618202
1618277
1618599
1618788
1619361
1619426
1619818
1619928
1620105
1620250
1620540
1620699
1620754
1620940
1621323
1621414
1621555
1621578
1621673
1621764
1622012
1622651
1622815
1623213
1623343
1623796
1623806
1624002
1624105
1624430
1624571
1624648
1624678
1624758
1624792
1624795
1624824
1624908
1624952
1625011
1625396
1625537
1625793
1625807
1625875
1626124
1626247
1626919
1626922
1627012
1627039
1627409
1627636
1627648
1627684
1627846
1628239
1628256
1628630
1629464
1629721
1629892
1629960
1630215
1630229
1630272
1630530
1630629
1630635
1630815
1631006
1631239
1631336
1631408
1631498
1631611
1631703
1631879
1631953
1632101
1632129
1632143
1632160
1632193
1632219
1632236
1632647
1632896
1633217
1633317
1633968
1633972
1634194
1634643
1634646
1634809
1634953
1635018
1635085
1635116
1635420
1635798
1635887
1636015
1636554
1636655
1636687
1636875
1637007
1637079
1637094
1637887
1638023
1638243
1638255
1638275
1638459
1638514
1638650
1638671
1638710
1638999
1639150
1639508
1640032
1640330
1640873
1640878
1641168
1641218
1641552
1641643
1641989
1642178
1642422
1642463
1642677
1642715
1642834
1643169
1643211
1643218
1643303
1644242
1644315
1644430
1644535
1644611
1645103
1645386
1645586
1645608
1645767
1645817
1645916
1646213
1646214
1646584
1646839
1647007
1647459
1647654
1648346
1648582
1648725
1649085
1649461
1650032
1650054
1650201
1650342
1650462
1650596
1650756
1650952
1651163
1651391
1651676
1651780
1652278
1652375
1652464
1652678
1652735
1652901
1653099
1653175
1653616
1654241
1654345
1654415
1654576
1654623
1654732
1654914
1654955
1655084
1655237
1655953
1656005
1656052
1656465
1656573
1656897
1657126
1657199
1657385
1657395
1657569
1657702
1657714
1657992
1658468
1658576
1658640
1659266
1659475
1659715
1659804
1660015
1660256
1660335
1660341
1660373
1660429
1660738
1660942
1661389
1661624
1661638
1661705
1662421
1662507
1662853
1663053
1663409
1663446
1663722
1663728
1664122
1664318
1664403
1664589
1665324
1665526
1665540
1665944
1665964
1666243
1666326
1666499
1666508
1666625
1666701
1666842
1667020
1667148
1667290
1667306
1667331
1667644
1667730
1668175
1668194
1668260
1668626
1668735
1668750
1670004
1670069
1670099
1670702
1670846
1670899
1670999
1671099
1671706
1671862
1671997
1672092
1672299
1672387
1672477
1672738
1672798
1672997
1673028
1673246
1673279
1673818
1674487
1674529
1674921
1674978
1675389
1675462
1675936
1676082
1676869
1677278
1677314
1677754
1677796
1677830
1677923
1678533
1679143
1679565
1679652
1679940
1680062
1680300
1680648
1680835
1680838
1680954
1681063
1681065
1681401
1681505
1681761
1682429
1682626
1682788
1683048
1683085
1683793
1683804
1683929
1684084
1684130
1684340
1684620
1684648
1684840
1685325
1685377
1685477
1685776
1685847
1686251
1686743
1686858
1687005
1687101
1687139
1687340
1687498
1687953
1688210
1688802
1688832
1688896
1689120
1689361
1689440
1689941
1689977
1690015
1690028
1690137
1690299
1690439
1690746
1690826
1690966
1691168
1691385
1691533
1691651
1691734
1691865
1691988
1691994
1692588
1692732
1692801
1692915
1693017
1693401
1693683
1694278
1694624
1694672
1694699
1694752
1695023
1695146
1695443
1695601
1695654
1695872
1696044
1696046
1696114
1696281
1696315
1696383
1696549
1696673
1697006
1697200
1697318
1697366
1697718
1697734
1698095
1698170
1698216
1698349
1698623
1698837
1699012
1699345
1699491
1699878
1700093
1700139
1700195
1700386
1700842
1700962
1701041
1701218
1701357
1701406
1701976
1702146
1702564
1702812
1703137
1703166
1703275
1703606
1703683
1703844
1704033
1704189
1704198
1704405
1704579
1704697
1704857
1705161
1705382
1705604
1705671
1705686
1705920
1706064
1706204
1706518
1706775
1707000
1707056
1707432
1707740
1708077
1708131
1708284
1708892
1709269
1709508
1709633
1709658
1709695
1709823
1709846
1709875
1709937
1710002
1710130
1710215
1710251
1710323
1710388
1710424
1710448
1710968
1711059
1711089
1711160
1711263
1711384
1711481
1711520
1711957
1712171
1712288
1712431
1712520
1712521
1712654
1713027
1713111
1713238
1713639
1713652
1713766
1714121
1714124
1714294
1714450
1715140
1715178
1715349
1715430
1716053
1716063
1716077
1716086
1716137
1716261
1716527
1716666
1716829
1716948
1717452
1717631
1718137
1718180
1718382
1718443
1718451
1718883
1718929
1719041
1719396
1720116
1720284
1720398
1720408
1720823
1720875
1720881
1720902
1721366
1721431
1721775
1721812
1721823
1722079
1722195
1723003
1723113
1723463
1723481
1723519
1723523
1723535
1723536
1723693
1723924
1724099
1724393
1724759
1724964
1725164
1725705
1726318
1726684
1726705
1727120
1727492
1727503
1727674
1728022
1728126
1728203
1728927
1729173
1729236
1729318
1729364
1729470
1729868
1730110
1730144
1730355
1730937
1731300
1731316
1731383
1731773
1732137
1732150
1732396
1732561
1732734
1732841
1732907
1732919
1733040
1733118
1733210
1733221
1733237
1733431
1733443
1733484
1733494
1733687
1733743
1734153
1734261
1734273
1734288
1734381
1735043
1735401
1735569
1735658
1735736
1736157
1736411
1736432
1736450
1736933
1736993
1737049
1737572
1737699
1737757
1737766
1737898
1738128
1738165
1738183
1738346
1738572
1738941
1739166
1739456
1739613
1739985
1740266
1740298
1740820
1740934
1741361
1741568
1741764
1741906
1742076
1742083
1742216
1742401
1742415
1742656
1742838
1742883
1742892
1742998
1743179
1743272
1743708
1744008
1744161
1744425
1744441
1744749
1744763
1745043
1745395
1745801
1745865
1745972
1746192
1746194
1746250
1746479
1746665
1746685
1746797
1746836
1747003
1747661
1747790
1747910
1747963
1748020
1748054
1748217
1748413
1748455
1748583
1748660
1749763
1750437
1750474
1750491
1751450
1751696
1751807
1751908
1751948
1752373
1752491
1752642
1752754
1753107
1753204
1753363
1753567
1753681
1753725
1753774
1754031
1754112
1754550
1754695
1754799
1754854
1755144
1755254
1755462
1755581
1755630
1756254
1756482
1756622
1756625
1756822
1757195
1757204
1757277
1757306
1757517
1757528
1758230
1758261
1758446
1758479
1758498
1758724
1759091
1759167
1759548
1759614
1759732
1759888
1760218
1760320
1760321
1760409
1760591
1760710
1761022
1761833
1761886
1762010
1762159
1762363
1762461
1762572
1762606
1762962
1763409
1763608
1763921
1764420
1764649
1765304
1765348
1765399
1765928
1766487
1766588
1766976
1766984
1767081
1767211
1767426
1767978
1768252
1768421
1768712
1768769
1768816
1768869
1768894
1769196
1769394
1770141
1770689
1770865
1770877
1771552
1771643
1771944
1772174
1772459
1772461
1772525
1772890
1773174
1773207
1773252
1773366
1773522
1773524
1773566
1773699
1773854
1774033
1774275
1774445
1774522
1774576
1774589
1774600
1775051
1775240
1775349
1775618
1775738
1775764
1775847
1775879
1775905
1776978
1777185
1777481
1777855
1777874
1778120
1778543
1778935
1778968
1779034
1779164
1779269
1779363
1779672
1779873
1780080
1780092
1780179
1781064
1781272
1781290
1781685
1781741
1782191
1782363
1782413
1782622
1783689
1783760
1783955
1784084
1784517
1784529
1784717
1784740
1784977
1785123
1785297
1785335
1786107
1786205
1786347
1786481
1786678
1786753
1786813
1786971
1786993
1787006
1787019
1787080
1787109
1787576
1787604
1787814
1788044
1788140
1788176
1788189
1788283
1788355
1788555
1788609
1788702
1788975
1789223
1789767
1789997
1790215
1790438
1790598
1790934
1790973
1791187
1791413
1791830
1791884
1791925
1792119
1792430
1792442
1792446
1792868
1793600
1793652
1793769
1793835
1793984
1794521
1794625
1794662
1794890
1794956
1794970
1795068
1795194
1795384
1795438
1796407
1796635
1796997
1797006
1797121
1797456
1797627
1797793
1797809
1797852
1797961
1798117
1798197
1798340
1798678
1798798
1798849
1799009
1799389
1799397
1799564
1799647
1799813
1800164
1800553
1800606
1800688
1800751
1800842
1800993
1801148
1801330
1801372
1801803
1801930
1802078
1802108
1802126
1802252
1802467
1802681
1802704
1802756
1802805
1802810
1802896
1803130
1803471
1803638
1803644
1803679
1803733
1804007
1804008
1804030
1804247
1804279
1804554
1804577
1804682
1804950
1805018
1805025
1805063
1805171
1805334
1805601
1805619
1805686
1806104
1806484
1806517
1806528
1806966
1807038
1807112
1807130
1807267
1807299
1808228
1808395
1808556
1808657
1808857
1809571
1809667
1809944
1809987
1810322
1810487
1810583
1810776
1810807
1811164
1811432
1811547
1811600
1811626
1812058
1812080
1812105
1812799
1812896
1812980
1813194
1813363
1813383
1813546
1813577
1813952
1814234
1814396
1814505
1814514
1814681
1814702
1814892
1815110
1815204
1815349
1815455
1815612
1815695
1815814
1815851
1815914
1816238
1816280
1816422
1816454
1816486
1817011
1817016
1817207
1817227
1817705
1817816
1818169
1818376
1818805
1819223
1819323
1819359
1819532
1819545
1819629
1819807
1819832
1819840
1820010
1820026
1820303
1820684
1820694
1821041
1821147
1821235
1821675
1822096
1822493
1823092
1823143
1823378
1823645
1823701
1823750
1823869
1823913
1824045
1824125
1824330
1824584
1824627
1824713
1824824
1824826
1825369
1826173
1826491
1826984
1827059
1827297
1827948
1828122
1828348
1828364
1828378
1829025
1829211
1829564
1829620
1829820
1830037
1830232
1830273
1830410
1830815
1830935
1831000
1831629
1831701
1831954
1832051
1832241
1832295
1832377
1832624
1832798
1832847
1832927
1833034
1833064
1833088
1833098
1833491
1834053
1834226
1835439
1835535
1835655
1836010
1836199
1836734
1836750
1837011
1837087
1837160
1837285
1837315
1837368
1838037
1838047
1838794
1838900
1838914
1839006
1839046
1839114
1839126
1839170
1839248
1839262
1839299
1839573
1839792
1839949
1839989
1840398
1840463
1840686
1841003
1841062
1841221
1841253
1841263
1841650
1841688
1841964
1842020
1842769
1842779
1842816
1842884
1843110
1843576
1843989
1844074
1844145
1844435
1844478
1844539
1844653
1844753
1844960
1844979
1845023
1845037
1845201
1846086
1846670
1846724
1846762
1846834
1847420
1847425
1847431
1848316
1848389
1848746
1848782
1849204
1849303
1849319
1849674
1849859
1850372
1850543
1851013
1851180
1851350
1851553
1851573
1851631
1851651
1851931
1852297
1852452
1852556
1852949
1853137
1853172
1853559
1853737
1854811
1855109
1855128
1855224
1855369
1855452
1855552
1855659
1856022
1856318
1856799
1856862
1857246
1857370
1857535
1857576
1857657
1857807
1857882
1858079
1858485
1858555
1858642
1858758
1858820
1858871
1858940
1859168
1859170
1859699
1859761
1860156
1860530
1860640
1860808
1860906
1861432
1861455
1861593
1861837
1862310
1862808
1863217
1863240
1863659
1863744
1863779
1864032
1864204
1864334
1865004
1865505
1866111
1866324
1866338
1866401
1866641
1866693
1866773
1866915
1867118
1867804
1867957
1868231
1868278
1868343
1868402
1868477
1868572
1868764
1869063
1869232
1869358
1869374
1869507
1869887
1869976
1870117
1870306
1870774
1871314
1871552
1871627
1871944
1871959
1871987
1872127
1872188
1872378
1872511
1872553
1872858
1872882
1872933
1872936
1873573
1874099
1874106
1874124
1874166
1874742
1874808
1874907
1875018
1875089
1875345
1875538
1875592
1876094
1876100
1876247
1876665
1878291
1878396
1878493
1878575
1878746
1878754
1878810
1879125
1879302
1879375
1879662
1879704
1879860
1880001
1880002
1880319
1880451
1880603
1880925
1881164
1881189
1881213
1881537
1881613
1882213
1882236
1882246
1882253
1882448
1882590
1882742
1882787
1882870
1882958
1883092
1883120
1883901
1883939
1883960
1884167
1884502
1884608
1884655
1884787
1884844
1885007
1885209
1885468
1885610
1885657
1886222
1886418
1886915
1887272
1887318
1887427
1887552
1887708
1887958
1887983
1888051
1888139
1888515
1888714
1888842
1888945
1888969
1888996
1889348
1889518
1889583
1889843
1890005
1890548
1890638
1891175
1891328
1891460
1891633
1891750
1891875
1891991
1892017
1892049
1892341
1892348
1892667
1892934
1892975
1892980
1893446
1893661
1893842
1893846
1893897
1894229
1894972
1894992
1895036
1895087
1895119
1895534
1895564
1895592
1896046
1896142
1896418
1896473
1897046
1897088
1897261
1897273
1897420
1897429
1897536
1897724
1897738
1898071
1898269
1898353
1898768
1898970
1899041
1899086
1899135
1899479
1899515
1899893
1900338
1900567
1900922
1901040
1901577
1901691
1902113
1902197
1902206
1902432
1902635
1902699
1902879
1903473
1903798
1903803
1903928
1904243
1904740
1904846
1905379
1905496
1905678
1905700
1905993
1906033
1906053
1906131
1906205
1906392
1906514
1906686
1906691
1906795
1907661
1908220
1908261
1908280
1908548
1908880
1909025
1909398
1909603
1909688
1909856
1910343
1910359
1910916
1911005
1911121
1911142
1911337
1911430
1911535
1911645
1911800
1911865
1912093
1912512
1912594
1912896
1912936
1913187
1913653
1913680
1913694
1913725
1914284
1914551
1914882
1914934
1915041
1915283
1915425
1915514
1916107
1916120
1916182
1916202
1916432
1916566
1916654
1916932
1917012
1917056
1917145
1917315
1917491
1917927
1917938
1918036
1918062
1918065
1918399
1918400
1918527
1918534
1918553
1918579
1918667
1919121
1919295
1919436
1919635
1920027
1920856
1921212
1921338
1921436
1921602
1922549
1922632
1922636
1922770
1923276
1923828
1924108
1924164
1924263
1924397
1924403
1924524
1924818
1925027
1925207
1926315
1926465
1926925
1927002
1927161
1927253
1927694
1927833
1927928
1928066
1928130
1928474
1928495
1928926
1929063
1929239
1929301
1929344
1929355
1929672
1929917
1930798
1931007
1931273
1931719
1931734
1932019
1932280
1932306
1932495
1932534
1932541
1932677
1932830
1933208
1933516
1933687
1933793
1933824
1934065
1934237
1934276
1934302
1934522
1934654
1934730
1935008
1935193
1935238
1935285
1935474
1935570
1935660
1936180
1936203
1936329
1936401
1936687
1936749
1937127
1937139
1937159
1937310
1937412
1937449
1937623
1937758
1937761
1938089
1938126
1938195
1938790
1938838
1939016
1939798
1940079
1940127
1940381
1940407
1940764
1941264
1941370
1941695
1941740
1941928
1942086
1942308
1942794
1942831
1942978
1942995
1943066
1943484
1943597
1943670
1943681
1943720
1943904
1944048
1944252
1944358
1944554
1944881
1944898
1944922
1945059
1945133
1945297
1945355
1945391
1945409
1945460
1945702
1945741
1945873
1945914
1946090
1946487
1947013
1947174
1947223
1947579
1948153
1948265
1948283
1948746
1949058
1949166
1949187
1949300
1949517
1949642
1950132
1950478
1950631
1950751
1950766
1950896
1950964
1951115
1951128
1951160
1951380
1951448
1951621
1951772
1951824
1951953
1952205
1952422
1952749
1952779
1952849
1953079
1953103
1953171
1953339
1953502
1954075
1954684
1954731
1954994
1955609
1955827
1955829
1956231
1956269
1956278
1956404
1956414
1956563
1956649
1956745
1956798
1957616
1958190
1958265
1959047
1959516
1959526
1959727
1959761
1959895
1960395
1960456
1960670
1960800
1960917
1960978
1961060
1961268
1961405
1961436
1961452
1961548
1961789
1962175
1962230
1962284
1962470
1962486
1963020
1963190
1963316
1963695
1964144
1964270
1964285
1964564
1964645
1964820
1964982
1965006
1965144
1965207
1965330
1966100
1966425
1966463
1966529
1966765
1966777
1966903
1967603
1967805
1967810
1967867
1967884
1967991
1968212
1968466
1968573
1969145
1969188
1969388
1969603
1970252
1970436
1970507
1970782
1970954
1971183
1971197
1971614
1971620
1971879
1971932
1972178
1973029
1973030
1973100
1973211
1973313
1973442
1973783
1974191
1974210
1974272
1974274
1974393
1974447
1974528
1974610
1974925
1974980
1975152
1975481
1975494
1975755
1975776
1975838
1975842
1976406
1976534
1976549
1977117
1977254
1977504
1977704
1977755
1977792
1977972
1978233
1978291
1978792
1978838
1978976
1979023
1979130
1979138
1979266
1979864
1980382
1980625
1980627
1980721
1981021
1981390
1981569
1981819
1981957
1982068
1982153
1982959
1983006
1983113
1983460
1983584
1983751
1984001
1984171
1984317
1984505
1984566
1984602
1984744
1984812
1984831
1985123
1985125
1985488
1985576
1985611
1986431
1986579
1986595
1986664
1987030
1987387
1987501
1987974
1988138
1988311
1988450
1988526
1988736
1988782
1988838
1989167
1989265
1989334
1989752
1990243
1990758
1990769
1990849
1990878
1991183
1991780
1992084
1992204
1992254
1992479
1992554
1992776
1993329
1993418
1993755
1993994
1994177
1994214
1994300
1994441
1994554
1994613
1994862
1995246
1995300
1995468
1995578
1996201
1996478
1996639
1996815
1996845
1996945
1997100
1997170
1997277
1997359
1997478
1997832
1997905
1998041
1998742
1999046
1999231
1999560
1999792
1999798
1999906
1999926
