insertion sort -> 5.999558448791504, 5.95268702507019, 6.04643440246582, 6.093322038650513, 6.093322038650513
merge sort -> 0.07811856269836426, 0.07121856269436213, 0.07811808586120605, 0.066491655349731785, 0.07811713218688965
tim sort -> 0.0, 0.0, 0.01262951215300093, 0.0, 0.0
32
404
574
648
667
786
1814
2057
2452
2579
2614
2636
2680
2836
3278
3593
3601
3901
4093
4733
4879
5001
5168
5425
6107
6166
6215
6650
7059
7080
7140
7181
7436
7722
7840
7950
8244
8319
8375
8701
8879
8944
9224
9289
9387
9625
9665
9695
9734
9781
9969
9993
10021
10207
10459
10874
11326
11429
11666
12045
12168
12229
12229
12289
12523
12611
12819
12985
13529
13573
13586
13776
13956
14168
15371
15412
15754
16105
16590
17589
17755
18041
18136
18139
18232
18509
18602
18691
18908
18961
20067
20179
20233
20334
20466
20619
20654
21140
21409
21484
21686
22346
22372
22640
22792
22842
22888
23008
23352
23489
23492
24039
24073
24234
24320
24589
24918
25361
25643
25849
26129
26635
26726
27088
27113
27124
27188
27195
27263
27281
27618
27835
28057
28423
28650
28777
29745
29871
29878
30444
30461
30622
30682
31009
31026
31245
31779
32133
32446
32705
32948
32995
33101
33437
33748
34281
34295
34303
34330
34591
34921
35023
35163
35439
35477
35595
35882
36066
36975
36996
37016
37261
37409
37780
38087
38255
38574
39144
39222
39342
39609
39675
39861
39925
40136
40223
40358
40576
40863
40967
41054
41073
41749
41817
41884
41961
42118
42564
42702
42722
42956
43045
43227
43385
43469
43727
44392
44498
44686
44734
45272
45293
45515
45698
45747
46193
46253
46454
46510
46929
47143
47245
47342
47372
47476
47551
47697
48223
49029
49193
49464
49475
49477
49559
49682
50528
50766
50809
51250
52601
52641
52974
54142
54328
54524
54802
54948
55203
55254
55346
55462
55588
55701
55733
55997
56212
56898
57070
57086
57091
57199
57292
57295
57431
57533
57544
57877
57902
58227
58525
58662
58687
58945
59040
59371
59631
60001
60177
60490
60989
61296
61353
61399
61574
61580
61629
61809
62410
62437
62750
62914
63081
63201
63395
63442
63445
63527
63680
64157
64504
64757
64930
65068
65454
65800
66013
66320
66326
66438
66505
66649
66714
66730
66802
66838
66982
67305
67375
67891
67928
68826
69162
69199
69203
69346
69378
69736
70018
70351
70403
70870
71127
71404
71650
71745
71902
71942
72202
72483
72675
72961
73107
73115
73190
73428
73616
74122
74165
74451
74594
74605
74807
74881
74989
75087
75100
75418
75569
75793
75983
76073
76289
76397
76770
77020
77251
77287
77354
77395
77676
78179
78374
78543
78571
78611
78780
78921
78953
79037
79186
79395
79807
79815
80139
80412
80463
80771
80845
80870
80954
81607
81792
81883
81996
82011
82283
83170
83495
83879
83918
84019
84571
84683
84747
85151
85319
85540
85670
85848
85895
85896
85950
86593
87178
87230
87271
87276
87330
87376
87726
87729
88008
88027
88178
88299
88872
89066
89181
89205
89298
89762
90074
91001
91237
91367
91542
91651
91898
92011
92026
92198
92438
92477
92562
92602
92682
92773
92852
93092
93269
93584
93796
94112
94463
94471
94515
94521
94627
94628
94813
94875
94911
95240
95462
95501
95508
95532
95853
95950
96055
96293
96473
96875
97468
97559
97921
98911
99205
99564
99595
100070
100282
100290
100337
100782
100981
101362
101920
102110
102190
102246
102283
102489
102523
102539
102854
102888
102919
103259
103271
103424
103457
103578
103617
103945
104269
104794
104903
105171
105402
105549
105587
105931
106003
106047
106231
106422
106463
106899
107040
107057
107346
107425
107434
107445
107698
108243
108785
109012
109305
109431
109484
109567
109591
109592
109603
109682
109731
110133
110151
110230
110258
110555
110664
110769
110970
111232
111236
111446
111498
111575
111704
111970
112200
112260
112320
112376
112390
112941
112973
112990
113378
113469
113684
113701
113992
113992
114408
114523
114876
115200
115247
115292
115743
115774
115848
116091
116122
116138
116337
116446
116833
116944
117249
117359
117442
117526
117733
117810
118021
118109
118319
118564
118803
118928
119128
119392
119507
119604
119918
120368
120460
121070
121117
121132
121325
121653
121736
122128
122649
122737
123233
123954
124086
124109
124422
125239
125275
125976
126453
126456
126779
126843
126962
127347
127436
127459
127649
127915
128053
128560
128924
129301
129461
129554
129599
129723
129830
130622
130660
131213
131235
131455
131612
131631
132096
132388
132405
132609
133290
133454
133655
133663
134493
134657
135067
135391
135411
135448
136163
136227
136353
136399
136601
136895
136960
137072
137170
137750
137963
138014
138149
138524
138808
138986
139017
139300
139352
139457
139510
139694
140292
140563
140643
140879
141324
141439
142366
142461
142685
142715
143030
143111
143170
143518
143816
144033
144498
145501
145538
145585
145628
145630
145675
146274
146312
146564
146618
146633
146696
146724
146793
147689
147690
148320
148480
149532
150122
150135
150251
150491
151031
151382
151679
151743
152593
152811
152899
152902
153423
153779
153791
154124
154332
154347
154524
154614
155107
155368
155452
155509
155525
155654
155767
155935
156228
156393
156603
156847
156878
157299
157661
157933
157958
158232
158282
159326
159904
160119
160217
160304
160388
160463
160520
160678
160759
160925
161955
162238
162784
163022
163179
163464
163667
163871
163990
164003
164046
164228
164438
164441
164458
164720
164757
164810
165154
165197
166093
166301
166360
166494
166504
166540
167024
167033
167147
167169
167330
167373
167583
167627
167651
168219
168408
168513
168757
168817
169028
169235
169731
170170
170219
170321
170365
170378
170539
170579
170590
170590
170740
170922
171093
171603
171741
171755
172092
172156
172212
172227
172343
172911
173011
173107
173274
173563
173625
173753
173913
174292
174945
174951
174959
175539
175604
175932
176119
176383
176845
177065
177259
177397
177453
177592
177945
178063
178120
178463
178469
178562
178724
178973
179170
179239
179711
180131
180328
180544
180595
181160
182511
182728
182854
183140
183190
183273
183435
183913
183938
183992
184156
184469
184583
184590
184711
184991
185230
185273
185381
185688
186171
186304
186318
186563
187400
187594
188338
189038
189099
189145
189272
189305
189487
189685
189699
189710
189919
190109
190537
190557
190802
190810
190818
191324
191794
192292
192594
193568
193768
193998
194039
195003
195240
195275
195434
195564
196045
196087
196316
196347
196461
196477
196811
196905
197299
197378
197451
197582
197696
197769
197976
198074
198295
198376
198480
198689
198700
198809
198887
198982
199358
200145
200484
200712
200937
200949
201175
201331
201838
202068
202144
202952
203218
203692
203989
204060
204570
204584
204593
204679
205360
205558
205864
206215
206352
206548
206686
206982
207190
207531
207566
207639
207847
207945
208267
208319
208400
208726
209006
209369
209921
210750
210756
211082
211110
211136
211272
211406
211484
211863
212072
212220
212424
213159
213166
213390
213733
214359
214428
214737
214815
214854
214909
214998
215401
215879
215882
215957
216016
216307
216330
216482
216556
216911
216960
216976
216978
217592
217787
218212
218267
218422
218647
219173
219727
219871
219970
219978
220170
220312
220350
220500
220711
220906
221135
221223
221367
221392
221771
222088
222554
222579
222758
222872
222962
223207
223393
223612
223755
223915
224105
224114
224182
224636
224701
224728
224834
224976
225115
225211
225488
225508
226021
226117
226285
226367
226770
226851
226951
227027
227057
227108
227895
227985
228226
228308
229130
229419
229476
229700
229971
230144
231402
232340
233080
233278
233500
233567
233586
233613
233757
233950
234130
234216
234393
234853
234905
235191
235256
235881
235940
236089
236179
236401
236490
236525
236646
236688
237006
237096
237276
238274
238801
239820
240286
240305
240361
240579
240597
240807
240816
240923
241087
241247
241376
241666
242302
242794
243012
243053
243199
243756
243838
243959
244595
245037
245145
245652
245723
245831
246477
246812
246974
247103
247384
247611
247762
247955
248133
248159
248281
248453
248606
248809
249071
249084
249120
249150
249271
249558
249696
249767
249949
250022
250104
250433
250462
250561
250831
250926
250960
251238
251297
251351
251473
251493
252238
252276
252734
252864
253094
253378
253536
253536
253579
253673
253724
253872
254158
254272
254276
254336
254347
254541
254948
255089
255126
255152
255187
255314
255726
255784
256468
256471
256604
256861
257259
257496
257971
258181
258379
258603
258713
258768
258972
258991
259096
259132
259616
259734
259792
260137
260499
260718
260978
261001
261324
261832
261838
261895
261980
262208
262550
262746
263114
263366
263903
263916
263947
264028
264044
264152
264153
264598
264615
265037
265157
265386
265543
265702
265704
265750
265955
266115
266146
266404
266449
266531
266750
266805
267303
267326
267432
267595
267759
267816
268019
268070
268396
268763
269145
269619
270114
270143
270247
270428
270677
270954
271304
271548
271552
272012
272126
272355
272732
272968
273209
273305
273388
273729
273816
273862
274320
274454
274631
274908
274999
275138
275230
275396
275665
275942
276037
276106
276206
276327
276331
276472
276515
276568
276672
276690
276811
276861
276953
277009
277056
277200
277682
278107
278277
278554
278853
279099
279110
279534
279566
280012
280204
280223
280403
280510
280611
280931
281038
281123
281396
281734
281738
281774
281879
281993
282103
282280
282317
282710
282764
282889
283092
283551
284143
284363
284779
284783
284868
284936
285036
285478
285584
285748
286637
286650
286827
286887
286941
287271
287372
287378
287561
287931
288036
288886
288933
289416
289828
289843
289942
290507
290777
291303
291578
291631
291757
292101
292661
293286
293413
293420
293498
293704
293779
293801
293825
294073
294285
294605
294858
294955
294980
294995
295147
295212
295216
295418
295431
295704
295899
295995
296317
296584
296638
296802
296851
297281
297600
297779
297980
298171
298414
298519
298972
299127
299286
299990
299996
300102
300326
300711
301130
301173
301551
301626
301860
302894
303611
304330
304651
304675
304856
305067
305200
305429
305544
305712
306079
306141
306214
306248
306396
306488
306532
306587
306750
306935
306968
307095
307175
307176
307216
307305
308195
308412
309119
309432
309512
309790
309796
309822
310122
310380
310642
310682
310740
310890
310922
311069
311432
311503
311608
311819
311947
312294
312627
313133
313149
314059
314087
314191
314281
314607
314667
314885
314891
315071
315082
315250
315561
315689
315789
315923
315989
316672
316857
317390
317526
317660
317984
318574
318679
319054
319151
319449
319539
319562
319583
319652
319686
319731
319924
319929
319979
320189
320208
320296
320730
321437
321483
321992
322306
322370
322533
322793
322953
322988
323188
323421
323581
324233
324235
324323
324634
324949
325108
325248
325270
325441
325617
325828
326128
326706
327138
327226
327330
327374
327424
327435
327667
327884
328752
328984
329278
329641
329845
329846
329926
330106
330271
330319
331018
331607
331715
331754
331851
331959
332037
332439
332796
333093
333096
333358
333398
333529
333718
334026
334105
334264
334395
334464
334605
334637
334667
334781
334818
334926
335296
335406
335580
335639
335643
336250
336366
336407
336432
336541
336769
336801
337054
337096
337405
337848
338130
338346
338699
339064
339073
339284
339295
339531
339763
339966
340056
340058
340211
340307
340441
340765
340846
341056
341108
341614
341847
341885
342551
342555
342884
343008
344004
344280
344788
345032
345032
345153
345391
345555
345705
345789
345835
345962
346015
346217
346742
347149
347560
347841
347955
348452
348632
348683
348777
349035
349185
349489
349811
350026
350244
350314
350739
350869
350989
351031
351092
351340
351507
351547
351609
352080
352148
352159
352195
352217
352313
352533
352727
352969
353681
353979
354062
354105
354365
354402
355097
355164
355726
356239
356491
357023
357162
357275
357419
357596
357621
357701
357725
358020
358089
358126
358303
358570
358812
359291
359368
359897
359980
360162
360482
360576
360803
360972
360989
361047
361061
361071
361658
361771
361809
362233
362235
362238
362542
362773
362964
363034
363301
363488
363627
365221
365513
365706
365793
365801
365916
365930
366142
366170
366339
366390
367006
367128
367346
367595
367755
368159
368260
368350
368478
368654
368986
369959
370313
370463
370487
371042
371099
371158
371163
371313
371317
371346
371458
371626
371647
372023
372167
372234
372423
372480
372872
372958
373328
373843
373844
374019
374138
374183
374214
374477
374601
375243
375449
375565
375585
375706
375706
375793
375976
376077
376184
376384
376580
376677
376877
377104
377299
377372
377395
377431
377557
377752
378190
378408
378531
378597
379046
379129
379287
379304
379739
379911
380028
380173
380344
380623
380768
380931
381163
381491
381614
381648
381810
381825
382112
382172
382848
382874
382995
383427
383482
383746
384513
384593
384735
384736
384827
385736
385742
385789
385903
386029
386553
386738
386975
387028
387446
387572
387998
388031
388086
388099
388331
389291
389299
389623
389636
389937
390482
390770
390901
391000
391058
391062
391518
391653
391743
391963
391990
392113
392567
392990
393187
393228
393297
393925
394149
394264
394327
394389
394442
394529
394669
394805
394947
395064
395214
395396
395842
396053
396064
396305
396374
397360
397517
397674
397858
398115
398661
398902
399097
399192
400041
400141
400187
400447
400557
400855
401227
401235
401266
401462
401566
401820
402084
402203
402247
402266
402288
402432
402463
402641
402748
402856
403083
403191
403614
403749
403800
403894
404102
404124
404223
404421
404503
405336
405372
405418
405600
405690
405874
406643
406760
406894
407060
407239
407262
407369
407729
407924
408255
408404
408607
409306
409307
410917
411082
411539
412081
412918
412999
413063
413374
413509
413536
413620
414032
414052
414076
414137
414151
414683
414983
415191
415210
415438
415582
415853
415937
416229
416521
416687
416898
417127
417442
417496
417606
417727
417732
417816
417958
418064
418730
418774
418846
418887
419045
419069
419383
419391
420585
420758
420834
421062
421515
421543
421554
421818
422004
422196
422845
422862
422907
423316
423335
423569
423777
424106
424170
424361
424431
424620
424710
424713
425078
425109
425244
425839
426067
426302
426344
426940
427148
427157
427190
427590
427756
428024
428137
428990
429273
429585
429667
429712
429732
429778
430418
430427
430513
430573
430633
430824
430895
431047
431087
431234
431318
431347
431390
431416
431593
431655
431738
431827
431949
432120
432164
432199
432283
432447
432467
432537
432596
432838
432885
433229
433366
433468
433758
434240
434274
434324
434449
434788
435003
435133
435848
435887
435934
436011
436171
436357
436522
436587
436932
437313
437749
438340
438472
438608
439048
439296
439681
439738
439875
440131
440297
440486
440623
440655
441152
441331
441503
441602
441707
442147
442791
442861
442909
442951
443310
443399
443529
443634
443745
443859
443884
444023
444037
444252
444507
444856
444914
445287
445416
445604
445832
445972
446023
446025
446181
446349
446456
446562
446728
446991
447166
447366
447493
447591
447620
447750
447757
447925
448164
448245
448439
448485
448550
449075
449155
449310
449323
450088
450168
450400
450462
450894
451424
451424
451612
451758
451800
452083
452333
452443
452816
452848
453063
453085
453219
453252
453286
453423
453874
453913
454211
454328
454573
454599
454626
454764
454824
454943
455041
455126
455246
455329
455431
455632
456238
456396
456677
456711
456773
456809
456839
457042
457098
457178
457448
457469
458274
458781
458818
458869
459028
459123
459172
459302
459376
459571
459652
459721
461294
461764
461846
462077
462080
462347
462424
462516
462641
462684
462730
463182
463502
463751
463982
464287
465268
465751
465777
466027
466140
466263
466379
466409
466596
467404
467811
468000
468066
468148
468168
468299
468435
468478
468543
468836
468838
469182
469195
469855
470180
470255
470559
470575
471560
472205
473145
473224
473299
473445
473513
473594
473720
474240
474253
474289
474582
474760
475007
475119
475474
475485
476423
476450
476790
477081
477324
477337
477957
478000
478079
478336
478337
478344
478451
478480
478517
479049
479067
479139
479520
479666
479709
479840
480123
480229
480506
480956
480985
481125
481198
481346
481420
481464
481603
482201
482358
482359
482446
482509
482594
482672
482770
483009
483010
483075
483236
483265
483329
483400
483502
483525
484259
484313
484452
484595
485171
485324
485516
485545
485572
485712
486053
486211
486502
486750
486854
487029
487463
487480
487708
487715
487798
488002
488126
488303
488601
488748
488965
489416
489981
490211
490291
490623
490768
491366
491524
491556
491703
491849
492025
492223
492370
492410
492527
492777
492827
492987
493006
493017
493342
494088
494433
494983
494995
495401
495650
496160
496389
496558
496589
496619
496660
496949
497133
497254
497282
497338
497363
497371
497507
497825
498034
498060
498157
498159
498171
498247
498347
498714
498777
498992
499193
499234
499401
499549
499734
499973
499978
500014
500166
500340
500420
500568
501039
501078
501088
501177
501582
502070
502174
502713
502793
503211
503233
503335
503340
503696
503753
503820
503824
504173
504181
504279
504819
504940
505062
505518
505550
505822
506259
506814
507034
507245
507708
507882
507982
508445
508542
508763
508780
509012
509172
509222
509253
509497
509696
509930
510009
510791
510927
510930
511089
511350
511794
511795
511853
512043
512193
512234
512239
512889
512972
512986
512988
513405
513436
513557
513601
513770
514137
514214
514255
514257
514262
514372
514396
514983
515189
515323
515868
515909
516045
516138
516779
517363
517407
517481
517696
517937
518184
518618
518672
518687
518829
518855
518890
518909
519352
519642
519716
520012
520189
520460
520725
520782
520868
521382
521464
521490
521507
521593
521935
522054
522106
522351
523215
523485
523497
523852
524345
524565
524637
524676
524701
524752
524825
524842
524946
525690
526136
526532
526555
526639
526946
527006
527160
527450
527556
527913
527929
527954
528146
528152
528589
528602
529344
529681
530088
530195
530433
530841
531176
531265
531867
532036
532107
532515
532766
532883
533171
533192
533338
533382
533429
533490
533629
533653
533810
533904
533997
534351
534687
534742
534853
535092
535203
535261
535321
535602
536188
536271
536495
537231
537282
537286
537294
537493
537655
537815
538069
538280
538293
538301
538301
538389
538538
538589
538962
539025
540005
540051
540296
540993
541100
541113
541119
541198
541237
541295
541329
541472
541500
541579
541884
541968
542078
542193
542300
542335
542607
542816
543211
543345
543397
543656
543744
544201
544414
544466
544699
545126
545318
545608
545719
545866
545868
546021
546040
546088
546573
546823
546841
547012
547098
547227
547483
547688
547929
547957
548110
548159
548294
548418
548819
548846
548854
549033
549688
550027
550164
550198
550899
550955
551022
551062
551600
551629
551673
551778
551853
552128
552448
552566
552665
553000
553190
553765
553973
554198
554656
554995
555054
555076
555128
555158
555305
555331
555353
555415
555541
555732
555827
556631
556893
556895
557195
557908
557944
558351
558551
558858
558907
558944
558955
559033
559142
559297
559402
559486
559726
559882
560248
560327
560417
560765
560777
560838
561076
561103
561474
561796
562119
562141
562318
562363
562380
562474
562737
562812
563461
563581
563735
563784
563854
563925
563982
564112
564620
564895
564906
565912
566000
566031
566059
566114
566267
566451
566573
566602
566853
567366
567512
567991
568206
568286
568878
569042
569246
569818
569836
569969
569982
570144
570263
570368
570521
570549
570838
571607
571808
572062
572215
572296
572396
573090
573163
573461
573517
574043
574393
574495
575022
575078
575085
575333
575423
575505
576040
576165
576569
576685
576951
576976
577241
577322
577430
577562
577759
577894
578228
578282
578732
579070
579878
579987
579999
579999
580494
580608
580638
580945
580977
581547
582005
582174
582299
582362
582627
582761
582915
582972
582989
583404
583932
584046
584111
584253
584297
584353
584409
584443
584649
584875
585191
585349
585506
585603
585762
586224
586836
587109
587415
587466
587476
587602
587700
587930
587965
588208
588358
588777
588850
589181
589359
589377
589420
589505
589617
589671
589750
590021
590457
590479
590837
590913
591112
591183
591205
591466
591716
591822
591841
592253
592336
592360
592432
592442
592865
593254
593281
593696
593864
594635
594764
594935
594950
595090
595150
595375
595402
595766
595913
596061
596486
596676
597414
597810
597926
598056
598081
598104
598246
598279
598653
599144
599325
599984
600099
600129
600180
600271
600285
600288
600290
600787
600845
601177
601622
602072
602184
602379
602512
602916
603007
603048
603250
603653
603694
603695
603702
604052
604158
604338
604401
604436
604549
604868
604903
605060
605301
605471
605689
605989
606195
606281
606396
606455
606655
606745
606827
607312
607423
607425
607465
607481
607527
607623
607783
607983
608024
608198
608258
608453
608480
608559
608999
609110
609126
609250
609725
609835
610209
610415
610661
610666
610773
611037
611115
611794
612047
612334
612353
612744
613207
613647
613714
613829
614859
614873
614918
614930
614994
615216
615308
615439
615535
615561
615664
615760
615884
615897
616184
616231
616695
616738
616842
616871
616897
616963
617344
617685
617728
617763
617828
617910
617989
617996
618063
618107
618480
618734
618833
618997
619023
619036
619227
619586
619598
619979
620035
620259
620371
620593
621445
621471
622088
622152
622212
622223
622350
622741
622881
622889
623721
623781
623801
623882
624096
624409
624439
624671
625057
625175
625185
625200
625213
625685
625784
625984
626243
626656
626988
627137
627262
627544
627576
627589
627707
627819
627920
627981
627993
628339
628375
628487
628579
628618
629013
629309
629330
629338
629361
629580
629806
629894
630101
630152
630420
631142
631151
631344
631398
632027
632110
632225
632602
632843
633015
633078
633405
633417
633458
633472
633793
634004
634020
634094
634164
634312
634341
634885
635728
635932
636002
636099
636118
636225
636306
636571
636617
636826
636954
637198
637241
637981
638008
638383
638526
638735
638862
639103
639422
640222
640845
641026
641144
641248
641300
641459
641567
641639
641771
642266
642286
642455
642494
642566
643007
643183
643381
643417
643559
643693
644039
644085
644168
644616
644836
645137
645326
645880
645992
646034
646162
646182
646293
646845
646892
646945
646945
647017
647105
647373
647419
648514
648635
648659
648806
648901
649302
650516
651246
651261
651313
651844
652296
652682
652864
653269
653547
653566
653797
654379
654397
654631
654758
654990
655028
655046
655379
655418
655890
655981
656202
656283
656790
656824
656892
656914
657162
657362
657425
657619
658085
658241
659006
659087
659148
659205
659433
659739
659887
660334
660413
660661
660690
661081
661293
661327
661599
661661
661821
661838
661983
662476
662741
663213
663473
663649
663737
663977
664262
664399
664465
664812
665306
665407
665418
665974
666661
666988
667134
667277
667472
667753
668416
668626
668781
668905
669057
669392
669624
669959
670216
670389
670409
670481
670582
670764
670784
670812
671178
671199
671291
671511
671706
671780
672532
672687
672764
672989
673596
673671
673883
674962
674969
675031
675172
675240
675284
675347
675373
675381
675390
675429
675456
675667
675725
676176
676185
676388
676530
676570
676661
677004
677442
677664
677714
677724
678293
678411
678817
679123
679367
679507
679547
679593
679826
679874
679969
680142
680335
680792
680864
680893
680912
680920
680964
681180
681212
681279
681358
681386
681415
681788
682170
682287
682320
682483
682514
682546
683395
683409
683471
683974
684875
685041
685272
685348
685358
685477
685679
685877
686124
686841
687039
687481
687527
687815
687830
687890
688425
688543
688624
688760
688791
689020
689235
689893
689911
689952
690189
690456
690524
691078
691311
691439
691528
691792
691841
691997
692000
692033
692219
692338
692354
692401
692494
692778
693017
693113
693139
693658
693691
693758
693791
693853
693892
693966
694249
694374
694813
694904
695156
695304
695479
695509
695816
695827
695834
696130
696279
696355
696505
696751
696771
696786
697338
697346
697749
697971
698189
698336
698468
698865
698927
699054
699097
699117
699356
699396
699489
699523
700086
700209
700370
700584
701066
701111
701184
701647
701820
701839
702024
702287
702438
702546
702552
702612
703226
703611
703842
703921
704010
704322
704475
704516
704673
704735
705054
705165
705279
705476
705489
705567
706101
706284
706452
706856
706997
707121
707367
707439
707475
707481
707528
708068
708068
708161
708387
708422
708634
708670
708711
708806
709010
709342
710030
710044
710176
710254
710593
710841
711157
711187
711402
711488
711609
712002
712846
712861
712888
712944
713041
713412
713653
713844
714015
714057
714297
714401
714452
714571
714629
715189
715416
715722
716348
716573
716940
716954
716979
717060
717133
717387
717437
717640
717672
717908
718437
718512
718545
718598
718807
719281
719539
720041
720076
720524
720555
720727
720931
721047
721361
721637
721746
721796
721858
722287
722290
722357
722407
722541
723292
723528
723637
723789
723879
724001
724033
724528
724814
724865
724928
725204
725307
725378
725536
725568
725770
725943
726030
726080
727002
727316
727372
727466
727684
728165
728211
728212
728238
728385
728804
729073
729211
729396
729494
729618
730060
730514
730602
730628
730660
730746
730955
731096
731108
731143
731191
731194
731215
731235
731254
731545
731677
731962
732048
732455
732478
732614
733110
733625
733628
733711
733779
734314
734378
734952
735009
736805
736825
737120
737400
737511
737576
737719
738089
738614
738692
739106
739564
740095
740302
740340
740488
740494
740741
740892
741170
741298
741521
741602
742222
742456
742547
742879
743126
743234
743333
743753
743886
743976
744081
744102
744109
744410
744690
744691
744854
745006
745147
745255
745279
745311
745368
746127
746169
746239
746509
747014
747136
747471
747857
747859
747945
748563
748889
749099
749291
749423
749707
749758
750809
750963
751084
751207
751412
751527
751608
751640
751710
751814
751844
752004
752185
752303
752317
752541
752703
753345
753534
753552
753563
753632
753845
753968
754508
754659
754813
754968
755545
755639
755697
755870
756146
756524
756738
756779
756906
756991
757065
757070
757071
757234
757467
757501
757606
757611
757669
757818
758151
758910
758947
759283
759358
759446
759456
759696
759714
759760
760323
760373
760553
760778
760804
761062
761111
761137
761160
761186
761348
761374
761531
761622
761923
762122
762512
762652
762719
762899
763198
765253
765319
765729
765733
765838
766050
766201
766237
767020
767207
767473
767511
767549
767674
768408
768565
768649
768670
768677
768705
768720
769053
769126
769911
770248
770783
771150
771361
771458
771551
771690
772768
772995
773061
773156
773784
773891
773891
773898
774002
774502
774572
774902
774982
775064
775222
775360
775589
775674
775756
775965
776041
776138
776541
777098
777309
777376
777677
777989
778219
778276
778520
779371
779619
779702
780411
780829
780881
780895
781020
781424
781444
781484
781529
781577
781972
782106
782541
782711
782744
782855
783141
783298
783909
784204
784445
784497
785190
785801
786463
786561
786638
787366
787460
787590
787655
787861
787913
787932
787969
788253
788328
788454
788583
788670
788698
788704
789023
789374
789817
789925
789972
790085
790114
790174
790322
790658
790732
791197
791281
791422
792209
792309
792447
792810
792954
792966
792967
793393
793445
793463
793794
794089
794295
794346
794708
794808
794876
795371
795892
795933
796149
796197
796258
796286
796323
796786
797020
797315
797506
798621
798667
798951
799016
799020
799114
799349
799388
799461
799492
799516
799903
799946
799967
800010
800524
800527
800642
800763
800863
801094
801157
801167
801275
801324
801549
801725
802349
802748
802928
802934
803159
803767
803810
803869
803895
803900
803938
803955
804024
804036
804129
804340
804421
804736
804774
804785
804879
805197
805303
805362
805372
805374
805673
805731
805780
805889
805957
806227
806249
806262
806357
806522
806541
806829
807020
807086
807344
807544
807658
807764
808089
808677
808957
808962
809014
809158
809171
809323
809500
809512
809515
809845
810689
810877
810941
811002
811131
811230
811427
811889
812280
812581
813080
813304
813306
813331
813405
813532
813632
813674
813762
813903
813915
814016
814110
814344
814551
815370
815376
815387
815638
815661
815959
815995
816014
816384
816611
816925
816929
817052
817204
817306
817531
817597
817700
817760
818233
818409
818617
818775
818938
819089
819252
819454
819520
819984
820188
820265
820319
820378
820764
821105
821464
821564
821616
821795
821883
822001
822011
822275
822557
822802
822922
823959
824028
824148
824230
824417
824907
825248
825365
825520
825670
826163
826563
826608
827054
827065
827612
827857
828130
828241
828471
828768
828877
828997
828999
829084
829149
829342
829418
829491
829529
829531
829718
829768
830055
830272
830304
830367
830392
830414
830566
830695
830778
830809
830876
830901
831489
831512
831840
832007
832048
832198
832233
832553
832686
832730
833162
833525
833587
833640
833719
833739
833772
834037
834240
834909
835028
835225
835399
835574
835746
835944
836065
836289
836389
836923
837102
837237
837277
837381
837485
837563
837857
838013
838064
838651
838835
839099
839107
839616
839718
839808
839852
840139
840216
840572
841039
841284
841369
841388
841714
841801
841838
841993
842091
842211
842468
842615
842639
842740
842924
843044
843210
843797
844016
844187
844296
844320
844547
844784
844836
844854
845117
845149
845349
845797
845884
846013
846138
846350
846429
846596
846956
847200
847454
847508
847739
847749
848008
848038
848501
848580
848796
848994
848998
849091
849523
849534
849972
850002
850019
850197
850211
850588
850778
850991
851191
851563
851582
851710
851829
851854
852574
852681
853059
853120
853970
854008
854334
854408
854599
854728
854816
855271
855370
855372
855576
855685
855994
856127
856586
856635
856648
856678
856798
856964
857095
857149
857330
857510
857689
858344
858381
858579
858823
859214
859467
859526
859532
859911
860140
860165
860208
860237
860373
860405
860536
861148
861219
861458
861704
861975
862394
862394
862933
862983
863005
863723
863724
863764
863788
863870
864305
864359
864398
865105
865145
865347
865379
865544
865555
866065
866096
866353
866816
866823
866865
866976
867058
867785
867897
868158
868303
868820
868820
868877
868881
869148
869314
869586
869590
869616
869935
870239
870505
870578
870579
870646
870708
871537
871847
871929
872381
872414
872513
872534
872912
873045
873212
873378
873520
873737
873843
874107
874165
874515
874922
875135
875302
876047
876064
876203
876387
876722
877025
877049
877217
877266
877477
877559
877598
877810
878211
878365
878396
878738
879082
879143
879462
879538
879555
879737
880057
880456
880514
881073
881345
881788
881836
881870
882240
882313
882378
882478
882558
882634
882723
882764
883836
883897
884099
884260
884310
884482
884507
884807
885238
885303
885308
885372
885384
886242
886694
886739
886845
887000
887027
887486
887713
887899
887977
888087
888258
888617
889050
889081
889174
889179
889422
889622
889664
889974
890222
890430
890725
890728
890939
891616
891719
891785
891841
891959
892247
893049
893164
893310
893344
893399
893487
893732
893815
894163
894489
894601
894636
894898
894918
895030
895078
895831
895999
896433
896695
896860
897008
897171
897506
898103
898138
898333
899183
899377
899570
899832
899840
899843
899922
899988
901025
901228
901532
901539
901723
901784
901937
902775
902982
903068
903242
903296
903465
903940
904143
904338
904425
905072
905936
906065
906381
906427
906682
907078
907160
907256
907649
907753
907944
908478
908687
908714
908891
908980
909456
909464
910046
910165
910524
910642
910688
910940
910946
911138
911536
911870
912051
912100
912285
912586
912838
913132
913153
913249
913823
913894
914104
914745
915497
915595
915936
916582
916624
916901
916970
917442
917475
917505
917553
917692
917893
918144
918726
918758
918773
919512
919714
919800
919833
919896
920055
920260
920806
920858
921462
921670
921697
922007
922072
922178
922524
922774
922933
923415
923570
923665
924323
924358
924465
924762
924784
924800
924849
925180
925320
925735
926127
926163
926380
926432
926443
926867
926920
926965
927357
927388
927478
927755
927796
928066
928239
928308
929107
929139
929468
929803
929824
929836
930547
930640
930731
930780
930883
930957
931126
931257
931380
931449
932608
932930
933322
933328
933588
933635
933665
933763
933884
933916
933960
934217
934308
934343
934468
934478
934616
934637
934687
934769
934919
935166
935244
935458
935563
936022
936328
936746
936866
937195
937523
937638
938213
938341
938528
938637
938775
938996
939082
939286
939554
939681
940590
940688
940699
940902
940907
941312
941380
941456
941614
941756
942121
942161
942192
942293
942517
942886
943021
943140
943225
943342
943429
943772
943981
944035
944372
944470
944779
945105
945978
946248
946781
947510
947612
947789
947862
947912
947916
947953
947956
948327
948332
949095
949101
949160
949277
949545
949564
949886
950014
950082
950428
950429
950750
950995
951011
951109
951254
951738
952407
952871
953044
953176
953295
953385
953498
953740
953816
954186
954332
954343
954739
954783
954798
955008
955048
955176
955367
955580
955742
956781
956796
957054
957083
957874
958002
958060
958474
958484
959944
959966
960105
960154
960186
960235
960539
960759
960866
960880
960927
961155
961279
961377
961430
962085
962183
962517
962676
962994
963636
963822
963939
964101
964513
964741
964835
965015
966077
966314
966558
966686
966835
967233
967350
967484
967728
968330
968626
969007
969039
969475
969888
969978
970684
970795
970966
971009
971010
971388
971584
971673
971900
971920
971923
972062
972321
972826
973310
974071
974096
974289
974296
974534
974544
974645
974823
975285
975575
975695
975742
976517
976653
977135
977234
977437
977608
977749
977780
977889
978260
978332
978455
978669
978715
978786
978899
979008
979085
979241
979347
979519
979822
979993
980054
980055
980104
981006
981164
981613
981622
981895
982041
982563
983027
983115
983308
983341
983615
983723
983904
984280
984580
984667
984813
984875
984899
985085
985087
985106
985190
985236
985421
985680
985746
985914
986077
986273
986369
986390
986392
987093
987526
987893
987910
988191
988367
988404
988639
988730
988734
988930
989184
989253
989489
989496
989548
989700
990303
990454
990651
990849
990930
991100
991328
991372
991550
991658
991772
992000
992005
992027
992077
992130
992591
992839
992961
993271
993520
993591
993735
994031
994078
994169
994742
994750
994757
995304
995363
995423
995526
995614
995673
995993
996291
996629
996837
996931
996936
997072
997190
997918
998004
998078
998087
998099
998234
998933
999017
999299
1000425
1000452
1000486
1000750
1001081
1001504
1001699
1002152
1002153
1002242
1002393
1002790
1003205
1003218
1003563
1003567
1003585
1003738
1003773
1004062
1004710
1004810
1004862
1005463
1005851
1006037
1006085
1006133
1006389
1006412
1006812
1006854
1007048
1007064
1007141
1007342
1008159
1008273
1008339
1008404
1008449
1008543
1008560
1008562
1008678
1008870
1009194
1009203
1009608
1009873
1009908
1009917
1009981
1010286
1010318
1010430
1010610
1011155
1011778
1012007
1012471
1012848
1012983
1012992
1013122
1013303
1013452
1013465
1013589
1013866
1014018
1014222
1014281
1014283
1014290
1014374
1014680
1015339
1015452
1015577
1015780
1016162
1016911
1016980
1017048
1017295
1017381
1017461
1017500
1017549
1017684
1018126
1018358
1018416
1018449
1018576
1018604
1018684
1018857
1018923
1019779
1020054
1020235
1020375
1020624
1020851
1021077
1021140
1021148
1021350
1021602
1021658
1021935
1022319
1022540
1022829
1022989
1023063
1023348
1023719
1023743
1023785
1023891
1023908
1024791
1024934
1024969
1025057
1025127
1025231
1025250
1025411
1025427
1025665
1026197
1026439
1026505
1027259
1027393
1027618
1027622
1027691
1027896
1028307
1028494
1028566
1028779
1029106
1029484
1029665
1029730
1030232
1030451
1030502
1031234
1031252
1031732
1031842
1031944
1032301
1032367
1032426
1032698
1032760
1033375
1033470
1033485
1033775
1034024
1034121
1034274
1034587
1034621
1034844
1034889
1035121
1035294
1035443
1035501
1035831
1035855
1036097
1036101
1036534
1036683
1036730
1037276
1037346
1037413
1037753
1037920
1038053
1038089
1038198
1038400
1038460
1038505
1038758
1038995
1039180
1039266
1039353
1039970
1040215
1040623
1040776
1041193
1041266
1041431
1041435
1041451
1041545
1042131
1042151
1042225
1042570
1042657
1042841
1043564
1043568
1043585
1044053
1044076
1044111
1044442
1045090
1045879
1045900
1045992
1045994
1046180
1046361
1046478
1046593
1046603
1047132
1047247
1047252
1047743
1047760
1047803
1047825
1047862
1047929
1048001
1048039
1048084
1048158
1048173
1048661
1048723
1049086
1049163
1049280
1049306
1049448
1049538
1049576
1049810
1050130
1050134
1050438
1050850
1051161
1051263
1051362
1051551
1051702
1051750
1051788
1051943
1052075
1052082
1052201
1052326
1052443
1052846
1053088
1053136
1053234
1053705
1054025
1054244
1054686
1054801
1055105
1055210
1055277
1055315
1055325
1055747
1055851
1056016
1056128
1056234
1056279
1056831
1056963
1057180
1057753
1057842
1057896
1058186
1058215
1058343
1058369
1058417
1058538
1058621
1058836
1059055
1059133
1059566
1060317
1061345
1061680
1061971
1062213
1062317
1062325
1062395
1062778
1062872
1062886
1063005
1063076
1063273
1063468
1063575
1063824
1063876
1063997
1064017
1064267
1064370
1064446
1064724
1065685
1065708
1065809
1065822
1065927
1066033
1066190
1066436
1066800
1066843
1067056
1067437
1067480
1067535
1067669
1067798
1068435
1068594
1068668
1068681
1068740
1068941
1069374
1069417
1069799
1069857
1070132
1070401
1070417
1070860
1071123
1071729
1072349
1072446
1072490
1072973
1073127
1073148
1073267
1073376
1073537
1073671
1074011
1074175
1074189
1074246
1074390
1074631
1075426
1075664
1075982
1076138
1076493
1076564
1076758
1077287
1077410
1077516
1077898
1077951
1078062
1078159
1078307
1078360
1078411
1078588
1078773
1078871
1078891
1079615
1079653
1079728
1079823
1079932
1079962
1080002
1080152
1080403
1080508
1080610
1080843
1080927
1081689
1081710
1081846
1081899
1081951
1081989
1082138
1082172
1083045
1083185
1083241
1083260
1083377
1083706
1084056
1084395
1084522
1085111
1085243
1085266
1085319
1085792
1086350
1086463
1086484
1086553
1086648
1086800
1087287
1087325
1087329
1087522
1087622
1087717
1087735
1088036
1088067
1088229
1088481
1088544
1088870
1088982
1089009
1089523
1089553
1089766
1090014
1090313
1090394
1090542
1090584
1090696
1090754
1091052
1091121
1091141
1091370
1091707
1091725
1092320
1092539
1093124
1093878
1094289
1094811
1094923
1095196
1095276
1095363
1095623
1095819
1095830
1095950
1095965
1095976
1096512
1097288
1097304
1097420
1097998
1098446
1098538
1098594
1098958
1099372
1099405
1099436
1099483
1099558
1099633
1099712
1100013
1100513
1100838
1100917
1100973
1101082
1101096
1101527
1101829
1102093
1102153
1102172
1102269
1103203
1103272
1103598
1103683
1103901
1104114
1104439
1104570
1104719
1104827
1104897
1105319
1105390
1105476
1105508
1105607
1105755
1105975
1105980
1106545
1106607
1106630
1107092
1107288
1107577
1107841
1107855
1107880
1108034
1108121
1108156
1108804
1108829
1108841
1109163
1110045
1110173
1110330
1110561
1110664
1110832
1110873
1110962
1111073
1111253
1111290
1111393
1111394
1111567
1111806
1112046
1112055
1112712
1112938
1112967
1113131
1113155
1113244
1113505
1113607
1113749
1113752
1113842
1114031
1114046
1114069
1114411
1114637
1114937
1115137
1116243
1116337
1116596
1116633
1116856
1116993
1117275
1117569
1117649
1117732
1117821
1117844
1117964
1118585
1118644
1118734
1118841
1119127
1119283
1119662
1119889
1119947
1120340
1120522
1120571
1120968
1121179
1121261
1121449
1121581
1121612
1121888
1122472
1122901
1123063
1123426
1123451
1123571
1123959
1124443
1124563
1124616
1124677
1124830
1124845
1124918
1125083
1125102
1125433
1125562
1125739
1126037
1126525
1126676
1126815
1127553
1127712
1127903
1128063
1128247
1128292
1128336
1128974
1129095
1129680
1129940
1130374
1130387
1130856
1130970
1131049
1131078
1131284
1131304
1131373
1131418
1131519
1131576
1131845
1132067
1132345
1132583
1132601
1132900
1132963
1133729
1133803
1133987
1134344
1134398
1134428
1135019
1135094
1135097
1135632
1135761
1135809
1136114
1136207
1136509
1136834
1136968
1137108
1137413
1137472
1137611
1137752
1137796
1138298
1138673
1138761
1139006
1139114
1139186
1139193
1139262
1139481
1139765
1139800
1139813
1139885
1140096
1140193
1140343
1140389
1140584
1140729
1140751
1140799
1140834
1140943
1141126
1141138
1141391
1142007
1142161
1142222
1142323
1142503
1142517
1143610
1143741
1143751
1143922
1144300
1144306
1144327
1144599
1144655
1144682
1144937
1145373
1145453
1145454
1145455
1145476
1145514
1145523
1145687
1145792
1146234
1146384
1146410
1146490
1146653
1146766
1146806
1147236
1147473
1147601
1147796
1148551
1148754
1148969
1149473
1149762
1149800
1150105
1150286
1150578
1150826
1151083
1151095
1151325
1151368
1151760
1152070
1152550
1153169
1153296
1153493
1153901
1154209
1154254
1154502
1154756
1154766
1155094
1155198
1155293
1155413
1155502
1155674
1155724
1155896
1156312
1156347
1156404
1157113
1157179
1157390
1157540
1158022
1158198
1158276
1158373
1158382
1158520
1158787
1159278
1159434
1159697
1160112
1160263
1160427
1160689
1160861
1161006
1161351
1161462
1161560
1161821
1162240
1162357
1162577
1162665
1162880
1162930
1163120
1163170
1163278
1163294
1164051
1164086
1164126
1164416
1164417
1164487
1164864
1164866
1165105
1165230
1165354
1165490
1165531
1165644
1165679
1165784
1165914
1165979
1166236
1166323
1166477
1166559
1166870
1167180
1167189
1167247
1167302
1167464
1167572
1167575
1167686
1167995
1168032
1168063
1168068
1168257
1168400
1168733
1168753
1168921
1169001
1169074
1169160
1169291
1169309
1169322
1169419
1169530
1169593
1170249
1170656
1171133
1171436
1171531
1171780
1172218
1172557
1172766
1172985
1173065
1173359
1173364
1173472
1173490
1173724
1173885
1173930
1174012
1174047
1174071
1174236
1174262
1174459
1174715
1174990
1175077
1175189
1175436
1175893
1176201
1176308
1176831
1176836
1176885
1177672
1178106
1178136
1178352
1178456
1178526
1178631
1178688
1178927
1179646
1179767
1180233
1180239
1181003
1181193
1181383
1181642
1181717
1182112
1182188
1182301
1182365
1182488
1182510
1182900
1183072
1183074
1183108
1183777
1184074
1184117
1184303
1184821
1184840
1184844
1185055
1185328
1185540
1186010
1186205
1186247
1186408
1186617
1187292
1187550
1187657
1187864
1188013
1188027
1188123
1188169
1189396
1189638
1189688
1189872
1189988
1190078
1190255
1190823
1190857
1191021
1191109
1191114
1191219
1191231
1191422
1191606
1191630
1192862
1193055
1193514
1193622
1193680
1193790
1194378
1194389
1195238
1195252
1195322
1196021
1196447
1196453
1197065
1197124
1197521
1197729
1198004
1198116
1198362
1198394
1198894
1199033
1199141
1199245
1199340
1199369
1199642
1199832
1200123
1200642
1200667
1200762
1200858
1201268
1201330
1201372
1201399
1201664
1201885
1201913
1202013
1202063
1202088
1202392
1202410
1203240
1203323
1203478
1203499
1203756
1203763
1204377
1204438
1205025
1205550
1205610
1205733
1206254
1206563
1206590
1206594
1206759
1207275
1207324
1207920
1208410
1208412
1208588
1208834
1208927
1209159
1209489
1209654
1209771
1209784
1209799
1209938
1210205
1210258
1210331
1210337
1210353
1210502
1210565
1210585
1210737
1210825
1211241
1211425
1211434
1211825
1211884
1211929
1212023
1212188
1212517
1212713
1212992
1213831
1213916
1214407
1214824
1214870
1215178
1215362
1216251
1216677
1216798
1216806
1217055
1217071
1217141
1217346
1217419
1217571
1217694
1217820
1218005
1218091
1218118
1218513
1218684
1218858
1219171
1219362
1219393
1219633
1219640
1219643
1219644
1219973
1220276
1220392
1220509
1220917
1220996
1221497
1221550
1221615
1221682
1221773
1221892
1222159
1222451
1222624
1223210
1223240
1223413
1223613
1223722
1224028
1224164
1224165
1224338
1224650
1224693
1224896
1225136
1225660
1225769
1225809
1225960
1226060
1226318
1226537
1226903
1227089
1227306
1227425
1227698
1227879
1228445
1228507
1228705
1228717
1229720
1229763
1230139
1230404
1230650
1230673
1230691
1230745
1231016
1231021
1231159
1231702
1231776
1231880
1232174
1232345
1232544
1232754
1233071
1233088
1233143
1233530
1233997
1234050
1234597
1235024
1235369
1236761
1236832
1236951
1237083
1237096
1237953
1238451
1238539
1238688
1238851
1239211
1239502
1239782
1239854
1239926
1240042
1240087
1240527
1240573
1240845
1241416
1241496
1241552
1241670
1242095
1242324
1242549
1242643
1243210
1243277
1243545
1243668
1243696
1243760
1244175
1244227
1244516
1244931
1245079
1245140
1246205
1246451
1246827
1247120
1247133
1247569
1247677
1247949
1248042
1248781
1248966
1249129
1249138
1250121
1250241
1250356
1250409
1250415
1250610
1250946
1251024
1251413
1251463
1251666
1252041
1252140
1252328
1253297
1253321
1253531
1253591
1253634
1253941
1253990
1254065
1254102
1254499
1254735
1255043
1255089
1255205
1255412
1255746
1255802
1255812
1255934
1255969
1255982
1256089
1256276
1256438
1256612
1256677
1256951
1257154
1257735
1257788
1258048
1258062
1258139
1258514
1258545
1259394
1259478
1259524
1259571
1260396
1260707
1260908
1261002
1261027
1261202
1261438
1261457
1261951
1262774
1262961
1263436
1263451
1263735
1263879
1263953
1264053
1264159
1264611
1264774
1264820
1265283
1265426
1265640
1265915
1265958
1266538
1266613
1266813
1266825
1266877
1266957
1267442
1267522
1267694
1268444
1268506
1268542
1268852
1268869
1269267
1269340
1269503
1269620
1269726
1269776
1269913
1270447
1270621
1270767
1270966
1271059
1271152
1271595
1271668
1271813
1271948
1272225
1272419
1272443
1272474
1272574
1272577
1273015
1273261
1273498
1273718
1274000
1274065
1274141
1274166
1274455
1274883
1274912
1274965
1275070
1275322
1275496
1275711
1275819
1275928
1276222
1277661
1278053
1278087
1278147
1278206
1278245
1278430
1278494
1278825
1279216
1279387
1279485
1279582
1279672
1279764
1280030
1280053
1280295
1280425
1280705
1280871
1280962
1281081
1281259
1281436
1282139
1282188
1282440
1282475
1282524
1283075
1283198
1283468
1284304
1284359
1284743
1284946
1285156
1285280
1285623
1285765
1285891
1286005
1286481
1286487
1286656
1286937
1287092
1287687
1287708
1288112
1288444
1288767
1289006
1289147
1289454
1289573
1289584
1289649
1289802
1289918
1290070
1290138
1290187
1290320
1290573
1290720
1290887
1291287
1291301
1291391
1291866
1291888
1291953
1292087
1292443
1292454
1292579
1292742
1292793
1292807
1292869
1292973
1293203
1294092
1294378
1294587
1294744
1294766
1294807
1295070
1295209
1295470
1295929
1295958
1296150
1296187
1296312
1296314
1296500
1296628
1296697
1296722
1296891
1297026
1297169
1297432
1297474
1297558
1297719
1297919
1298318
1298369
1298559
1299350
1299419
1299468
1299522
1299611
1299681
1299740
1299844
1299912
1299951
1300046
1300050
1300376
1300706
1300718
1300855
1301587
1301722
1301789
1301966
1302380
1302411
1302625
1302880
1302911
1302943
1303023
1303505
1303517
1303591
1303903
1304082
1304220
1304238
1304497
1304902
1304947
1305035
1305358
1305495
1305550
1305712
1305806
1306058
1306094
1306500
1306584
1307170
1307361
1307608
1307735
1307893
1308269
1308270
1308521
1308570
1309287
1309295
1309552
1309641
1309645
1309965
1310186
1310196
1310219
1310419
1310770
1311018
1311077
1311775
1312036
1312108
1312176
1312406
1312467
1312479
1312520
1312540
1312706
1313083
1313531
1313874
1313883
1314180
1314223
1314285
1314350
1314781
1314823
1314926
1314996
1315143
1315757
1316210
1316285
1316342
1316541
1316585
1316723
1317139
1317149
1317750
1318278
1318444
1318734
1319483
1319533
1319550
1319637
1319651
1319821
1319835
1319835
1319958
1320071
1320085
1320118
1320207
1320216
1320671
1320868
1320937
1320979
1320987
1321343
1321540
1321605
1321618
1322715
1322814
1322844
1322966
1323382
1323470
1323885
1323980
1324138
1324878
1324900
1324941
1324977
1325246
1325301
1325485
1325565
1326018
1326049
1326305
1326586
1326599
1326613
1326670
1326918
1327033
1327165
1327195
1327393
1327829
1327984
1327986
1328553
1328627
1328715
1328832
1328934
1329178
1329935
1330142
1330339
1330605
1330644
1330830
1330893
1330907
1331485
1331555
1331682
1331927
1332064
1332409
1332877
1332934
1332965
1333009
1333126
1333145
1333327
1334392
1334409
1334410
1334495
1334899
1335320
1335338
1335534
1335757
1336046
1336473
1336916
1336944
1337272
1337349
1337734
1337939
1338004
1338375
1338603
1339010
1339150
1339227
1339294
1339382
1339460
1339664
1339832
1339908
1340045
1340112
1340708
1340782
1340956
1341311
1341383
1341479
1341749
1341959
1341982
1342076
1342211
1342344
1342398
1343011
1343100
1343137
1343378
1343400
1343420
1343636
1343789
1343809
1343880
1343949
1344535
1344627
1344733
1344781
1344802
1344912
1345135
1345289
1345437
1345567
1345626
1345899
1346028
1346590
1346923
1347074
1347150
1347344
1348078
1348237
1348275
1349203
1349246
1349321
1349324
1349520
1349588
1350022
1350352
1350926
1351896
1351938
1352062
1352131
1352160
1352514
1352567
1352893
1353106
1353323
1354277
1354382
1354444
1354720
1355151
1355517
1355520
1355543
1355808
1355874
1356466
1356541
1356897
1357727
1358190
1358361
1358403
1358778
1359148
1359171
1359234
1359272
1359296
1359338
1359439
1359439
1359976
1360347
1360484
1361357
1361517
1361611
1361772
1361779
1362165
1362661
1363104
1363172
1363641
1363900
1364322
1365021
1365093
1365308
1365808
1366880
1366947
1367040
1367310
1368608
1368880
1369229
1369234
1370321
1371085
1371245
1371327
1371406
1371676
1371677
1371729
1371905
1372346
1372612
1372818
1373284
1373637
1374316
1374756
1375332
1375532
1375558
1375764
1376041
1376186
1376466
1376731
1377029
1377515
1377745
1377973
1378192
1378397
1378603
1378947
1379258
1379571
1379623
1379697
1379953
1380193
1380341
1380505
1380523
1381239
1381629
1381642
1381723
1381906
1382357
1382492
1382782
1382825
1383044
1383147
1383611
1383674
1384579
1384584
1385019
1385268
1385401
1385419
1385469
1386295
1386699
1386864
1386944
1387054
1387226
1387250
1387604
1387807
1387879
1387937
1387948
1387968
1388317
1388365
1388472
1388796
1389079
1389720
1389767
1390085
1390904
1391048
1391690
1391829
1391923
1392089
1392110
1392399
1392877
1392896
1393077
1393190
1393487
1393522
1393907
1394223
1394751
1394781
1394812
1394843
1395190
1395322
1395547
1396111
1396139
1396157
1396307
1396420
1396740
1396910
1397466
1397508
1397581
1397585
1397795
1398024
1398029
1398052
1398753
1398800
1398933
1398969
1399051
1399390
1399453
1399507
1399867
1400444
1400517
1400578
1401100
1401164
1401250
1401466
1401469
1401571
1401609
1401769
1401880
1402244
1402312
1402395
1402537
1402724
1402879
1402949
1402959
1403225
1403815
1403897
1404742
1405247
1405410
1405469
1405753
1406102
1406165
1406192
1406681
1406710
1406879
1407395
1407486
1407977
1408314
1408561
1408606
1408757
1408886
1409028
1409063
1409138
1409160
1409884
1410115
1410263
1410479
1410641
1410786
1410976
1410990
1411064
1411234
1411317
1411445
1411811
1412066
1412194
1412330
1412533
1412932
1413228
1413548
1414266
1414367
1415108
1415239
1415431
1415465
1415548
1415585
1415808
1415875
1416292
1416796
1417263
1417600
1418022
1418294
1418301
1418347
1418899
1419587
1419717
1419917
1419944
1420105
1420109
1420174
1420415
1420487
1420690
1421119
1421291
1421319
1421356
1421446
1421486
1421691
1421788
1421845
1421989
1422221
1422545
1422582
1422936
1422947
1423491
1423540
1423559
1423769
1423795
1423850
1423853
1424134
1424386
1424394
1424528
1424595
1424694
1425839
1426193
1426210
1426356
1426474
1426518
1426586
1426700
1426730
1426738
1426894
1427214
1427293
1427524
1427658
1427839
1428027
1428052
1428444
1429004
1429056
1429124
1429170
1429295
1429322
1430054
1430327
1430417
1430601
1430724
1430805
1431102
1431391
1431531
1432068
1432145
1432148
1432193
1432699
1432953
1433085
1433358
1433529
1433589
1433710
1434078
1434092
1434107
1434290
1434374
1434416
1434639
1434938
1435370
1435454
1435818
1436203
1436822
1436859
1436889
1437070
1437228
1437473
1437622
1437774
1437900
1437940
1438165
1438374
1438517
1438758
1438926
1438930
1439018
1439227
1439295
1439670
1439749
1439818
1440096
1440128
1440236
1440620
1440745
1440960
1441084
1441111
1441118
1441147
1441439
1441705
1441721
1441722
1441840
1441990
1442090
1442179
1442369
1442775
1443673
1444277
1445438
1445857
1445940
1446066
1446195
1446290
1446628
1446857
1446922
1446948
1447150
1447389
1447651
1447700
1447871
1448116
1448817
1449196
1449415
1449541
1449588
1449770
1449857
1450095
1450102
1450173
1450578
1450606
1450840
1450919
1450922
1451107
1451113
1451141
1451150
1451571
1451692
1451837
1451906
1452224
1452247
1452471
1452575
1452796
1453039
1453581
1454211
1454602
1454694
1454771
1454797
1454803
1454911
1455103
1455449
1455674
1456160
1456194
1456234
1457026
1457057
1457481
1458040
1458071
1458109
1458232
1458468
1458506
1458562
1458617
1458846
1459118
1459223
1459328
1459409
1459768
1459822
1460445
1460778
1460803
1460871
1460932
1461043
1461082
1461099
1461227
1461496
1462182
1462279
1462647
1462697
1462698
1462728
1462762
1462788
1463106
1463242
1463312
1463339
1463472
1463520
1464070
1464240
1464577
1464623
1464717
1465215
1465534
1465572
1465865
1466123
1466416
1466487
1466681
1466926
1468260
1468341
1468515
1468626
1468956
1469021
1469353
1469512
1470443
1470521
1470637
1470679
1470723
1471080
1471102
1471201
1471507
1471522
1471528
1471853
1471932
1472032
1472044
1472479
1472953
1473290
1473311
1473409
1473533
1473697
1473810
1474031
1474311
1474490
1474638
1474840
1475008
1475159
1475197
1475390
1475434
1475512
1475566
1476126
1476694
1476716
1476797
1476841
1477320
1477510
1477869
1478114
1478260
1478406
1478861
1478905
1478936
1479045
1479195
1479398
1479460
1479702
1480044
1480078
1480094
1480148
1481328
1481375
1481506
1481597
1481759
1482228
1482439
1482525
1482612
1482667
1483015
1483099
1483126
1483386
1483388
1483473
1483624
1483724
1483920
1484007
1484227
1484242
1484302
1484387
1484399
1484748
1484921
1485017
1485179
1485482
1485546
1485609
1486761
1486858
1487087
1487185
1487437
1487547
1487678
1487759
1488291
1488399
1488481
1488550
1488669
1489221
1489254
1489261
1489447
1491266
1491327
1491483
1491530
1491933
1492232
1492344
1492611
1492619
1492785
1492793
1493063
1493091
1493227
1493534
1493832
1493945
1494157
1494927
1495136
1495151
1495388
1495446
1495725
1495812
1495844
1496352
1496603
1496835
1496968
1497316
1497474
1497641
1497704
1497885
1497980
1498008
1498019
1498248
1498290
1498484
1498650
1498864
1499259
1499295
1499499
1499530
1500072
1500564
1500785
1500974
1501449
1501471
1501581
1502264
1502605
1503051
1503397
1503619
1503769
1504424
1504638
1505066
1505129
1505157
1505340
1505588
1505808
1505874
1506085
1506607
1506766
1506767
1507102
1507241
1507548
1507734
1508052
1508385
1508396
1508425
1508439
1508531
1508712
1508806
1509216
1509353
1510125
1510349
1510523
1510601
1510926
1510989
1511264
1511457
1511517
1511534
1511650
1511896
1511955
1512076
1512212
1512454
1513004
1513014
1513312
1513483
1513586
1513782
1513916
1514061
1514061
1514183
1514192
1514521
1514588
1514750
1514763
1515211
1515252
1515286
1515291
1515382
1515613
1515781
1516472
1516699
1516704
1516758
1516890
1517045
1517168
1517311
1517591
1517844
1518131
1518399
1518516
1518570
1518856
1519156
1519218
1519362
1519483
1520033
1520246
1520443
1520520
1520536
1520744
1520759
1521022
1521043
1521327
1521757
1521824
1522000
1522065
1522076
1522273
1522562
1522733
1522890
1522940
1522989
1523202
1523384
1523865
1524172
1524318
1524333
1524371
1524567
1525463
1525661
1526143
1526200
1526228
1526385
1526640
1526673
1526689
1526769
1526946
1527093
1527536
1527579
1527691
1527743
1527817
1527866
1528089
1528299
1528371
1528503
1528621
1528921
1528989
1529266
1529275
1529370
1529946
1530266
1530672
1530702
1530988
1531199
1531266
1531282
1531306
1531804
1531976
1532004
1532199
1532308
1532411
1532935
1533169
1533639
1534055
1534276
1534655
1535348
1535349
1535528
1535837
1535891
1536076
1536317
1536354
1536618
1536659
1536740
1536773
1536873
1537065
1537328
1537658
1537735
1538092
1538174
1538223
1538393
1538416
1538471
1538492
1538564
1538624
1538734
1538762
1538874
1538901
1538922
1539117
1539178
1539409
1539579
1539633
1539685
1539700
1539873
1540214
1540221
1540440
1540522
1540586
1540766
1540922
1541080
1541115
1541721
1541947
1542329
1542364
1542575
1542688
1542977
1543203
1543409
1543463
1543498
1543558
1543921
1544042
1544078
1544277
1544710
1544767
1544929
1545114
1545641
1545673
1545714
1547035
1547238
1548115
1548328
1548453
1548491
1548986
1549164
1549188
1549322
1549434
1549450
1549678
1549885
1549995
1550120
1550185
1550211
1550543
1550842
1550974
1551105
1551327
1551342
1551648
1551676
1551737
1552016
1552067
1552459
1552524
1552633
1552658
1552718
1553008
1553208
1553491
1553708
1554058
1554194
1554407
1554630
1554840
1554904
1555035
1555048
1555562
1556401
1556468
1556499
1556744
1557262
1557566
1557667
1557745
1557822
1558539
1558626
1558679
1558775
1559286
1559327
1559392
1559688
1559709
1559768
1560398
1560504
1560712
1560733
1560861
1560890
1560944
1561284
1561354
1561377
1561416
1561488
1561681
1561957
1562223
1563297
1563443
1563636
1563745
1563941
1564263
1564344
1564488
1564568
1564687
1565189
1565408
1565523
1565865
1565966
1566290
1566305
1566835
1566868
1567395
1567410
1567564
1567565
1568402
1568665
1568890
1568950
1569127
1569251
1569496
1569597
1569691
1570099
1570348
1570358
1570406
1570573
1570726
1570865
1571187
1571570
1571927
1571995
1572357
1572377
1572549
1572657
1572800
1572965
1573053
1573306
1574054
1574292
1574409
1574479
1574517
1574793
1574848
1574990
1575063
1575108
1575331
1575372
1575439
1575481
1575515
1575752
1575821
1575893
1575909
1576650
1576739
1577111
1577294
1577383
1577560
1577745
1578711
1578872
1579101
1579183
1579206
1579281
1579439
1579750
1579787
1579930
1580069
1580096
1580460
1580575
1580690
1580735
1580902
1580961
1581729
1582247
1582331
1582425
1583243
1583497
1583681
1583774
1583928
1583974
1584124
1584726
1584792
1584822
1584976
1585041
1585083
1585383
1585394
1585439
1585665
1585670
1585893
1587734
1587885
1587935
1588054
1588237
1588407
1588422
1588662
1588685
1589014
1589016
1589129
1589410
1589864
1589877
1589966
1590005
1590183
1590591
1590597
1590665
1591055
1591111
1591186
1591271
1591321
1591433
1591567
1591727
1591934
1592253
1592655
1592668
1592735
1593806
1593989
1594350
1594551
1594768
1594770
1595206
1595283
1595389
1595675
1595750
1596285
1596466
1596493
1596742
1596814
1596870
1597318
1598038
1598136
1598143
1598296
1598351
1598555
1598735
1598755
1598761
1598783
1598791
1598798
1598990
1599181
1599235
1599346
1599493
1599625
1599658
1599923
1600432
1600475
1600601
1600641
1600745
1600964
1601152
1601199
1601233
1601679
1601767
1601844
1602086
1602765
1602885
1603164
1603165
1603255
1603719
1603805
1603870
1603906
1604380
1604439
1604688
1604824
1604930
1605209
1605607
1605834
1606258
1606622
1606843
1607179
1607275
1607280
1607363
1607477
1607637
1608478
1608510
1608631
1608952
1609417
1609469
1609585
1609620
1609696
1609930
1610135
1610177
1610289
1610490
1610522
1610535
1610805
1611114
1611264
1611331
1611690
1612042
1612381
1612413
1612622
1612634
1612779
1612853
1612922
1613134
1613433
1614065
1614191
1614275
1614389
1614432
1614805
1614968
1615245
1615358
1615527
1615724
1615813
1616230
1616598
1616826
1617122
1617156
1617291
1617337
1617603
1617783
1617898
1618206
1618308
1618620
1618658
1619009
1619167
1619529
1619744
1619791
1620312
1620706
1620884
1621133
1621255
1621717
1621722
1621899
1622180
1622254
1622262
1622458
1623023
1623152
1623327
1623333
1624569
1624853
1625180
1625516
1626304
1626305
1626307
1626613
1626729
1627078
1627158
1627277
1627320
1627512
1627587
1628091
1628125
1628666
1628874
1628905
1629306
1629676
1630167
1630263
1630644
1630671
1630986
1631010
1631249
1631295
1631312
1631685
1631769
1631794
1631801
1631835
1632134
1632226
1632254
1632269
1632350
1632428
1632591
1632640
1632691
1633109
1633688
1634267
1634306
1634413
1634422
1634485
1634744
1635574
1635698
1635874
1635932
1636057
1636494
1636767
1636767
1636935
1637105
1637231
1637323
1637700
1637950
1638819
1638905
1638983
1639082
1639178
1639205
1639584
1640024
1640286
1640322
1640496
1640535
1640711
1640847
1640892
1640936
1640943
1640965
1641006
1641430
1641674
1641853
1641859
1642474
1642774
1643011
1643218
1643434
1643656
1643770
1643940
1644305
1644711
1644888
1645025
1645112
1645460
1645608
1645751
1645797
1645850
1645868
1645930
1645964
1646015
1646203
1646285
1646428
1646510
1646593
1646930
1647149
1647172
1647364
1647367
1647374
1647479
1647505
1647603
1647676
1647700
1647822
1647898
1648244
1648452
1648454
1648605
1648668
1648688
1648946
1648974
1649213
1650202
1650257
1650276
1650276
1650358
1650453
1651097
1651427
1651433
1651465
1651621
1651631
1652172
1652605
1652884
1652908
1653321
1653345
1653401
1653417
1653542
1653678
1653764
1653810
1653814
1654037
1654264
1654295
1654497
1654512
1654806
1654990
1654993
1655211
1655281
1655779
1655806
1655846
1655849
1655908
1655932
1655983
1656038
1656197
1656397
1656709
1656713
1656766
1656792
1656799
1656814
1657407
1657893
1657974
1658402
1658407
1658733
1658789
1658884
1659030
1659148
1659466
1659513
1660251
1661145
1661917
1662553
1662619
1663015
1663038
1663065
1663401
1663415
1663457
1663491
1663492
1663630
1663769
1663941
1663972
1664148
1664331
1664711
1664833
1664928
1665039
1665084
1665189
1665206
1665330
1665499
1665612
1665631
1665660
1665716
1665784
1665866
1666105
1666333
1666683
1666826
1667255
1667274
1667377
1667476
1667503
1667646
1667919
1668406
1668458
1668768
1668859
1668958
1668961
1669195
1669341
1669380
1669628
1669876
1669955
1670118
1670336
1670494
1670510
1670613
1670729
1670732
1671483
1671670
1671691
1671841
1672234
1672370
1672733
1672989
1672990
1673156
1673281
1673287
1673615
1673702
1673734
1673848
1674075
1674102
1674221
1674252
1674581
1674586
1674748
1674893
1674915
1675205
1675358
1675575
1676215
1676462
1676544
1676592
1676595
1676801
1676971
1677009
1677398
1677602
1677747
1678053
1678188
1678278
1678353
1678690
1678751
1679127
1679168
1679202
1679267
1679342
1679934
1680095
1680184
1680297
1680346
1680726
1680736
1682521
1682532
1682777
1682893
1683147
1683292
1683303
1683307
1683343
1683411
1683515
1683609
1683889
1684264
1684284
1684296
1684561
1684998
1685045
1685181
1685367
1685648
1685983
1686002
1686049
1686479
1686958
1687025
1687142
1687691
1687697
1687907
1688051
1688266
1688411
1688724
1689078
1689286
1689504
1689568
1689680
1689714
1689734
1689805
1689849
1689907
1690023
1690966
1691678
1691924
1691938
1691992
1692134
1692276
1692584
1692616
1693297
1693328
1693339
1693499
1694325
1694394
1694784
1694836
1694868
1694973
1695268
1695287
1695351
1695485
1695556
1695749
1697075
1697160
1697163
1697176
1697490
1697502
1697548
1697674
1697843
1697869
1698331
1698358
1698423
1698592
1698604
1698753
1698990
1699632
1699740
1700166
1700242
1700334
1700557
1700564
1700690
1700916
1701200
1701622
1701941
1701950
1702081
1702102
1702560
1702612
1702617
1702656
1703473
1703794
1704325
1704614
1705216
1705330
1705413
1705439
1705743
1705826
1705829
1705855
1705856
1706076
1706106
1706373
1706817
1706829
1707208
1707487
1707991
1708082
1708153
1708513
1709041
1709157
1709490
1709807
1710164
1710169
1710371
1710416
1710707
1710750
1710910
1711048
1711079
1711128
1711164
1711209
1711399
1711493
1711741
1711874
1711912
1712367
1712460
1712520
1712825
1713840
1714701
1714747
1715012
1715107
1715278
1715503
1716181
1716425
1716539
1716564
1716583
1717085
1717386
1717440
1717618
1717620
1717810
1718047
1718100
1718433
1718558
1718822
1718833
1718888
1719255
1719313
1719394
1719943
1720163
1720197
1720435
1720508
1720732
1720873
1720951
1721110
1721387
1721418
1721635
1722066
1722162
1722191
1722250
1722574
1723222
1723242
1723512
1723631
1723773
1723874
1724225
1724310
1724326
1724363
1724855
1724903
1725001
1725044
1725471
1725559
1726072
1726554
1726911
1727036
1727401
1727644
1727730
1727782
1727880
1727943
1728039
1728203
1728439
1728559
1728580
1728980
1729186
1729253
1729321
1730032
1730128
1731248
1731310
1731433
1731459
1731630
1731672
1731714
1731720
1732115
1732309
1732318
1732376
1732391
1732487
1732599
1732799
1733354
1733901
1734060
1734174
1734599
1734959
1735007
1735226
1735450
1735480
1735816
1736024
1736349
1736835
1737043
1737069
1737129
1737379
1737459
1737488
1737642
1737686
1737947
1738381
1738569
1738573
1738745
1738884
1738899
1738946
1739012
1739087
1739115
1739350
1739360
1739446
1739553
1739650
1739837
1740272
1740273
1740388
1740509
1740828
1740917
1741314
1741327
1741385
1741661
1741728
1741748
1742106
1742247
1742347
1742671
1742831
1743039
1743717
1743727
1743772
1744095
1744904
1744943
1745029
1745320
1745335
1745624
1745680
1745717
1745731
1745752
1745753
1745936
1746166
1746192
1746296
1746456
1746775
1746824
1746935
1747370
1747732
1748052
1748698
1748751
1748767
1749150
1749390
1749399
1749481
1749672
1749836
1749904
1750012
1750054
1750111
1750174
1750597
1750785
1750831
1751410
1751612
1752091
1752257
1752964
1752986
1753002
1753299
1753459
1753606
1753681
1753769
1753799
1753822
1753867
1753942
1754043
1754132
1754276
1754335
1754360
1754474
1754490
1754642
1754748
1755427
1755786
1756028
1756081
1756155
1756289
1756592
1756695
1756883
1757177
1757418
1757628
1757915
1758205
1759345
1759356
1759455
1759650
1759737
1760222
1760229
1760518
1760762
1760886
1761351
1761387
1761427
1761579
1761970
1761977
1762258
1762538
1762550
1762695
1762754
1762763
1762770
1762879
1763132
1763553
1763588
1763890
1763902
1764188
1764278
1764308
1764985
1765426
1765468
1765487
1765612
1765931
1765933
1766061
1766110
1766166
1766313
1766536
1766716
1767290
1767589
1767850
1768260
1768322
1768526
1768767
1768850
1768851
1769102
1769255
1769323
1769790
1769955
1769965
1769967
1770100
1770231
1770330
1770426
1770440
1770629
1770642
1771058
1771082
1771369
1771487
1771679
1771771
1771780
1771851
1771882
1772009
1772415
1772456
1773530
1773692
1773884
1774427
1774453
1774520
1774741
1775407
1775456
1775657
1775827
1775916
1776312
1776328
1776369
1776765
1777040
1777359
1777718
1777973
1778100
1778354
1778526
1778886
1778952
1779537
1779575
1779663
1779721
1780319
1780422
1780560
1781423
1781545
1781566
1781625
1782185
1782278
1782374
1782429
1782612
1782752
1783028
1783109
1783181
1783212
1783459
1783499
1783563
1784136
1784145
1784182
1784200
1784313
1784447
1784550
1784576
1785123
1785295
1785355
1785385
1785676
1785772
1785924
1786042
1786218
1786805
1786904
1786914
1786958
1787048
1787070
1787152
1787198
1787454
1787484
1787617
1787789
1787907
1788410
1788699
1788870
1789161
1789439
1789460
1789509
1789679
1789848
1790227
1790301
1790644
1790930
1790937
1790997
1791000
1791008
1791199
1791238
1791259
1791375
1791431
1791738
1791753
1792437
1792604
1792800
1792826
1792870
1792909
1793173
1793268
1793613
1793677
1793679
1793697
1794219
1794295
1794603
1795061
1795448
1795582
1796535
1796572
1796641
1796664
1796705
1797000
1797222
1797627
1797646
1797876
1797995
1798141
1798578
1798609
1799056
1799247
1799266
1799441
1799551
1799819
1800030
1801154
1801409
1801477
1801486
1801609
1801747
1802519
1802826
1803053
1803345
1803991
1804413
1804869
1804940
1804977
1805034
1805150
1805374
1805700
1806187
1806196
1806255
1806746
1806856
1807048
1807052
1807711
1808010
1808084
1808259
1808571
1808675
1809425
1809594
1809712
1809811
1809956
1810449
1810473
1810499
1810665
1810903
1811034
1811236
1811349
1811384
1811502
1811950
1812074
1812832
1813089
1813339
1814319
1814402
1814483
1814652
1814717
1814734
1814785
1815032
1815104
1815140
1815161
1815211
1815319
1815484
1815712
1816198
1816219
1816308
1816469
1816555
1816700
1816787
1817073
1817122
1817168
1817214
1817269
1817327
1817342
1817461
1817466
1817672
1817893
1818101
1818122
1818570
1819195
1819503
1820172
1820236
1820354
1820625
1820844
1820929
1821019
1821731
1821944
1822124
1822166
1822249
1822504
1822774
1822780
1822817
1823470
1823605
1823700
1823965
1824276
1824280
1824358
1824866
1824979
1825092
1825475
1825525
1826090
1826378
1826395
1826669
1826737
1826984
1827349
1827543
1827587
1827590
1827600
1827934
1827946
1827954
1828956
1829105
1829193
1829348
1829609
1829682
1829869
1829888
1829913
1830041
1831266
1831678
1831967
1832122
1832141
1832173
1832714
1832780
1832927
1833946
1834092
1834454
1835688
1836204
1836548
1836842
1837014
1837182
1837382
1837395
1837454
1837594
1838516
1838775
1838892
1838958
1839025
1839386
1839506
1839725
1839940
1840211
1840311
1840497
1840810
1840930
1841308
1841559
1841646
1841746
1841888
1842087
1842096
1842103
1842225
1842373
1842611
1842632
1842664
1842792
1842847
1843187
1843455
1843502
1843726
1843793
1843997
1844113
1844156
1844484
1844709
1844718
1844721
1844745
1845111
1845190
1845261
1845315
1845613
1845794
1846685
1847230
1847298
1847516
1847689
1847893
1848195
1848226
1848242
1848622
1848662
1848847
1849356
1849589
1849607
1849752
1849924
1850067
1850181
1850382
1850710
1850894
1851070
1851105
1851335
1851556
1851647
1851844
1851895
1851904
1852381
1852425
1852896
1853078
1853352
1853368
1853404
1853605
1853804
1854410
1854445
1854505
1854641
1854655
1854673
1854676
1854745
1854833
1854910
1854969
1855412
1855953
1856029
1856314
1856451
1856869
1856900
1857214
1857312
1857347
1858132
1858556
1858770
1859226
1859403
1859687
1859844
1859895
1860049
1860049
1860097
1860114
1860155
1860231
1860235
1860841
1860853
1861091
1861144
1861242
1861306
1861499
1861540
1861564
1861616
1861821
1862243
1862562
1862564
1863364
1863570
1863611
1863650
1863655
1863943
1863975
1864211
1864623
1864844
1865056
1865191
1865236
1865311
1865378
1865410
1865454
1865486
1865704
1865717
1866095
1866152
1866198
1866345
1866668
1866947
1867113
1867835
1868667
1868790
1869293
1869507
1869634
1869676
1869851
1869880
1870899
1871011
1871079
1871346
1871722
1872013
1872034
1872341
1872378
1872458
1872778
1872974
1873713
1873848
1874060
1874103
1874146
1874262
1874739
1874919
1875011
1875193
1875286
1875749
1876165
1876562
1876743
1877089
1877626
1878527
1878660
1878784
1878914
1879128
1879274
1879340
1879737
1879833
1880274
1880434
1880800
1880855
1880988
1881537
1881583
1881851
1881856
1882402
1882457
1882543
1883010
1883072
1883448
1883742
1883898
1883970
1884004
1884105
1884331
1884505
1884947
1885205
1885448
1885510
1885655
1885728
1885899
1886000
1886076
1886244
1886310
1886316
1886355
1886380
1886626
1886872
1886881
1886904
1886959
1886993
1887182
1887222
1887351
1887473
1887535
1887742
1887812
1887889
1887934
1887995
1887997
1888230
1888278
1888382
1888527
1888686
1888888
1889582
1889611
1889822
1889897
1889898
1890687
1890928
1891066
1891545
1892014
1892683
1892884
1892980
1893025
1893067
1893452
1893621
1893884
1894036
1894223
1894383
1894393
1894513
1894751
1894756
1895439
1895444
1895759
1895918
1895926
1895968
1896007
1896102
1896298
1896873
1897067
1897211
1897720
1898500
1898548
1898649
1898702
1898803
1898940
1899012
1899015
1899242
1899510
1899527
1899926
1900147
1900345
1900759
1900793
1900869
1901049
1901087
1901089
1901105
1901212
1901296
1901372
1901501
1901549
1901631
1902515
1902722
1902833
1902926
1903091
1903455
1903829
1903836
1904184
1904191
1904256
1904325
1904397
1904448
1904607
1905408
1905451
1905482
1905668
1906281
1906760
1906938
1907560
1907581
1907976
1908038
1908248
1908390
1908509
1908916
1909034
1909037
1909466
1910357
1910449
1910577
1910654
1910980
1911211
1911212
1911686
1911948
1911959
1912372
1912758
1912854
1912953
1913047
1913126
1913313
1913490
1913609
1913715
1914088
1914362
1914466
1914496
1914715
1914892
1914977
1915053
1915082
1915194
1915295
1915840
1915845
1915862
1916508
1917380
1917499
1917514
1917738
1917801
1918322
1918495
1918522
1918722
1918982
1919110
1919185
1919204
1919588
1919637
1919697
1920583
1920638
1920953
1920991
1921060
1921076
1921438
1921851
1922001
1922267
1922280
1922308
1922465
1922539
1922890
1922904
1923309
1924010
1924034
1924094
1924135
1924175
1924342
1924443
1924700
1924970
1925336
1925371
1925608
1926390
1926450
1926569
1926610
1926756
1926758
1926982
1927523
1927613
1927791
1927823
1928011
1928119
1928170
1928328
1928444
1929361
1929594
1929767
1930078
1930590
1931067
1931138
1931223
1931289
1931357
1931383
1931536
1931571
1931759
1932106
1932477
1932496
1932604
1932695
1932699
1932789
1932942
1933185
1933363
1933439
1933632
1933633
1933651
1933656
1933881
1933882
1933921
1934848
1934884
1934891
1934989
1935114
1935222
1935244
1935670
1935933
1936128
1936402
1936657
1936846
1936892
1936913
1937516
1937642
1937653
1937905
1937985
1938041
1938133
1938380
1939037
1939213
1939482
1939930
1940268
1940392
1940466
1940622
1940638
1940752
1940815
1941062
1941074
1941089
1941936
1941963
1942344
1942532
1942557
1942833
1942854
1942907
1943004
1943353
1943386
1943771
1943779
1943823
1943897
1944134
1944824
1944932
1945313
1945403
1945496
1945500
1945983
1946237
1946515
1946567
1946680
1946866
1946982
1947069
1947252
1947575
1947619
1948749
1948773
1948932
1948971
1949078
1949274
1949280
1949333
1949503
1949532
1949933
1950053
1950161
1950192
1950534
1951489
1951944
1952098
1952183
1952309
1952360
1952586
1952790
1952838
1952953
1952961
1953045
1953152
1953303
1953367
1953381
1953688
1954234
1954284
1954667
1954745
1954755
1954798
1954862
1955031
1955036
1955343
1955545
1955965
1955981
1956007
1956178
1956234
1956268
1956403
1956448
1956630
1957029
1957103
1957326
1957641
1958007
1958375
1958646
1958918
1958955
1959045
1959073
1959297
1959732
1959871
1960041
1960050
1960235
1960382
1960460
1960699
1961183
1961495
1961642
1961689
1962048
1962226
1962363
1962391
1962451
1962500
1962622
1962863
1962886
1963017
1963118
1963168
1963256
1963568
1963627
1964079
1964086
1964480
1964676
1964698
1964781
1965521
1965682
1965693
1965728
1965949
1966283
1966757
1967276
1967328
1967538
1967622
1967908
1967977
1968026
1968418
1968476
1968595
1968938
1969100
1969206
1969438
1969993
1970141
1970197
1970270
1970274
1970481
1970609
1970863
1970917
1971001
1971559
1971805
1971956
1972124
1972138
1972490
1972648
1972670
1973051
1973067
1973468
1973744
1973806
1973868
1973950
1974425
1975456
1975500
1975553
1975697
1976167
1976173
1976209
1976311
1976587
1977272
1977421
1977444
1978004
1978249
1978734
1978798
1979185
1979374
1979394
1979521
1979556
1979605
1980072
1980107
1980109
1980311
1980337
1980561
1981178
1981382
1981793
1981883
1981970
1982261
1982483
1982744
1982760
1982909
1982924
1983226
1983529
1983576
1983912
1984714
1984752
1984810
1984840
1984881
1984883
1985339
1986529
1987385
1987595
1987838
1988105
1988120
1988174
1988188
1988254
1988278
1988292
1988396
1988447
1988997
1989146
1989185
1989653
1989659
1989772
1989874
1989999
1990101
1990196
1990386
1990827
1991000
1991014
1991053
1991367
1991385
1991691
1991824
1991907
1992479
1992488
1992816
1992818
1992880
1993127
1993347
1993451
1993484
1994088
1994103
1994179
1994475
1994480
1994608
1994713
1994880
1995057
1995162
1995421
1995446
1995508
1995514
1996214
1996555
1996673
1996819
1997000
1997144
1997190
1997426
1997658
1997751
1997988
1998061
1998319
1998541
1999442
1999453
1999466
1999614
