insertion sort -> 5.937065362930298, 5.968331575393677, 5.921440839767456, 6.030808925628662, 6.1558146476745605
merge sort -> 0.07811975479125977, 0.07811808586120605, 0.07811951637268066, 0.07813429832458496, 0.07811808586120605
tim sort -> 0.015624523162841797, 0.0, 0.01562952995300293, 0.0, 0.015623807907104492
125
313
874
1632
1727
2086
2375
2662
2791
2913
2937
2981
3023
3104
3186
3248
3372
3414
3430
3639
3983
4266
4295
4585
4806
5382
5456
5472
5598
5860
5904
5916
5934
5949
6046
6144
6321
6356
6487
7328
7329
7472
7551
7837
8683
8777
8820
8933
8963
9065
9275
9624
9808
9981
10172
10419
10423
10436
10590
10783
10799
10856
11136
11194
11254
11402
11482
11584
11708
12040
12355
12441
13027
13374
13447
14131
14303
14517
14638
14929
15437
15509
15587
15890
16079
16191
16746
16779
16884
17118
17139
17425
17848
17923
18252
18969
19121
19127
19457
19544
20072
20096
20108
20471
20618
20684
21000
21146
21864
21914
22018
22274
22642
22803
23061
23577
23672
23989
24106
24107
24465
24499
24800
25097
25460
25628
25720
25770
25779
25925
25965
26110
26302
26466
26564
26603
26865
26973
27443
27628
27861
27954
27967
28020
28099
28124
28327
28524
28805
29189
29279
29401
29589
29637
29808
30292
30435
30576
30587
30609
30621
30765
31108
31135
31227
31432
31572
31630
31900
31916
31979
32016
32061
32327
32406
32420
33267
33352
33778
34086
34688
34989
35263
35381
35682
35722
36119
36258
36550
36632
36796
36908
37226
37303
37863
38201
38231
38510
38513
38582
38658
38684
39280
39294
39312
39397
39484
39541
39966
40132
40649
40780
40856
41106
41183
41447
41731
41960
42003
42194
42262
42435
42817
42847
43333
43334
43424
43832
44211
44295
44308
44509
45073
45643
45806
45863
45910
46572
46613
46818
46820
46875
46982
47163
47263
47372
47455
47484
47775
47859
47910
47976
48042
48240
48667
48742
48943
49016
49218
49434
49570
49645
49809
50245
50446
50516
51038
51254
51557
51741
51820
51925
52166
52345
52481
52558
52607
52658
52769
52782
53051
53241
53760
53834
54338
54348
54562
54605
54726
54802
55001
55210
55458
55466
55669
55882
56052
56067
56089
56114
56245
56247
56572
56740
56962
57096
57146
57350
57940
58205
58233
58672
58731
58837
59271
59397
59790
59846
59921
60832
61065
61940
61951
62142
62148
62160
62169
62273
62354
62627
62844
62957
63104
63370
63601
63602
63643
64094
64377
65116
65248
65322
65454
65458
65539
65697
66017
66182
66408
67164
67242
67416
67420
67580
68184
68333
68580
68585
68708
68926
69090
69325
69670
69923
70062
70075
70076
70280
70429
70452
70531
70598
70599
70736
70792
70852
70909
70969
71090
71420
71517
71818
71966
72042
72098
72106
72263
72321
72335
72378
72747
72793
73050
73102
73109
73117
73190
73214
73337
73924
74087
74143
74497
74574
74829
74984
75050
75407
75432
75625
75878
75990
76258
76387
76561
76766
76773
77146
77188
77658
77827
78215
78370
78529
78532
78826
79077
79590
79673
79736
79787
80229
80263
80338
80473
80904
80962
81055
81723
81805
81827
82349
82470
82574
82605
83331
83695
83972
84085
84289
84398
84654
85037
85089
85620
85757
85994
86001
86275
86352
87137
87251
87612
87691
87753
87827
88340
88603
88708
88973
89269
89560
90070
90083
90489
90796
91608
91808
91883
91945
92010
92089
92665
92670
92983
93120
93857
93876
93995
94143
94247
94262
95201
95242
95296
95602
95852
95877
95965
96009
96208
96689
97041
97260
97694
97838
97929
97977
98000
98034
98137
98613
98923
99004
99176
99205
99571
99812
99814
99958
100010
100174
100176
100273
100598
100771
101509
102127
102606
102675
102764
103005
103013
103269
103319
103400
103476
103672
104252
104295
104418
104424
104513
104625
105030
105164
105249
105469
105539
105595
105603
105883
106133
106375
106455
106481
106544
107205
107453
107515
107526
108015
108207
108339
108471
109619
109653
109719
109773
109887
109938
110602
110735
110804
110816
111603
111764
111924
112080
112697
112946
113034
113430
113797
114036
114373
114841
114887
115173
115360
115948
116016
116420
116632
116707
116783
116997
117045
117193
117200
117385
117494
117523
117589
117792
117828
118015
118051
118217
118288
118314
118327
118331
118424
118534
118730
118770
118979
119395
119423
119491
119574
119618
119784
119858
119951
120034
120124
120311
120320
120349
120536
121180
121275
121499
121581
121687
121852
121899
121972
122088
122937
122969
122986
123044
123277
123435
123935
123946
123996
124168
124727
124786
124897
124902
125218
125406
125577
126199
126203
126252
126319
126463
126721
127046
127138
127184
127413
127593
128034
128121
128313
128355
128387
128580
128671
128714
128889
128965
129170
129231
129363
129443
129632
129666
129668
129775
129950
130369
130379
130542
130691
130727
130808
130880
131037
131279
131607
131707
132116
132118
132295
132648
132726
132818
133528
133760
134177
134250
134258
134274
134582
135117
135203
135650
135813
135880
135913
136241
136549
136740
136913
137062
137084
137215
137227
137232
137393
137751
138369
138717
138807
138851
138878
138956
139179
139238
139284
139374
139695
139747
140388
141015
141199
141342
141404
141463
141849
142445
142507
142511
142549
142591
142648
142714
142753
142815
142832
142993
143057
143202
143440
143697
143805
143931
144640
144689
144961
145185
145218
145431
145675
145745
145996
146138
146362
146738
146921
146961
147300
147680
147768
148055
148439
148463
148485
148702
148766
148773
148787
148835
148853
148877
149308
149317
149499
149811
150020
150635
151025
151198
151339
151515
151519
151780
151918
152426
153902
154097
154237
154495
154517
154634
154745
155132
155247
155469
155510
155523
155533
155633
156024
156859
157427
157579
157656
157738
157847
158471
158511
158614
158795
158937
159119
159381
159527
159910
160321
160493
160961
161198
161440
161658
161905
162017
162572
162836
163144
163202
163229
163393
163575
164027
164133
164267
164457
164744
164933
164945
164957
164971
165222
165446
166244
166288
166372
166801
166928
167249
167484
167664
168010
168198
168303
168582
168635
168701
168731
169170
169474
169977
170098
170168
170196
170326
170560
170575
170632
170987
171088
171217
171265
171406
171633
171660
171723
171825
172010
172390
172491
172831
173065
173277
173368
173579
173938
174035
174127
174273
174365
174628
175110
175243
175545
175589
175743
175864
176091
176546
177134
177165
177206
177314
177342
177566
177907
177932
178060
178063
178993
179115
179287
180235
180412
180546
180631
180740
181126
182132
182251
182479
182570
182616
182874
182977
183118
183371
183582
183657
183907
184827
185293
185928
185989
186566
186626
186721
187189
187368
187598
187683
187810
187848
187956
188287
188605
188856
188863
189004
189728
189753
189842
190171
190521
190785
190900
190927
191218
191481
191809
191961
192095
192099
192127
192136
192390
192566
192829
192956
193092
193333
193391
193550
193582
193678
193732
193928
194010
194140
194152
194203
194728
195077
195336
195434
195799
195993
196016
196257
196309
196518
196648
196719
196867
196926
196991
197377
197422
197446
197740
197949
198302
198509
198613
198676
199074
199395
199405
199440
199559
199719
200109
200139
200288
200963
201153
201170
201223
201292
201446
201835
201949
202242
202273
202507
202918
203110
203469
203598
203799
204109
204661
204873
204908
205005
205401
205602
205835
205987
205999
206072
206074
206180
206537
206874
207421
207481
207742
207830
208165
208268
208376
208728
208948
209214
209373
209471
209794
209801
209876
209912
210001
210384
210496
210530
210546
210587
210601
210615
210714
210836
211041
211076
211097
211287
211334
211782
212045
212071
212203
212251
212325
212473
212746
212790
213046
213495
213519
213691
213731
213890
214334
214408
214453
214926
215050
215052
215174
215182
215316
215421
215520
215584
215630
216041
216648
216830
216859
217303
217384
217515
217742
217798
217956
218359
218365
218452
218645
218706
218737
218893
219100
219228
219655
219708
219778
219942
220080
220292
220298
220562
220571
220641
220903
221753
221814
222048
222075
222173
222282
222357
222398
222414
222429
222808
223450
223972
224152
224671
224765
225170
225209
225399
225597
226100
226416
227021
227200
227272
227556
227577
227710
227753
227819
228315
228626
229004
229411
229470
229634
229642
229656
229770
230133
230278
230518
230732
230812
230836
231014
231016
231208
231413
231445
231479
231516
231883
232095
232151
232585
232620
232630
232652
232703
232786
232958
233066
233152
233483
233578
233672
233735
233971
234110
234143
234303
234369
234411
234466
234495
234991
235203
235203
235215
235339
235446
235572
235593
235640
235654
236020
236038
236087
236096
236158
236773
237007
237321
237472
237865
238027
238133
238140
238841
239036
239294
239471
239643
239748
240327
240392
240440
240554
240889
241607
241764
242056
242283
242293
242329
242824
242881
243017
243132
243184
244259
244472
244625
244673
244724
244885
245564
245592
245890
247082
247330
247604
247834
247863
247875
247988
248011
248147
248227
248266
248298
248349
248424
248462
248470
248588
248727
248733
248853
249037
249756
249998
250043
250301
250353
250390
250532
250610
250921
251085
251237
251473
252058
252474
253009
253450
253516
253601
253888
254142
254516
254573
254623
254636
254824
255170
255265
255561
255696
256196
256249
256323
256341
256595
256643
256731
256778
256866
256999
257061
257073
257088
257255
257287
257427
258059
258141
258249
258466
258514
258525
258875
259090
259422
260097
260153
260365
260375
260464
260722
260814
261091
261302
261402
261481
261810
262046
262723
262948
262983
263524
263733
263824
264159
264237
264266
264425
265331
265411
265620
265700
265964
266084
266104
266208
266655
266754
266880
267018
267725
267910
268161
268220
268289
268444
268458
268639
268792
268957
269001
269220
269461
269609
269745
269877
270431
270745
271071
271230
271397
271663
271743
271829
272068
272359
272372
272699
273267
273571
273942
274201
274222
274306
274595
274911
274912
274995
275092
275790
275973
276192
276896
277494
277570
277746
277854
278342
278343
278396
278482
278700
278773
278835
278931
279019
279021
279067
279340
279395
279724
280101
280405
280419
280907
281143
281219
281287
281423
281579
282217
282224
282317
282413
282602
282616
282680
283080
283501
283773
283881
284102
284372
284467
284566
284661
284754
285044
285551
285804
286111
286222
286342
286391
286581
287064
287479
288541
288562
288623
288774
288830
288853
288929
289040
289433
289941
289987
290036
290076
290201
290344
290444
290576
290771
291021
291123
291188
291411
292417
292475
292491
292819
293018
293141
293555
293613
293647
293732
293937
293980
294130
294245
294288
294435
294464
294593
294636
294839
295337
295394
295545
295851
295907
296059
296362
296392
296786
296792
297021
297175
298222
298348
298810
299429
299613
300160
300392
300552
300884
301058
301600
301653
301816
301983
302370
302789
302842
302868
302918
303218
303596
304038
304286
304563
304600
304722
305013
305137
305216
305441
305512
305684
306492
306514
306762
306807
306994
307029
307061
307243
307454
307797
308117
309304
309424
309441
309482
309713
309761
309873
310008
310253
310405
310537
311373
311585
311617
311714
312022
312028
312175
312214
312275
312336
312482
312565
312944
312972
312973
313064
313170
313268
313273
313499
313702
313735
314254
314603
314829
314928
314932
314981
315088
315376
315481
315549
315607
315730
316128
316217
316251
316789
316847
316873
316904
316939
317302
317583
317645
317657
318366
318382
318682
318880
318972
318989
318993
319052
319287
319331
319528
319531
320483
320578
320634
321097
321264
321515
321599
321604
321838
321997
322022
322394
322497
322564
322624
322646
322877
322892
322910
322919
322966
322979
323690
323807
324133
324659
324983
325028
325282
325408
325759
325977
326107
326127
326512
327003
327074
327157
327168
327375
327497
327531
328039
328076
328178
328215
328247
328522
329056
329068
329311
329978
330100
330120
330378
330796
331005
331230
331244
331420
331792
331801
332056
332373
332494
332508
332639
332705
332945
332951
332987
333215
333247
333426
333603
333698
334067
334084
334217
334455
334646
334673
335243
335362
335538
335854
335995
336097
336575
336631
337102
337318
337404
337410
337642
337667
337737
338378
338421
338546
338741
339254
339871
339908
340673
340700
341172
341563
341570
342285
342539
342757
342924
343006
343181
343203
343281
344006
344054
344158
344419
344562
344644
345331
345384
345585
346316
346345
346648
346685
346768
346817
346908
346921
347042
347172
347202
347317
347455
347529
347535
347613
347838
347905
348208
348481
348800
349605
349613
350231
350496
350692
350798
351153
351178
351191
351409
351756
351849
352163
352481
352523
352601
352615
352784
352968
352976
353355
353361
353403
353776
354075
354086
354206
354779
354890
355440
355501
355626
355701
355995
356068
356176
356288
356810
356914
357406
357463
357766
358043
358878
358923
359405
359520
360187
360221
360686
360703
361055
361646
361824
361842
362020
362075
362260
362325
362431
362467
362956
363170
363739
363952
363983
364204
364386
364689
364872
364882
365328
365513
365581
365708
365999
366139
366237
366246
366254
366490
366549
366716
366754
366772
366817
366894
367305
367683
367999
368076
369194
369246
370093
370154
370602
371030
371033
371259
371401
371893
372049
372225
372240
372634
373007
373063
373194
373272
373337
373667
373747
374282
374501
375068
375156
375375
375380
375621
375632
375872
376025
376422
376430
376432
376557
377127
377312
377500
377533
378015
378101
378202
378224
378340
378352
378472
379016
379174
379454
379611
379626
380473
380535
380610
380646
380788
380846
380903
381461
381669
381748
382350
382371
382459
382631
382811
382962
383214
383545
383565
383879
384343
384379
384439
384442
384689
384966
385033
385367
385548
385594
385710
386302
386840
386947
387041
387526
387566
387614
388042
388077
388175
388335
388373
388428
388498
388521
388646
388660
388667
388961
389195
389367
389390
389557
389584
389632
389699
389795
389991
390472
390478
390588
390901
390909
391292
391343
391347
391932
392134
392291
392644
392757
392914
393030
393154
393159
393495
393510
393628
393720
393887
394014
394044
394046
394373
394691
394847
395254
395255
395984
396452
396487
396637
397094
397359
397930
398180
398232
398286
398532
398814
399077
399102
399288
399476
399820
400257
400268
400313
400439
400496
400515
400639
400746
400940
401003
401165
401691
401747
402062
402541
402701
402768
402788
402815
403433
403586
404334
404626
404626
404631
404749
404823
404943
404986
405249
405388
405908
405949
406012
406094
406165
406582
406621
407013
408728
409380
409440
409569
409606
409759
410174
410337
410624
410711
410749
411046
411155
411239
411636
411641
411666
411924
411979
412237
412242
412335
412397
412467
412608
413491
413951
414277
414396
414570
414576
414662
414686
414898
415127
415267
415307
415755
415950
415995
416177
416218
416678
416948
417144
417269
417406
417428
418101
418108
418200
418415
419110
419289
419323
419329
419377
419394
419401
419487
419602
419864
419932
420006
420094
420225
420869
421023
421084
421148
421411
421562
421706
422494
422523
422575
422830
422974
423299
423354
423438
423558
423667
423748
424561
424638
424689
424770
424877
425855
426063
426178
426710
426955
427174
427334
427341
427483
427552
427626
427917
428382
428667
428989
429237
429285
429638
429743
430575
431585
431751
431888
431994
432112
432255
432279
432413
432495
432595
432639
432932
432984
432986
433122
433176
433221
433246
433735
434306
434574
434631
434698
435035
435063
435084
435540
435643
435817
436056
436106
436745
437499
437612
437785
437961
438372
438385
438721
438819
438845
439029
439140
439526
439587
439833
440102
440238
440315
440399
440587
440594
440768
441029
441596
441724
441911
441913
441916
441927
442004
442617
442662
442750
442761
442867
443075
443378
443437
443484
443615
443750
443977
444087
444386
444416
444421
444497
444622
445072
445364
445464
445891
445916
446247
446436
446472
446591
446616
446732
446978
447465
447526
447527
447596
447789
447825
447883
447921
448054
448268
448278
448333
448353
448820
449422
449478
449505
449970
450029
450272
450362
450602
451343
451460
451615
451619
452418
452781
453063
453210
453248
453324
453459
453493
453548
453661
453770
453872
453873
453892
454085
455102
455266
455284
455295
455412
455564
455663
455843
455932
456064
456143
456718
456902
456944
457334
457376
458697
459049
459219
459319
459599
459664
460542
460605
460854
461034
461669
461892
461951
462290
462316
462820
462913
463724
463766
463825
464024
464408
464621
464703
465347
465357
465438
465501
466196
466403
466594
466659
466866
467057
467279
467411
467533
467604
467742
467782
467875
468066
468841
469227
469309
469388
469616
469847
469891
469980
470193
470283
470570
470797
470833
470857
471082
471206
471334
471715
471891
472644
472748
472804
472905
473950
473992
474303
474312
474595
474671
474711
474744
475561
476396
476522
476609
476641
476807
477017
477265
477373
477409
477494
477665
477753
477756
477914
478033
478397
478886
479716
479736
480153
480779
481316
481343
481429
481539
481607
481678
482383
482529
482651
483026
483093
483675
483882
483901
483914
484700
485058
485197
485205
485373
485717
485751
485754
485851
485872
485996
486023
486098
486269
486542
486628
486914
487056
487233
487361
487533
487686
487918
488270
488406
488782
488789
489262
489372
489383
489439
489772
489915
489928
489936
489941
490009
490016
490176
490236
490425
490510
490566
490601
490708
490710
490738
490791
491242
491578
491587
491628
491680
492127
492130
492636
492690
492709
492883
492916
493432
493576
493616
493949
494401
494752
494887
495006
495192
495954
495996
496179
496241
496312
496459
496675
497083
497436
497437
497707
497759
497785
498179
498704
498716
498793
499167
499214
499306
499416
499577
499698
500144
500267
500401
500497
501259
501382
501385
501599
502152
502225
502298
502404
502497
502650
503194
503255
503378
503435
503741
504201
504280
504580
504775
504921
504955
505010
505215
505325
505616
505710
506384
506684
506909
506947
507010
507331
507873
508102
508133
508404
508540
508887
509446
509492
509568
509609
509768
509979
510121
510138
510368
510374
510473
510952
511181
511405
511722
512285
512326
512892
512966
513003
513122
513248
513392
513437
513762
513767
513977
514081
514344
514395
514475
514532
514788
515087
515326
515332
515776
515830
516122
516265
517009
517299
517444
517626
518032
518133
518285
518587
518594
518655
518754
518814
518919
519023
519912
519966
520229
520235
520466
520734
520865
520883
520934
521188
521610
521722
522088
522230
522461
522477
522511
522864
522995
523103
523177
523249
523430
523502
524016
524025
524074
524233
524692
524728
525107
525182
525193
525228
525316
525447
525467
525545
525754
526003
526162
526231
526315
526848
526865
527049
527184
527210
527241
527391
527423
527915
527982
528159
528170
528348
528363
528446
528453
528505
528585
528613
528707
528731
528789
528845
529282
529316
529685
529776
530026
530033
530349
530475
530500
531134
531182
531264
531294
531554
531571
531943
532041
532045
532456
532674
533045
533230
533274
533666
533814
533933
534317
534445
534669
534670
534837
534872
535037
535103
535133
535359
535390
535507
535658
535752
535813
535903
536047
536481
537158
537408
537412
538136
538472
538860
539202
539831
540091
540422
540586
540906
541210
541351
541812
541958
541988
542119
542391
542732
542878
543079
543398
543810
544527
544604
544670
544685
544711
544738
544904
544993
545065
545836
546053
546258
546477
546607
546734
546926
546931
547017
547063
547146
547216
547299
547641
547991
548312
548460
548532
548564
548878
548904
549147
549204
549350
549385
549684
549808
549862
549992
550072
550151
550421
550608
550612
551064
551206
551257
551297
551322
551353
551718
551910
552798
552873
553095
553098
553812
553842
554869
555234
555304
555498
555529
555589
555713
555913
555916
556397
556430
556490
556522
556940
557233
557255
557333
557522
557783
557832
557903
558139
558468
558716
558724
558837
559050
559413
559484
559663
559756
560226
560300
560354
560495
561000
561482
561570
561867
561994
562453
562761
562858
563361
563529
563564
563619
563624
563716
563827
564120
564194
564255
564362
564401
564403
564443
564695
565021
565169
565368
565455
565882
565909
566328
566883
566966
566983
567466
567506
567609
567977
568411
568737
569146
569364
569389
569792
570409
570660
571104
571558
571579
571956
572229
572273
572357
572672
573272
573359
573401
573491
573593
573597
573705
573799
573990
573997
574315
574598
574661
574758
574793
574909
575011
575058
575445
575491
575865
575955
576363
576523
576564
576635
576804
577075
577096
577107
577183
577347
577995
578034
578166
578310
579155
579417
579677
579697
579822
580043
580166
580186
580409
580478
580495
580570
580571
580753
580799
581135
581526
581864
582130
582156
582343
582413
582413
582451
582956
582961
583200
583523
583602
583786
583804
584098
584262
584365
584767
585113
585246
585316
585403
585404
585408
585520
585675
586346
586932
587020
587117
587142
587362
587757
588116
588245
589309
589510
589593
589601
589934
589969
590500
590676
590682
591293
591319
591656
592071
592454
592675
593020
593864
594356
594423
594816
594916
595056
595135
595291
595617
595778
596192
596198
596224
596235
596265
596288
596331
596390
596752
596886
596902
596913
597040
597228
597238
597312
597471
597602
597653
597776
597821
597943
597973
598372
598911
598985
599601
599657
599958
600030
600304
600348
600983
601403
601464
601545
601727
601805
601997
602153
602165
602833
603312
603685
603773
603832
604109
604139
604155
604292
604386
604938
605319
605373
605404
605752
606172
606201
606307
606911
607219
607358
607425
607433
607753
608260
608417
608485
608496
609630
610059
610083
610478
610888
611185
611321
611344
611511
611658
611744
612028
612140
612195
612617
612847
612882
613283
613293
613376
613500
613737
613936
614166
614915
614977
615455
616380
616394
616485
616649
616782
616932
617606
617703
617714
617784
617814
618042
618146
618323
618344
618769
618836
619246
619418
620325
620333
620336
620337
620351
620517
620867
621152
621559
621641
621812
622360
622550
622779
622866
622918
623291
623672
623891
624207
624340
624603
624798
625016
625069
625083
625200
625306
625320
625477
625545
625623
625797
625885
625939
626012
626559
626566
626568
627081
627119
627336
627381
627439
627492
627513
627568
627806
628052
628463
628630
628724
628724
628826
628896
628904
629028
629771
629963
630059
630671
630917
631195
631222
631310
631451
631464
631563
631846
632107
632165
632482
632942
632997
633201
633289
633405
633591
633622
634075
634159
634462
634664
634679
634958
635031
635084
635243
635408
635739
635752
635823
636113
636228
636594
636989
636991
636992
637193
637236
637514
637703
637708
637767
637911
638162
638208
638356
638381
638668
638866
638934
639292
639408
639533
639623
639796
639989
639994
640062
640444
640564
640788
640973
641213
641536
641639
641838
642072
642441
642460
642710
642820
642971
643077
643079
643796
643849
643854
643855
643863
644035
644040
644203
644317
644450
644684
645371
645469
645505
645546
645591
645593
645656
646215
647243
647444
647533
647623
647763
647896
648071
648413
648500
649393
649587
649643
649940
650148
650287
650373
650649
650699
650722
650775
650843
651149
651336
651357
651522
651558
651860
652062
652230
652232
652540
652559
653052
653071
653267
654017
654282
654317
654352
654459
654572
655069
655512
655993
656046
656081
656395
656431
656968
658124
658588
659436
659485
659947
659997
660199
660640
660801
660848
660863
661128
661157
661235
661526
661558
662356
662824
663260
663672
663737
664279
664555
665148
665228
665540
666066
666556
666801
666921
667278
667371
667539
667659
667667
667742
667765
667808
667881
667923
668013
668044
668110
668173
668371
669056
669287
670576
670833
670955
671164
671499
671565
671997
672016
672206
672246
672275
672424
672471
672710
672787
672968
673126
673478
673600
674168
674424
674439
674656
674790
675113
675221
675376
675393
675420
675467
675800
676050
676141
676176
676514
676588
676657
677082
677380
677405
677605
678428
678501
678682
678810
678915
678969
679026
679281
679322
679395
679545
679567
680615
680985
681125
681161
681338
682083
682178
682576
682697
683126
683160
683804
684071
684209
685411
685580
685774
686554
686650
686707
686935
686981
687050
687077
687126
687274
687466
687691
688083
688545
688914
689358
690613
690618
690664
690759
690881
691153
691312
691906
692097
692173
692405
692673
692790
692977
694124
694736
694763
694886
694971
695140
695164
695237
695305
695344
695602
695630
695894
696359
696520
696626
696949
697122
697256
697259
697328
697516
697691
698071
698186
698518
698759
698760
698786
698967
699857
699992
700330
700338
701285
701733
701848
701882
702269
702745
702919
703224
703338
703633
704090
704233
704379
704683
704718
705035
705322
705604
705624
705640
705805
705807
705945
706133
706234
706384
706440
706784
706860
706886
707012
707435
707880
707993
708070
708095
708448
708477
708491
708549
709058
709152
709377
709490
709637
709773
709791
709958
710059
710242
710318
710630
710823
710976
711542
711774
711880
711889
711889
712088
712240
712295
712345
712436
712549
712858
712934
713357
713360
713839
714022
714152
714821
714837
715472
715517
715584
716131
716225
716277
716400
716607
716651
716973
717098
717342
717437
717692
718134
718345
718468
718597
718639
718754
719137
719692
719817
719952
719992
720633
720982
721100
721191
721270
721313
721337
722540
722579
722721
722731
723213
723362
724154
724357
724775
724933
725296
725296
725504
725796
725813
725871
725975
726190
726397
726577
726665
726707
727110
727131
727388
727414
727559
728026
728058
728094
728565
728574
728678
728932
729076
729097
729214
729272
729407
729407
729637
730075
730323
730497
730623
730756
731425
731557
731704
731712
731968
732132
732149
732343
732882
732907
733424
733728
734108
734168
734366
734396
734891
735140
735255
735558
735623
736113
736405
736429
736515
736646
737051
737334
737674
737862
738021
738105
738449
738562
738706
739811
740022
740259
740380
740446
740462
740689
740829
740852
740900
740912
741247
741432
741511
741674
741691
742314
742392
742526
742564
742570
742620
743060
743210
743379
743666
743717
743729
743977
744257
744281
744644
744721
744951
745171
745183
745196
745847
745989
746082
746351
746705
747173
747208
747399
747560
747630
747725
747865
747999
748183
748210
748799
749008
749342
749719
749828
749961
750090
750518
750699
750790
750857
750931
750953
751067
751152
751260
751291
751564
751602
751771
751789
751945
752034
752286
752528
752682
752744
752858
752945
753043
753221
753295
753696
753744
753866
754287
754748
754834
755068
755235
755250
755503
755815
755846
755939
755954
756125
756444
756499
756877
757250
757503
758210
758265
758387
758461
758545
758620
758917
759153
759416
759460
759622
759657
759709
759772
759793
760000
760212
760314
760563
760736
760780
761092
761158
761788
761905
762080
762783
763244
763465
763659
763772
764058
764460
764564
764791
764806
765229
765311
765538
765653
765729
765796
765799
766706
766878
766915
767211
767342
767384
767421
767639
767857
767884
768219
768311
768495
768624
768823
768876
769498
769549
769597
769615
769886
770137
770448
770932
771356
771436
771490
771575
771710
771758
771845
771908
772422
772616
772677
772724
773253
773553
773629
773645
773721
773763
773870
774059
774124
774175
774298
774406
774445
774563
774593
775047
775192
775314
775689
775782
776032
776290
776385
776554
776714
777611
777802
778028
778041
778097
778338
778415
778586
778734
778840
778925
779177
779474
779787
779803
779972
780206
780396
780407
780453
780742
781237
781381
781422
781478
781716
782273
782372
782700
782816
783258
783283
783427
783500
783540
783656
784109
784338
785009
785273
785298
785389
785660
785909
786958
786996
787276
787510
787538
787991
788917
788942
789081
789194
789258
789332
789664
789730
790081
790569
790674
790770
790907
791023
791397
791729
791835
791882
791887
792048
792495
793605
793804
793933
793987
794238
794509
794742
795258
795290
795357
795385
795430
795532
795543
795679
795685
796466
797169
797270
797519
798009
798120
798180
798273
798299
798320
798685
798695
799268
799373
799549
799999
800085
800306
800343
800491
800798
800884
801069
801270
801399
801512
801910
802228
802353
802698
802912
803232
803337
803435
803456
803518
803586
803605
803735
804247
804249
804325
804391
804392
804731
804778
804848
806117
806144
806470
806902
806932
807011
807056
807539
807585
807625
807640
807673
807990
808634
808724
808963
809381
809591
809768
810155
810459
810721
810823
811045
811756
811909
812144
812378
812452
812528
812680
812734
812926
812940
813093
813292
813351
813512
813704
814676
814678
814683
814703
816043
816107
816306
816533
816689
816909
816934
817023
817036
817533
817621
817726
817745
818228
818272
818325
818686
818832
819286
819335
819354
819614
819678
821041
821210
821295
821496
821673
821754
822138
822305
822326
822675
822768
822832
823317
823549
823809
823841
823880
823896
823976
824109
824221
824493
824552
824599
825187
825440
825492
825550
825618
825761
825959
826213
826310
826645
827000
827143
827589
827601
827866
828072
828138
828152
828153
828539
828582
829404
829656
829737
829766
829776
829839
830277
830313
830468
830496
830863
830879
831690
831760
831801
831983
832018
832827
832842
833211
833553
833645
834191
834284
834611
834683
835076
835900
835928
836027
836539
836795
836824
837664
837777
838093
838627
838638
838689
839279
839569
839604
839692
839820
840164
840440
840588
840723
841456
841485
841985
842820
843228
843535
843622
843698
843736
843740
844008
844071
844321
844788
844925
845198
845326
845348
845606
845879
845979
846590
846668
846826
846862
846968
847025
847168
847389
847745
848552
848793
849330
849361
849464
849510
849675
850283
850687
851006
851372
851474
851637
851671
851799
852007
852040
852218
852253
852302
852390
852442
852686
852905
852944
852954
853173
853547
853754
854088
854121
854400
854510
854669
854778
854853
854919
854997
855040
855113
855130
855222
855292
855560
855808
855840
855842
856143
856873
856995
857301
857356
857848
858014
858399
858525
859248
859645
860009
860140
860407
860810
861155
861387
861632
861641
861654
862041
862230
862652
862905
863135
863791
864501
864516
864684
864704
864716
864889
865291
865368
866318
866436
866454
866472
866512
866569
866657
867128
867140
867165
867371
867488
868174
868391
868437
868468
868507
868711
868854
869050
869266
869389
869602
869943
870024
870072
870754
870757
871297
871431
871599
871777
871925
872106
872132
872675
872748
873085
873104
873365
873415
874054
874291
874331
875146
875184
875203
875461
875480
875523
875609
875654
875721
875870
875884
875895
876260
876625
876739
877097
877586
878075
878104
878121
878252
878293
878313
878814
878877
879112
879129
879650
879802
879828
880026
880940
881132
881141
881249
881264
881655
881860
881878
881991
882248
882358
882462
882902
883003
883058
883170
883273
883626
883776
884067
884075
884105
884294
884394
884451
884474
884496
884554
884747
885284
885545
885874
886161
886275
886364
886477
886616
886704
886898
887191
887393
887545
887714
888005
888029
888113
888234
888327
888612
888787
889007
889096
889465
890087
890147
890459
890641
890668
890733
890958
890975
891314
891546
891565
891896
891926
892021
892269
892449
892515
892834
892992
893063
893394
893677
894182
894315
894374
894427
894868
895022
895076
895124
895133
895312
895830
895847
895872
895924
895985
896283
896286
896566
896595
896843
897326
897735
897953
898239
898414
898925
899023
899183
899424
899489
899654
900435
900605
900626
900703
901629
901716
901972
902195
902376
902525
902543
902914
903108
903529
903781
904110
904137
904169
904355
904579
904776
904794
905312
905374
905959
906107
906129
906552
906583
906715
906837
906855
906925
906983
907306
907575
907596
907914
908317
908484
908680
908907
908949
909035
909114
909182
909345
909531
909591
909609
909737
909927
909962
910103
910489
910615
910670
910685
910685
910930
910972
911010
911096
911114
911214
911355
911517
911555
912053
912342
912622
913129
913530
913644
913830
913998
914180
914540
914556
914659
914748
914753
915200
915867
915989
916061
916201
916457
916501
916508
916804
916871
917008
917028
917051
917489
917556
917568
917789
918106
918162
918471
918553
918748
918752
918776
919049
919481
919688
919887
920110
920263
920357
920388
920741
921013
921103
921322
921487
921601
922275
922369
922437
922717
922745
922877
923221
923274
923334
923398
923674
923766
924452
924558
924886
925224
925338
925345
925410
925749
925763
926172
926348
926370
926440
926496
926721
926799
927365
927500
927860
927875
928096
928145
928661
928686
928702
928818
928829
928849
928872
929170
929254
929297
929606
929658
929699
929865
930180
930511
930603
930620
931062
931176
931291
931335
931551
931697
932122
932615
932663
932900
933352
933442
933486
933536
933854
933988
934029
934334
934480
934516
934521
934739
934863
934897
934970
935094
935102
935406
935430
936406
936590
936634
936873
937584
937761
937930
938161
938243
938315
938329
938439
938698
938765
938854
938967
939331
939567
939662
939795
940512
940732
940811
941198
941400
941425
941632
941710
941814
941886
942080
942102
942441
942505
942551
942613
943067
943117
943745
944394
944567
944753
945165
945168
945520
945548
945596
945651
945729
946292
946376
946434
946528
946554
946734
947041
947145
947393
947495
947933
948096
948141
948231
948426
948582
948864
949100
949205
949243
949408
949983
950000
950067
950221
950458
950577
950749
951413
951496
951643
951860
952188
952320
952671
952703
953264
953506
953761
953925
953929
953936
954325
954364
954490
954703
954783
955094
955142
955156
955174
955282
955302
955349
955470
955488
955621
955911
956077
956165
956305
956488
956611
957080
957190
957447
957519
957546
957603
957680
957858
957900
958014
958688
958726
958784
958985
959104
959338
959787
960036
960303
960592
960703
960936
961304
961357
961669
961826
961910
961991
962305
962866
962981
963282
963295
963443
963882
963981
964191
964419
965232
965567
965696
965756
965791
965926
965959
966066
966077
966123
966341
966993
967070
967239
967252
967778
968136
968136
968280
968602
968894
969220
969747
969815
969867
969874
970254
970270
970493
970621
970724
970810
971326
971470
971515
971897
972074
972095
972767
972833
973159
973224
973252
973395
973503
973508
973774
974042
974047
974494
974568
974574
974680
975142
975401
975708
975808
975899
975998
976284
976384
976450
976863
977215
977279
977415
977436
977514
977705
977754
977785
977860
977878
978242
978472
978478
978506
978873
978894
979028
979069
979154
979269
979408
979453
979713
979936
980121
980186
980203
980629
980699
980763
981448
981763
982066
982111
982421
982591
982622
983107
983168
983188
983196
983301
983340
983608
983817
984140
984314
984605
984722
984840
985058
985196
985416
985673
985786
985995
986226
986297
986305
986532
986828
986962
986970
987080
987188
987203
987666
987758
987939
988066
988244
988342
988352
988691
988779
988796
988842
988998
989460
989580
989759
989779
989817
989941
989962
990069
990195
990237
990451
990483
990804
991611
992124
992160
992537
992565
993193
993379
993700
993869
994039
994063
994416
995305
996120
996123
996255
996527
997167
997188
997413
998143
998470
998470
998635
998648
998832
998833
999204
999371
999415
1000276
1000924
1000941
1001194
1001201
1001215
1001260
1001282
1001290
1001455
1001609
1001827
1002533
1002790
1002938
1002953
1002993
1003129
1003207
1003537
1003550
1003945
1004066
1004128
1004219
1004347
1004511
1004797
1005326
1005455
1005592
1005646
1005789
1006244
1006249
1006558
1006660
1006673
1006785
1006821
1006835
1007040
1007178
1007322
1007613
1007946
1007960
1008031
1008118
1008220
1008656
1008941
1009089
1009154
1009368
1009547
1009556
1009565
1009655
1010207
1010298
1010644
1010715
1010738
1010742
1011365
1011409
1011426
1011555
1011890
1012444
1012854
1012885
1013501
1013868
1013972
1014132
1014156
1014241
1014348
1014705
1014753
1014767
1015972
1016087
1016207
1016314
1016497
1016507
1016678
1016832
1016857
1016894
1017075
1017344
1017410
1017780
1017846
1018253
1018698
1018856
1018895
1019029
1019495
1019686
1019871
1020065
1020282
1020345
1020461
1020569
1021082
1021381
1021405
1021602
1021699
1022021
1022063
1022101
1022305
1022394
1022416
1022424
1022737
1023363
1023530
1023596
1023726
1023775
1023847
1023904
1023916
1023958
1024567
1024573
1024588
1024590
1024600
1024969
1025135
1025254
1025277
1025315
1025338
1025483
1025753
1025846
1025937
1026102
1026255
1026350
1026395
1026992
1027063
1027149
1027158
1027194
1027359
1027645
1027827
1027835
1028018
1028202
1028382
1028929
1029074
1029579
1029870
1030071
1030265
1030316
1030426
1030742
1030751
1030799
1030883
1031212
1031435
1031567
1031674
1032118
1032425
1032485
1032524
1033165
1033670
1033678
1034012
1034094
1034257
1034484
1034628
1034705
1034924
1035501
1035531
1035564
1035641
1036012
1036103
1036183
1036477
1036543
1036650
1036703
1037103
1037725
1037840
1038231
1038233
1038751
1038783
1038834
1039176
1039258
1039266
1039729
1039745
1039826
1039930
1039938
1040068
1040123
1040162
1040551
1040610
1040776
1040826
1041396
1041796
1042007
1042087
1042272
1042619
1042975
1043699
1045102
1045338
1045384
1045520
1045732
1045956
1046293
1046314
1046504
1046738
1047103
1047129
1047492
1047570
1047645
1047672
1047743
1047883
1047964
1048233
1048505
1048711
1048792
1048949
1049042
1049242
1049390
1049476
1049668
1049887
1049956
1050005
1050339
1050342
1050529
1050604
1050671
1050776
1051068
1051119
1051331
1051458
1051592
1051616
1051773
1051781
1053039
1053078
1053097
1053472
1053807
1053908
1054833
1055059
1055667
1055944
1056127
1056294
1056607
1056749
1056749
1056756
1056908
1056949
1057175
1057272
1057460
1057813
1057868
1057925
1057971
1058209
1058313
1058328
1058482
1058558
1058574
1058706
1058917
1058955
1059111
1059277
1059547
1059748
1059905
1059923
1060417
1060561
1060781
1060969
1061055
1061227
1061505
1061999
1062233
1062316
1062365
1062401
1062666
1062800
1063135
1063393
1063555
1063590
1063897
1064264
1064291
1064335
1064651
1064814
1064821
1065226
1065347
1065493
1065558
1065608
1065831
1066150
1066198
1066424
1066519
1066613
1066793
1066886
1066913
1067046
1067060
1067458
1067676
1067783
1067938
1067962
1067991
1068213
1068960
1068986
1069192
1069263
1069278
1069534
1069635
1069817
1069843
1069959
1070123
1070191
1070909
1071081
1071325
1071441
1071541
1072318
1072321
1072967
1073069
1073151
1073225
1073291
1073423
1073519
1073580
1073626
1074967
1075062
1075076
1075079
1075245
1075425
1075959
1076161
1076226
1076279
1076603
1076621
1076861
1077422
1077477
1078010
1078506
1078536
1078999
1079268
1080121
1080469
1080665
1080831
1080848
1080930
1081104
1081136
1081164
1081456
1081593
1081942
1082018
1082114
1082127
1082326
1082327
1082334
1082409
1082556
1083011
1083342
1083414
1083456
1083747
1083787
1083798
1084080
1084259
1084573
1084824
1085523
1085742
1085905
1085988
1086126
1086472
1086868
1087660
1088160
1088386
1088831
1089131
1089160
1089851
1089975
1090308
1090340
1090391
1090687
1090754
1090881
1090966
1090990
1091347
1091509
1092024
1092378
1092379
1092391
1092548
1092581
1092819
1093151
1093861
1094009
1094028
1094109
1094562
1094578
1094992
1095190
1095382
1095728
1095760
1095828
1096222
1096521
1096704
1097590
1097600
1097809
1098665
1098682
1098703
1099095
1099163
1099612
1100137
1100745
1100762
1100929
1100953
1101005
1101328
1101356
1101375
1101653
1101853
1102262
1102445
1102504
1102794
1102821
1103039
1103060
1103107
1103340
1103571
1103856
1103887
1103908
1104067
1104154
1104255
1104406
1104697
1105098
1105578
1105672
1105771
1105879
1105957
1106061
1106304
1106583
1106652
1106874
1107003
1107287
1107639
1107698
1107990
1108189
1108344
1108421
1108626
1108711
1109366
1109752
1109869
1109948
1110072
1110307
1110378
1110396
1110881
1111027
1111082
1111603
1111713
1112094
1112378
1112470
1112506
1112611
1112757
1112917
1113131
1113818
1114111
1114259
1114755
1115160
1115360
1115391
1115516
1115730
1115974
1116214
1116637
1117038
1117859
1118162
1118469
1118490
1118571
1118936
1119051
1119066
1119091
1119212
1119908
1120174
1120220
1120746
1121106
1121579
1121909
1121976
1122296
1122299
1122396
1122762
1122947
1122959
1122981
1123021
1123355
1123384
1123709
1123771
1123799
1124098
1124667
1124842
1124931
1125076
1125360
1125424
1125449
1125748
1126012
1126049
1126313
1126506
1126986
1126991
1127018
1127063
1127091
1127295
1127333
1127584
1128015
1128127
1128187
1128607
1128678
1128740
1128848
1128940
1129369
1129375
1130155
1130193
1130233
1130596
1130726
1130751
1130848
1130856
1130874
1130922
1130946
1130986
1130987
1131140
1131278
1131765
1132908
1133215
1133357
1133670
1133906
1134422
1134687
1134845
1134887
1135181
1135386
1135461
1135574
1136033
1136062
1136179
1136463
1136618
1136871
1137146
1137372
1137612
1137690
1137802
1138219
1138260
1138508
1138559
1138640
1138680
1139418
1139485
1139603
1139714
1139853
1140497
1140966
1141028
1141709
1141807
1141965
1142104
1142385
1143156
1143262
1143295
1143330
1143423
1143656
1143832
1143957
1143994
1144107
1144159
1144644
1144858
1144911
1144964
1144980
1144989
1144989
1145431
1146057
1146136
1146221
1146367
1146453
1146604
1146675
1146869
1146922
1147091
1147338
1147773
1147907
1147957
1147961
1147996
1148179
1148192
1148207
1148845
1149279
1149611
1149809
1149920
1150017
1150110
1150448
1150778
1151017
1151125
1151199
1151232
1151655
1151676
1151686
1151851
1152049
1152214
1152293
1152350
1152646
1152751
1152781
1152856
1153001
1153045
1153265
1153301
1153436
1153647
1153658
1153951
1153997
1154203
1154223
1154282
1154494
1155073
1155209
1155246
1155265
1155306
1155352
1155538
1155728
1156020
1156117
1156370
1156622
1156960
1157109
1157259
1157282
1157651
1157692
1157865
1158141
1158180
1158380
1158422
1158481
1158621
1159117
1159949
1160616
1160668
1160792
1160813
1160945
1161141
1161170
1161812
1161824
1162179
1162182
1163012
1163113
1163560
1163615
1163660
1163729
1163736
1164214
1164220
1164597
1164635
1164642
1165128
1165161
1165197
1165290
1165690
1165824
1166233
1167263
1167280
1167349
1167467
1167587
1167617
1168140
1168212
1168479
1168547
1168952
1168959
1169205
1169547
1169556
1169602
1170055
1170174
1170204
1170251
1170328
1170393
1170471
1170594
1170835
1170873
1170955
1171286
1172255
1172291
1172838
1173212
1173514
1173976
1174050
1174538
1174715
1174889
1175267
1175302
1175353
1176502
1176560
1176596
1177143
1177983
1178003
1178567
1178817
1179059
1179426
1179498
1179672
1179959
1180838
1181244
1181624
1181630
1181808
1181952
1182713
1182730
1182731
1182991
1183076
1183438
1183804
1183820
1183927
1184038
1184102
1184122
1184159
1184279
1184654
1184887
1185080
1186544
1186625
1187045
1187475
1187903
1188031
1188080
1188706
1188761
1188846
1188879
1188920
1188946
1188956
1188957
1188996
1189051
1189200
1189349
1189498
1189746
1189833
1189864
1190686
1190719
1190873
1190997
1191036
1191223
1191384
1191537
1191817
1191835
1192042
1192177
1192426
1192456
1192648
1192688
1192695
1192719
1193024
1193471
1193473
1193597
1193607
1193727
1193743
1193825
1194849
1194859
1194968
1195248
1195270
1195279
1195306
1195533
1195976
1196028
1196244
1196568
1196737
1196800
1196847
1196853
1196861
1196954
1197034
1197455
1197504
1197864
1197879
1198149
1198224
1198626
1198652
1198666
1198702
1199156
1199276
1199380
1199411
1199516
1199780
1199806
1200128
1200298
1200540
1200579
1200636
1200684
1200933
1201123
1201468
1201821
1201991
1202872
1202934
1203024
1203180
1203341
1203455
1203507
1203590
1203715
1203890
1203914
1203952
1203952
1204281
1204282
1204423
1204581
1204626
1204870
1204898
1204944
1204997
1205016
1205034
1205237
1205285
1205339
1205569
1205852
1205898
1206277
1206299
1206714
1206767
1207003
1207156
1207171
1207203
1207350
1207793
1208120
1208521
1208647
1208752
1208815
1209183
1209319
1209322
1209384
1209400
1209429
1209468
1210098
1210762
1210896
1210936
1211043
1211222
1211684
1211755
1211905
1212058
1212124
1212337
1212591
1212892
1212993
1213300
1213315
1213331
1213440
1213844
1214229
1214352
1215203
1215248
1215404
1215422
1215430
1215572
1215923
1216093
1216250
1216413
1216413
1216470
1216571
1216571
1216623
1216698
1216752
1217039
1217285
1217296
1217428
1217506
1218230
1218471
1218776
1218868
1218956
1219176
1219473
1219553
1219754
1219867
1220365
1220936
1221005
1221252
1221485
1221527
1221602
1221758
1222265
1222330
1222468
1222600
1222623
1222890
1222992
1223015
1223034
1223149
1223372
1223411
1223983
1225056
1225064
1225303
1225323
1225416
1225430
1225563
1225657
1226020
1226064
1226428
1226989
1227176
1227327
1227535
1228213
1228275
1228561
1228581
1228982
1229373
1230369
1230391
1230462
1230912
1231453
1231458
1231573
1231682
1231723
1231866
1232863
1233308
1233348
1233409
1233699
1233822
1233883
1233897
1233904
1234321
1234524
1234678
1234692
1234831
1234940
1235005
1235098
1235254
1235350
1235363
1235906
1236093
1236136
1236292
1236482
1236495
1237042
1237360
1237374
1237469
1237966
1238143
1238351
1238596
1238803
1239098
1239118
1239449
1239702
1240323
1240417
1240438
1241273
1241335
1241345
1242179
1242191
1242299
1242445
1242808
1242979
1243232
1243397
1243436
1243504
1243631
1243668
1243756
1244332
1245062
1245412
1245926
1246418
1246426
1246470
1246671
1246888
1246902
1246961
1247115
1247177
1247512
1247702
1247873
1248156
1248196
1248420
1248612
1248776
1249087
1249262
1249406
1249559
1249938
1249942
1250450
1250727
1250961
1251015
1251097
1251254
1251406
1251421
1251586
1251588
1251929
1251931
1252316
1252515
1252632
1252761
1253119
1253318
1253812
1253938
1254335
1254404
1254433
1254490
1254683
1254779
1255052
1256020
1256092
1256334
1256530
1256852
1257320
1257379
1257430
1257494
1257520
1257568
1257854
1258110
1258292
1258486
1258945
1258954
1259101
1259235
1259547
1259996
1260291
1260307
1260494
1261085
1261425
1261929
1261982
1262116
1262466
1262597
1262677
1262783
1262809
1262863
1262879
1263024
1263039
1263588
1264258
1264624
1264912
1264944
1265034
1265225
1265554
1265607
1265755
1265932
1266030
1266190
1266467
1266863
1267158
1267300
1267506
1267581
1267713
1267936
1268448
1268947
1268995
1269120
1269166
1269248
1269308
1270132
1270173
1270274
1270503
1270672
1270929
1271071
1271187
1271206
1271382
1271482
1271558
1271628
1271724
1271818
1271991
1272002
1272077
1273119
1273289
1273358
1273891
1273910
1273918
1274129
1274186
1274470
1274490
1275012
1275477
1276455
1276994
1277193
1277224
1277234
1277683
1277773
1277931
1278511
1278624
1278641
1278725
1279213
1279273
1279687
1279901
1280199
1280415
1280618
1280980
1281407
1281798
1281859
1282004
1282205
1282333
1282358
1282510
1282609
1282693
1282841
1283149
1283350
1283470
1283574
1283643
1283978
1284120
1284588
1284996
1285632
1286196
1286311
1286403
1286675
1286692
1286869
1287351
1287643
1287895
1287918
1288334
1288496
1288632
1288697
1288773
1288991
1289030
1289675
1289703
1289762
1289998
1290377
1290743
1291161
1291495
1292142
1292374
1292505
1292737
1292844
1292974
1293026
1293177
1293191
1293234
1293844
1294042
1294310
1294594
1294604
1294851
1295153
1295345
1295450
1295727
1295783
1295914
1295988
1296357
1296555
1296642
1296823
1297502
1297585
1297594
1297598
1297675
1297689
1299620
1299697
1300140
1300921
1301042
1301076
1301387
1301490
1301611
1301668
1301869
1301877
1302401
1302425
1302504
1303533
1303827
1303951
1303994
1304824
1305901
1306094
1306168
1306367
1306619
1307428
1307432
1307846
1308099
1308353
1309154
1309260
1309545
1309619
1309769
1309953
1310023
1310255
1310357
1310564
1310910
1311022
1311038
1311209
1311820
1311871
1312089
1312116
1312220
1312331
1312515
1312740
1312754
1312842
1312903
1313193
1313312
1313440
1313618
1313775
1314054
1314239
1314367
1314511
1314585
1315010
1315486
1315600
1315900
1316100
1316132
1316427
1316427
1316533
1316569
1316858
1317116
1317415
1317474
1317587
1317719
1318036
1318041
1318297
1318496
1318531
1319058
1319452
1319651
1319719
1319833
1319892
1319899
1320019
1320230
1320306
1320848
1320874
1320912
1320992
1321405
1321545
1322498
1322764
1323029
1323056
1323492
1323671
1323838
1323976
1324123
1324217
1324530
1324693
1325188
1325767
1326075
1326256
1326474
1326566
1326672
1326923
1327165
1327289
1327295
1328043
1328062
1328192
1328229
1328513
1329160
1329295
1329926
1330609
1330748
1330771
1331118
1331166
1331259
1331272
1331549
1331628
1331789
1332182
1332215
1332727
1332936
1333008
1333529
1334103
1334168
1334273
1334304
1334344
1334540
1334683
1334911
1334934
1335242
1335475
1335552
1336509
1336924
1337330
1337818
1338020
1338324
1338467
1338605
1338701
1338987
1339118
1339310
1339524
1339627
1339755
1340023
1340079
1340168
1340175
1340410
1340446
1340566
1340598
1340736
1341058
1341093
1341302
1341400
1341710
1341725
1342122
1342127
1342199
1342225
1342359
1342429
1342787
1342976
1343019
1343242
1343265
1344023
1344135
1344217
1344548
1344584
1344778
1344900
1344929
1345071
1345132
1345333
1346015
1346105
1346339
1346437
1346647
1346771
1347203
1347450
1347569
1347626
1347851
1348233
1348280
1348339
1348368
1348578
1348815
1349043
1349045
1349097
1349321
1349338
1349378
1349657
1349773
1349779
1349804
1349989
1350054
1350058
1350229
1350486
1350501
1350573
1350594
1350664
1350678
1350706
1350818
1350946
1351150
1351283
1351492
1351734
1352070
1353020
1353144
1353536
1353642
1353777
1354024
1354037
1354657
1354692
1354695
1354749
1355397
1355400
1356013
1356159
1356174
1356197
1356386
1356394
1356461
1356874
1357098
1357276
1357297
1357634
1357890
1358096
1358241
1358387
1358477
1358648
1358672
1358960
1359073
1360490
1360522
1360561
1360732
1361395
1361619
1361651
1361741
1361832
1362026
1362038
1362103
1362263
1362744
1363313
1363367
1363416
1364035
1364104
1364424
1365323
1365380
1365556
1365693
1365745
1366144
1366425
1366571
1366721
1366725
1366755
1367363
1367804
1367961
1367970
1367979
1368261
1368500
1368655
1368842
1369374
1369448
1369480
1369616
1369682
1369736
1369763
1370037
1370169
1370226
1371025
1371127
1371318
1371535
1372506
1372886
1373038
1373103
1373154
1373398
1373438
1373456
1373574
1373922
1373974
1374002
1374020
1374903
1374951
1375184
1375216
1375236
1375287
1375338
1375749
1376309
1376388
1376419
1376556
1376580
1376692
1377019
1377747
1377961
1378083
1378087
1378135
1378147
1378385
1378950
1379152
1379269
1380248
1380824
1381052
1381738
1382066
1382672
1382761
1382843
1382999
1383515
1383588
1383849
1384608
1384719
1384796
1384874
1385391
1385749
1385796
1385880
1385892
1386001
1386145
1386316
1386394
1386534
1386580
1386646
1386675
1386790
1386888
1387374
1387377
1387736
1387846
1387951
1388572
1388604
1388613
1388618
1388898
1388917
1389124
1389374
1389512
1389770
1389914
1390014
1390084
1390574
1390634
1390860
1390870
1390962
1391341
1391459
1391844
1392030
1392078
1392224
1392604
1392911
1392936
1393446
1393684
1393735
1394405
1394427
1394433
1394451
1394499
1394706
1394730
1394838
1395203
1395616
1395640
1395936
1395949
1396049
1396268
1396339
1396744
1397025
1397084
1397160
1397247
1397354
1397561
1398072
1398355
1398444
1398815
1399063
1399103
1399200
1399237
1399382
1399774
1400112
1400788
1400789
1400799
1400830
1400995
1401537
1402023
1402234
1402260
1402693
1402717
1402781
1403134
1403269
1403391
1403510
1403517
1403677
1403813
1403835
1404018
1404132
1404157
1404651
1404737
1404798
1404883
1404964
1404984
1405017
1405091
1405368
1405600
1405856
1406004
1406123
1406454
1406552
1406873
1406904
1407238
1407357
1407412
1407475
1408133
1408602
1408898
1409002
1409089
1409241
1409272
1409725
1409831
1410238
1410635
1410926
1411007
1411438
1411513
1411703
1411825
1411996
1412046
1412066
1412086
1412652
1412661
1412781
1413467
1413726
1413874
1414230
1414650
1414899
1415210
1415248
1415459
1415509
1415514
1415779
1415841
1416154
1416230
1416552
1417274
1417296
1417456
1417898
1418001
1418027
1418470
1418749
1419084
1419128
1419505
1419831
1419875
1420220
1421274
1421369
1422129
1422439
1422469
1422684
1422773
1423059
1423294
1423320
1423999
1424332
1424506
1424792
1424794
1424824
1425178
1425817
1426011
1426258
1426406
1426432
1426434
1426719
1426834
1427057
1427115
1427219
1427410
1427546
1427580
1427713
1427728
1427861
1427905
1427906
1427973
1428202
1428511
1428768
1429110
1429117
1429331
1429541
1429644
1429746
1429808
1430038
1431023
1431027
1431568
1431740
1431785
1431787
1431897
1432054
1432069
1432329
1432603
1432716
1432728
1433445
1433861
1434206
1434265
1434337
1434465
1434619
1434759
1434916
1435072
1435341
1435701
1436301
1436668
1436774
1436905
1436914
1437202
1437388
1437555
1438336
1438360
1439314
1439420
1439789
1439883
1440374
1441151
1441208
1441406
1441486
1441862
1442004
1442047
1442066
1442390
1442464
1442671
1442698
1442848
1443022
1443229
1443277
1443287
1443345
1443605
1443999
1444078
1444223
1444392
1444673
1445030
1445183
1445231
1445261
1445804
1445978
1446537
1446591
1446767
1446769
1446815
1446893
1447082
1447190
1447421
1447432
1447942
1448023
1448163
1448316
1448411
1448847
1448899
1448949
1449036
1449210
1449217
1449319
1449389
1449497
1449574
1449699
1449774
1449968
1450207
1450228
1450300
1450440
1450460
1450763
1450961
1450964
1451121
1451183
1451207
1451392
1451434
1451832
1451877
1452067
1452271
1452377
1452837
1452901
1452958
1453113
1453419
1453544
1453666
1454315
1454324
1454759
1454785
1454881
1455373
1455374
1455405
1455719
1455795
1455904
1455911
1456197
1456825
1456951
1457356
1457424
1457471
1458232
1458327
1458451
1458512
1458537
1459940
1460023
1460257
1460262
1460394
1460507
1460778
1461051
1461069
1461350
1461619
1461646
1461690
1461691
1462351
1462361
1462680
1462872
1463041
1463407
1463552
1464869
1465160
1465254
1465332
1465482
1465511
1465657
1465831
1465883
1466466
1466517
1466593
1466790
1466799
1467224
1467407
1468198
1468235
1468378
1468907
1469183
1469235
1469273
1469566
1470025
1470243
1470252
1470367
1470505
1470523
1470921
1471039
1471468
1472972
1472982
1474007
1474536
1475200
1475204
1475429
1475819
1475933
1476065
1476544
1476593
1477201
1477512
1477593
1477671
1477698
1477704
1477751
1477934
1478239
1478279
1478457
1479124
1479438
1479490
1479598
1480022
1480054
1480092
1480101
1480130
1480150
1480386
1480390
1480420
1480487
1480536
1480573
1480593
1480677
1480917
1481131
1481252
1481839
1481853
1481917
1481959
1481990
1482418
1482544
1482573
1482640
1482693
1482777
1482845
1483088
1483498
1483876
1484171
1484208
1484279
1484424
1484508
1484684
1484920
1485373
1485424
1485587
1486079
1486359
1486927
1487102
1487137
1487472
1487532
1487692
1487894
1487945
1488098
1488146
1488151
1488167
1488402
1488460
1488796
1489049
1489157
1489257
1489492
1489563
1489609
1489702
1489746
1489762
1489936
1490308
1490494
1490975
1491204
1491645
1491733
1491925
1492151
1492552
1492705
1492806
1493539
1493718
1493770
1493940
1494244
1494613
1494830
1494861
1495654
1496046
1496263
1496708
1496744
1497259
1497868
1498441
1498966
1499029
1499394
1499690
1499892
1500067
1500584
1500978
1501011
1501167
1501228
1501255
1501269
1501453
1501645
1502114
1502222
1502286
1502403
1502748
1502954
1503213
1503964
1504024
1504086
1504229
1504347
1504426
1504986
1505433
1505527
1505652
1505768
1505820
1506094
1506135
1506288
1506472
1506525
1506766
1506827
1506830
1506905
1507396
1507404
1507604
1507637
1507743
1507798
1508319
1508386
1508475
1508763
1508989
1509259
1509903
1509978
1509985
1510055
1510224
1510376
1510710
1510733
1510748
1511082
1511084
1511251
1511498
1511600
1511734
1511936
1512093
1512424
1512593
1512665
1513307
1513409
1513516
1513887
1514076
1514103
1514207
1514355
1514399
1514402
1514668
1514757
1515228
1515557
1515628
1515691
1516374
1516526
1516865
1517540
1517582
1517728
1517770
1518072
1518692
1518759
1518925
1519184
1519283
1519340
1519831
1520026
1520064
1520265
1520392
1520713
1520829
1520901
1521101
1521271
1521376
1521555
1521808
1521843
1521866
1521874
1522013
1522033
1522893
1523109
1523275
1523290
1523386
1523591
1523632
1524005
1524188
1524344
1524933
1525194
1525219
1525221
1525301
1525923
1526325
1526527
1526596
1527146
1527198
1527349
1527777
1528343
1528467
1528519
1528555
1528608
1528616
1529556
1529743
1530181
1530303
1530677
1530956
1531029
1531518
1531620
1531744
1532447
1532459
1532465
1532934
1533057
1533247
1533380
1533451
1533720
1534031
1534033
1534082
1534555
1534680
1534715
1535168
1535386
1535680
1535843
1535888
1536114
1536361
1536391
1536473
1537160
1537203
1537223
1537345
1537518
1537644
1537781
1538254
1538318
1538426
1538600
1538615
1538748
1539781
1539824
1540319
1540480
1541035
1541324
1541347
1541537
1542186
1542330
1542533
1542562
1542570
1542571
1542838
1542967
1544055
1544314
1544781
1544878
1544957
1544979
1545080
1545258
1545301
1545303
1545464
1545824
1546099
1546112
1546152
1546218
1546258
1546434
1546490
1546552
1547006
1547131
1547354
1547586
1547879
1547951
1548350
1548612
1548774
1549483
1549790
1549921
1550136
1550139
1550168
1550342
1550555
1550708
1550794
1551033
1551036
1551717
1551721
1552045
1552077
1552110
1552205
1552265
1552395
1552599
1553058
1553409
1553450
1553591
1553699
1553782
1553805
1553924
1554096
1554617
1554966
1555013
1555298
1555412
1555451
1555521
1555564
1555903
1555935
1556320
1556366
1556688
1556726
1556749
1557004
1557268
1557368
1557752
1558017
1558451
1558813
1558892
1559050
1559369
1559384
1559392
1559401
1559951
1561017
1561041
1561689
1562058
1562595
1562639
1562883
1562936
1562996
1563189
1563629
1563882
1563962
1563973
1564353
1564577
1564581
1564795
1565004
1565058
1565436
1565653
1565669
1565866
1565884
1566212
1566235
1566626
1566887
1566962
1567052
1567390
1568099
1568188
1568656
1568708
1568745
1568766
1568964
1569055
1569105
1569188
1569269
1569395
1569568
1569625
1569646
1570210
1570342
1570522
1570678
1570826
1571070
1571386
1571859
1572165
1572337
1572387
1572516
1572642
1572649
1572859
1573087
1573361
1573437
1573485
1573537
1573683
1573721
1574774
1574911
1575276
1575548
1575602
1575812
1575909
1575956
1576040
1576170
1576220
1576378
1576622
1577095
1577226
1577587
1577794
1577906
1577948
1578066
1578361
1578404
1578547
1578634
1578768
1579311
1579607
1579669
1579761
1579766
1579777
1579928
1580060
1580244
1580594
1580671
1580710
1580721
1580797
1580861
1580980
1581163
1581582
1581592
1582088
1582094
1582225
1582510
1582849
1583042
1583139
1583477
1583739
1583950
1584055
1584308
1584370
1584419
1584583
1584896
1585040
1585466
1585574
1585694
1586538
1586674
1586912
1587740
1588047
1588147
1588608
1589041
1589060
1589081
1589244
1589272
1589566
1589579
1589966
1590009
1590407
1590597
1590955
1591110
1591222
1592146
1592757
1592836
1593109
1593347
1593966
1594401
1594636
1594793
1594845
1594852
1594853
1594930
1595148
1595177
1596041
1596096
1596226
1596537
1596609
1596684
1597031
1597032
1597119
1597685
1597741
1598000
1598076
1598242
1598313
1598421
1598771
1598963
1599760
1600299
1600425
1600479
1600613
1600676
1601166
1601400
1601621
1602487
1602511
1602699
1603078
1603229
1603240
1603452
1603598
1603628
1603636
1603680
1603853
1603859
1603874
1603924
1604644
1604658
1604832
1604894
1605316
1605366
1605402
1605404
1605435
1605546
1605550
1605892
1605970
1606684
1607123
1607167
1607173
1607358
1607934
1608107
1608154
1608214
1608430
1608761
1608901
1609002
1609589
1609734
1610041
1610075
1610527
1610833
1611333
1611582
1611633
1612371
1612430
1613062
1613455
1613470
1613482
1613485
1613490
1613491
1613638
1614369
1614486
1614559
1614662
1615121
1615204
1615258
1615481
1615726
1615858
1616013
1616020
1616021
1616758
1616768
1617041
1617350
1617435
1617903
1618158
1618338
1618531
1618855
1619028
1619203
1619403
1619713
1619887
1619932
1620719
1621017
1621497
1621973
1622495
1622825
1623144
1623147
1623482
1623593
1623654
1623819
1624297
1624492
1624514
1624816
1624857
1625010
1625091
1625139
1625425
1625780
1625793
1626086
1626331
1626643
1626773
1626981
1627192
1627302
1627317
1627733
1627820
1627880
1628136
1628201
1628482
1628692
1628738
1628740
1629691
1629896
1630210
1630281
1630377
1630411
1630485
1630524
1631043
1632254
1632464
1632583
1632739
1632868
1633185
1633335
1633583
1633622
1634178
1634219
1634248
1634298
1634482
1634587
1634666
1634749
1634771
1635172
1635188
1635524
1635635
1635705
1635856
1636103
1636223
1636336
1636381
1636476
1636697
1637008
1637094
1637514
1637880
1638202
1638207
1638256
1638543
1638548
1638912
1638982
1639277
1639510
1639531
1639664
1640166
1640185
1640306
1640426
1640528
1640574
1640586
1640825
1640866
1641171
1641341
1641566
1642025
1642036
1642338
1642357
1642508
1642750
1642929
1643062
1643389
1643530
1643908
1644161
1644440
1644517
1644611
1644971
1645788
1646204
1646538
1646904
1646969
1647239
1647962
1648114
1648419
1648540
1648788
1648854
1648890
1648920
1649064
1649640
1650114
1650530
1650591
1650862
1650882
1650893
1650947
1651106
1651283
1651444
1651485
1651514
1651586
1652237
1652679
1652710
1653107
1653305
1653356
1653373
1653404
1653484
1653731
1653840
1654333
1654458
1654605
1654617
1654670
1655072
1655299
1655581
1655900
1655903
1655903
1656392
1656557
1656649
1656961
1657055
1657099
1657104
1657643
1657702
1657748
1658014
1658268
1658548
1659029
1659044
1659095
1659624
1659728
1659780
1659873
1659889
1659946
1660037
1660157
1660693
1661183
1661321
1661540
1661636
1662064
1662330
1662427
1662456
1663038
1663130
1663147
1663358
1663444
1663781
1663793
1663804
1663840
1663852
1664047
1664224
1664434
1664480
1664491
1664703
1665043
1665097
1665329
1665367
1665493
1665502
1665558
1665579
1665587
1665846
1665967
1666057
1666281
1666368
1666499
1666547
1666968
1667208
1667660
1667678
1667759
1667793
1667961
1668150
1668428
1668714
1668939
1668946
1669158
1669497
1669589
1670205
1670668
1670698
1671036
1671136
1671216
1671821
1671897
1672010
1672185
1672436
1672590
1673123
1673768
1674396
1674784
1675229
1675266
1675751
1675868
1675947
1676027
1676311
1676391
1676498
1676608
1676737
1676894
1677034
1677067
1677195
1677570
1677622
1677773
1677874
1677910
1678435
1678891
1678951
1679154
1679155
1679195
1679421
1679594
1679712
1680063
1680140
1680305
1680330
1680529
1680657
1680901
1681083
1681170
1681300
1681301
1681326
1681500
1681735
1682036
1682246
1682264
1682392
1682407
1682481
1682539
1682550
1682793
1683475
1683800
1683994
1684332
1684533
1684687
1684844
1685232
1685242
1685777
1686121
1686282
1686589
1686816
1687116
1687231
1687731
1687889
1687890
1688412
1688791
1689053
1689238
1689246
1689452
1690323
1690465
1690688
1690840
1690881
1691039
1691267
1691449
1691935
1693298
1693636
1693716
1694004
1694308
1694362
1694598
1694906
1695035
1695067
1695170
1695801
1695923
1695969
1696092
1696125
1696479
1696868
1697323
1697484
1698413
1698424
1698533
1698534
1698709
1698966
1698982
1699100
1699307
1699329
1699435
1699506
1699660
1699665
1699751
1700008
1700141
1700174
1700296
1700358
1700383
1700521
1700610
1700936
1701118
1701279
1701457
1701870
1702043
1702529
1702784
1702872
1702986
1703171
1703566
1703709
1703849
1703923
1703970
1704044
1704282
1704688
1704799
1704899
1705146
1705366
1705380
1705468
1705766
1706105
1706203
1706295
1706601
1706662
1706744
1706751
1706903
1707156
1707392
1707639
1707640
1707693
1707828
1707936
1708278
1708593
1708673
1708991
1709078
1709172
1709293
1709310
1709496
1709572
1709744
1709801
1709819
1709829
1709990
1710220
1710296
1710349
1710646
1710907
1711036
1711153
1711155
1711258
1711379
1711505
1711566
1711605
1711945
1712549
1712620
1712933
1713360
1713385
1713855
1713871
1713982
1714549
1715293
1715298
1715467
1715585
1715674
1716022
1716203
1716250
1716261
1716416
1716511
1716742
1716856
1717162
1717320
1717390
1717830
1717920
1718414
1718923
1718936
1718958
1718986
1719100
1719136
1719252
1719450
1719463
1719698
1719991
1720027
1720304
1720316
1720420
1720523
1720595
1720725
1720748
1721072
1721232
1721507
1721633
1721666
1722015
1722097
1722281
1722408
1723554
1723574
1723599
1723685
1723773
1724249
1724284
1724514
1724598
1724807
1724999
1725382
1725430
1725796
1725926
1725926
1726164
1726216
1726577
1726648
1726894
1727019
1727181
1727317
1727440
1727574
1727816
1727861
1728122
1728262
1728538
1728634
1728672
1728738
1728982
1729239
1729618
1729687
1730230
1730375
1730733
1730749
1730927
1731030
1731241
1731248
1731307
1731369
1731551
1731876
1731937
1731972
1732158
1732304
1732583
1732621
1732667
1732673
1732902
1732943
1733048
1733388
1733919
1734032
1734063
1734403
1734433
1734574
1734782
1734915
1735136
1735190
1735220
1735224
1735662
1735870
1735902
1735927
1736258
1736314
1736515
1736708
1737614
1737624
1737880
1737898
1738034
1738054
1738122
1738703
1738871
1739165
1739347
1739402
1739598
1739838
1739872
1739941
1740030
1740188
1740433
1740534
1740776
1741756
1741878
1742209
1742404
1742506
1742567
1743051
1743100
1743281
1743595
1744070
1744344
1744638
1744823
1744882
1744976
1745042
1745672
1746158
1746495
1746516
1746567
1747176
1747187
1747535
1747817
1747907
1747920
1748038
1748228
1748326
1748419
1748475
1748751
1748754
1748902
1748903
1748944
1749138
1749430
1749476
1749602
1749829
1750211
1750420
1750882
1751030
1751212
1751224
1751405
1751697
1751871
1752036
1752135
1752442
1752665
1752744
1752923
1753403
1753517
1753729
1753829
1753914
1753955
1753971
1754042
1754393
1754725
1754730
1755706
1756401
1756421
1756752
1756875
1757020
1757267
1757963
1757993
1758277
1758369
1758543
1758804
1758969
1758981
1759186
1759682
1759726
1759817
1759915
1760444
1760560
1760618
1760933
1761089
1761149
1761191
1761833
1761862
1762005
1762438
1762512
1762528
1762695
1762728
1762995
1763020
1763162
1763605
1763638
1763739
1763783
1763882
1763893
1764036
1764712
1764863
1765036
1765054
1765083
1765160
1765601
1765768
1765774
1765853
1766063
1766088
1766117
1766328
1766376
1766401
1766434
1766449
1766450
1766897
1767123
1767244
1767559
1767656
1767908
1768052
1768879
1768895
1769114
1769197
1769228
1769630
1769636
1769734
1769827
1770076
1770113
1770238
1770520
1770752
1771021
1771094
1771355
1771478
1771770
1771875
1772080
1772153
1772168
1772336
1772611
1773046
1773062
1773097
1773203
1773644
1773665
1773747
1773814
1774067
1774271
1775505
1775553
1775659
1775683
1776069
1776137
1776177
1776218
1776291
1776487
1776943
1777067
1777291
1777327
1777505
1778132
1778198
1779176
1779686
1779793
1779854
1779954
1780347
1780434
1780568
1780883
1781173
1781421
1781722
1781879
1782247
1782260
1782342
1782632
1783087
1783403
1783422
1784533
1784722
1784754
1785243
1785260
1785446
1785486
1785623
1785677
1785995
1786419
1786443
1786635
1786917
1787176
1787295
1787335
1787558
1787597
1787746
1787789
1787955
1787981
1788502
1788507
1788551
1788554
1788619
1788646
1788651
1788681
1789661
1790080
1790223
1790233
1790457
1790524
1790593
1791481
1791722
1791818
1792091
1792101
1792112
1792276
1792641
1792753
1793068
1793398
1793646
1793692
1793878
1794117
1794131
1794143
1794152
1794370
1795452
1795519
1795881
1795893
1796448
1796502
1796656
1796698
1797234
1797242
1797331
1797430
1797604
1797662
1797759
1797860
1798188
1798301
1798649
1798682
1799107
1799777
1799834
1800045
1800063
1800125
1800198
1801179
1801304
1801724
1801735
1802044
1802654
1802679
1802696
1802746
1803419
1803757
1804081
1804369
1805169
1805586
1805625
1805646
1805787
1805970
1806551
1806675
1806727
1806914
1807027
1807181
1807619
1807666
1807980
1807982
1808038
1808528
1808745
1808970
1809215
1809321
1809324
1809516
1809556
1809900
1810419
1810923
1811113
1811507
1811528
1811893
1812107
1812282
1812997
1813203
1813500
1813565
1814128
1814210
1815186
1815191
1815401
1815454
1815625
1815786
1815942
1816281
1816411
1816624
1817034
1817098
1817611
1817742
1818178
1818353
1818609
1818809
1819142
1819149
1819380
1819675
1819863
1820685
1820787
1821032
1821098
1821201
1821247
1821407
1821486
1821618
1821981
1821989
1822765
1822770
1822801
1823234
1823238
1823281
1823318
1823333
1823437
1823665
1823719
1823944
1824719
1824933
1824966
1825094
1825220
1825316
1826517
1826566
1826760
1827211
1827259
1827518
1827583
1828107
1828475
1828499
1828510
1828624
1828651
1828766
1828994
1829229
1829473
1829719
1829905
1830455
1830562
1830709
1830726
1830880
1831036
1831344
1831393
1831618
1831675
1831761
1831790
1832251
1832503
1832648
1832685
1832803
1832819
1833089
1833190
1833319
1833338
1833410
1833497
1833931
1834280
1834649
1834748
1835619
1835767
1835815
1835947
1836482
1836500
1836816
1837019
1837526
1837908
1838416
1838441
1838546
1838851
1838970
1839217
1839254
1839416
1839763
1839900
1839903
1839927
1839948
1840145
1840269
1840599
1840625
1840670
1840846
1840948
1841021
1841286
1841398
1841434
1841478
1841614
1842161
1842608
1842697
1843383
1843508
1843532
1843644
1843749
1843869
1843874
1843924
1844031
1844101
1844244
1844698
1844755
1844815
1845337
1845367
1845415
1845555
1845689
1845865
1845934
1845980
1846471
1846584
1846592
1846710
1846861
1846942
1847156
1847239
1847353
1847492
1847709
1848311
1848479
1848530
1849319
1849325
1849327
1849670
1849685
1849774
1850031
1850101
1850310
1850444
1850556
1850822
1851223
1851298
1851455
1851554
1851852
1851894
1852115
1852147
1852260
1852277
1852877
1853076
1853456
1853597
1853715
1853965
1854278
1854874
1855279
1855309
1855566
1855708
1855839
1856136
1856183
1856420
1856442
1856736
1856925
1856974
1857294
1857621
1857751
1857985
1858287
1858949
1859053
1859083
1859408
1859435
1859495
1859556
1861051
1861521
1861579
1861916
1862191
1862436
1862444
1862690
1862890
1863064
1863216
1863548
1863717
1863889
1863968
1864150
1864208
1864278
1864388
1864781
1865785
1866118
1866242
1866603
1866837
1866984
1867059
1867134
1867284
1867644
1867715
1868028
1868065
1868497
1868580
1868593
1868685
1868887
1869030
1869063
1869373
1869376
1870233
1870513
1870710
1870903
1870936
1871244
1871564
1871595
1871958
1872314
1872427
1872557
1872816
1872851
1872921
1872941
1873102
1873570
1873595
1873952
1873990
1874249
1874274
1874945
1875038
1875055
1875174
1875521
1875597
1875949
1876215
1876538
1876567
1876992
1877534
1877690
1877788
1878331
1878516
1878834
1878965
1878972
1879002
1879087
1879143
1879182
1879221
1879362
1879396
1879908
1880009
1880017
1880047
1880431
1880528
1880600
1880678
1881075
1881522
1881741
1881751
1882125
1882207
1883113
1883827
1883940
1883988
1884825
1885004
1885260
1885335
1885524
1885583
1886300
1886360
1886546
1886974
1886991
1887023
1887117
1887286
1887367
1887463
1887468
1887714
1888132
1888134
1888239
1888581
1888727
1888888
1888971
1889027
1889033
1889089
1889481
1889701
1889727
1889932
1890231
1890245
1890324
1890810
1890900
1891048
1891156
1891448
1891595
1891609
1891676
1892247
1892654
1892665
1892759
1892889
1893098
1893168
1893242
1893678
1893807
1893922
1893957
1893994
1894179
1894184
1894547
1895107
1895375
1895391
1895575
1895595
1895841
1895887
1896018
1896038
1896156
1896234
1896419
1896536
1896689
1896740
1896780
1897741
1897808
1898239
1898594
1899177
1899446
1899447
1899575
1900110
1900306
1900408
1900542
1900943
1901023
1901414
1901460
1901555
1901689
1901708
1901963
1901976
1902356
1902466
1902473
1903164
1903375
1905054
1905075
1905227
1905410
1905560
1905682
1906232
1906274
1906818
1906983
1907092
1907122
1907275
1907539
1907910
1907917
1907950
1908105
1908598
1908792
1909206
1909316
1909339
1909360
1909448
1909614
1909805
1910094
1910416
1910689
1910699
1910738
1911027
1911112
1911169
1911380
1911380
1911471
1911496
1911585
1912495
1912575
1912651
1912816
1913069
1913425
1913471
1913624
1913662
1913685
1913721
1914050
1914138
1914367
1915153
1915388
1915550
1915700
1915822
1915875
1915904
1916112
1916249
1916418
1916624
1916817
1916877
1917020
1917049
1917340
1917574
1917840
1917997
1918525
1918618
1918670
1919346
1919655
1919759
1919760
1919853
1919974
1919989
1920222
1920327
1920735
1920938
1920998
1921057
1921861
1921989
1922348
1922917
1922986
1923333
1923586
1923599
1923714
1923735
1923918
1923924
1924079
1924187
1924188
1924577
1924579
1924733
1924859
1924888
1925045
1925274
1925351
1925352
1925456
1925590
1925795
1925825
1926219
1926221
1926443
1926502
1926711
1926894
1926911
1927196
1927364
1927850
1927871
1927917
1928294
1928637
1928710
1928736
1928777
1928812
1928880
1928925
1928927
1929030
1929780
1929830
1929866
1929954
1929975
1930172
1930208
1930335
1930650
1930954
1931351
1931471
1931678
1931727
1931997
1932490
1932647
1932677
1932681
1932757
1932792
1932798
1932809
1933060
1933069
1933253
1933500
1933991
1934354
1935010
1935121
1935655
1935778
1935845
1936012
1936169
1936406
1936455
1936612
1936702
1936984
1937264
1937282
1937323
1937564
1937591
1937711
1937712
1938004
1938032
1938445
1938656
1938940
1939232
1939301
1939488
1939784
1939784
1940030
1940377
1940566
1940677
1940857
1941111
1941244
1941471
1941682
1941922
1942191
1942422
1942524
1942543
1942727
1942744
1942842
1942960
1943301
1943399
1943525
1943538
1943764
1943978
1944272
1944674
1944772
1944791
1945068
1945194
1946230
1946327
1946410
1946581
1947286
1947625
1947701
1948223
1948376
1948869
1948983
1949068
1949079
1949178
1949331
1949340
1949483
1949820
1949989
1950169
1950430
1950438
1950544
1951257
1951831
1951915
1952227
1952396
1952623
1952815
1953242
1953360
1953634
1953670
1953875
1953956
1954086
1954346
1954605
1954835
1954839
1955028
1955439
1955514
1955628
1955710
1955819
1955941
1956125
1956241
1956279
1956296
1956302
1957032
1957117
1957122
1957234
1957348
1957456
1957491
1957887
1958071
1958304
1958556
1958566
1958633
1958643
1958886
1959108
1959195
1959267
1959520
1959553
1959911
1960208
1960326
1960445
1960500
1960505
1960620
1961442
1961634
1961870
1962198
1962385
1962398
1962498
1962683
1963037
1963440
1963544
1963599
1963973
1964004
1964071
1964249
1964686
1964715
1965025
1965061
1965268
1965385
1965411
1965422
1966331
1966731
1967006
1967240
1967422
1967454
1968132
1968176
1968321
1968720
1968733
1968872
1968908
1968938
1969353
1969408
1969417
1969864
1970422
1970444
1970478
1970518
1970559
1970644
1970821
1970895
1971297
1971393
1971451
1971526
1971825
1971869
1972046
1972351
1973009
1973070
1973095
1973135
1973190
1973734
1974061
1974249
1974254
1974324
1974724
1974965
1975175
1975532
1975817
1976024
1976096
1976196
1976229
1976496
1976574
1976580
1977294
1977964
1978038
1978306
1979021
1979209
1979215
1979302
1979432
1979751
1979978
1980200
1980246
1980261
1980267
1980314
1980321
1980369
1980759
1980832
1981283
1981493
1981527
1981747
1981898
1982367
1982547
1982664
1982791
1982865
1982901
1983028
1983726
1984010
1984085
1984254
1984553
1984573
1984796
1985255
1986266
1986282
1986337
1986391
1986575
1986805
1987053
1987193
1987207
1987387
1987541
1987671
1987674
1988022
1988324
1988636
1988711
1989070
1989270
1989288
1989397
1989532
1990028
1990219
1990292
1990471
1990620
1990777
1990877
1991002
1991004
1991067
1991226
1991319
1991333
1991348
1991404
1991555
1991634
1991763
1991885
1992395
1992738
1992893
1992934
1993033
1993318
1993408
1993733
1993838
1993960
1994050
1994088
1994520
1994572
1994727
1994766
1994821
1995575
1995646
1995827
1995853
1996328
1996371
1996516
1996870
1996871
1996892
1996961
1997643
1997769
1997808
1997815
1998047
1998120
1998776
1998948
1999093
1999138
1999258
1999456
1999684
1999738
