insertion sort -> 5.9839372634887695, 6.030825138092041, 6.108946084976196, 6.108946084976456, 6.171425104141235
merge sort -> 0.07810831069946289, 0.07812070846557617, 0.07812047004699707, 0.07811999320983887, 0.07811808586120605
tim sort -> 0.015622377395629883, 0.0, 0.015624761581420898, 0.0, 0.015624046325683594
527
800
943
959
975
1703
1778
1815
1924
2101
2132
2301
2468
2546
2615
2984
2986
3021
3168
3858
3871
4230
4305
4393
4783
4870
5013
5030
5442
5783
6308
6369
6433
6438
6690
6935
6951
6952
7124
7279
7414
7464
7810
7973
8719
8785
8846
8869
8969
9265
9334
9419
9662
9795
9886
9886
9955
9981
10082
10124
10446
10500
10715
10823
10966
11257
11299
11998
12109
12385
12609
12704
12781
12794
13071
13196
13522
13603
13631
13643
14342
14629
14763
14998
15004
15028
15494
16324
16467
16494
17251
17351
17577
17682
17971
18282
18551
18904
19070
19130
19638
19739
19740
19864
20070
20729
21044
21211
21614
21634
21774
21896
22075
22183
22291
22488
22518
22551
23145
23503
23550
23603
23668
23701
23842
24056
24068
24297
24392
24407
24435
24437
24492
24596
24608
24792
24887
24899
24960
25391
25411
25427
25815
25954
26198
26289
26359
27047
27137
27200
27537
27549
27613
27971
28317
28368
28390
28590
28678
28683
28836
28909
29176
29461
29693
29925
30475
30497
30512
31052
31309
31312
31527
31652
31786
31799
32245
32309
32326
32334
32412
32597
32814
32830
32945
33358
33434
33606
33797
33854
33955
34009
34009
34041
34227
34562
34609
34625
35027
35031
35122
35646
35700
36347
36401
36419
36541
36745
36904
36934
37274
37351
37476
37537
37737
37899
37959
38152
38191
38339
38954
39029
39061
39126
39908
39917
39990
40150
40586
40606
41045
41075
41270
41385
41492
41588
41597
41631
41915
41930
42025
42174
42634
43342
43483
43585
43630
43676
43800
43806
43969
44299
44359
44603
44691
45303
45482
45629
46116
46272
46514
46636
47095
47255
47262
47270
47511
47688
47877
47929
48046
48475
48738
48785
48916
49812
50060
50782
50785
51434
51484
52377
52383
52389
52693
53097
53225
53414
54276
54282
54421
54439
54508
54741
54756
54887
55162
55199
55212
55812
56248
56434
56524
56702
56780
57887
57900
58016
58018
58835
58961
59239
59590
59672
59748
59811
60064
60178
60234
60400
60621
60914
60983
61078
61202
61370
61614
61623
61756
62002
62209
62405
63109
63114
63364
63455
63694
63708
63754
63904
63986
63989
64110
64278
64290
64377
64565
64582
64839
64985
65404
65419
65695
65717
66080
66197
66233
66475
66486
66697
66821
67262
67307
67559
67625
67728
67951
68194
68258
68362
68513
68774
68843
68859
69396
69479
69630
70027
70551
71760
71778
71882
71980
72459
72479
72902
73487
73618
73829
73838
74276
75593
75886
76296
77171
77222
77229
77348
77496
77501
77527
77687
78044
78243
78289
78627
78717
78807
79070
79084
79538
79562
79847
80157
80167
80463
80571
80679
80869
81130
81143
81237
81278
81517
82222
82570
82786
83130
83172
83477
83919
84048
84146
84215
84290
84514
84530
84828
84935
85000
85053
85071
85130
85170
85307
85356
86063
86387
86446
86619
86685
87131
87351
87380
87567
87607
87711
87725
87844
87956
87982
88001
88140
88709
88913
89320
89456
90172
90235
90260
90361
90775
90897
90998
91307
91438
91487
91603
91762
92060
92281
92437
92537
92570
92638
92750
92881
93174
93321
93542
93913
94126
94674
94692
94818
95325
95622
95951
96021
96159
96311
96434
96503
96658
96787
97432
97685
97925
98332
98617
98786
98788
98970
99150
99313
99530
99721
99754
99764
100031
100253
100286
100290
100937
101153
101263
101312
101379
101443
101614
101722
102783
102925
103069
103226
103357
103423
103616
103779
103975
104439
104497
104646
104760
104930
105137
105277
105352
105573
105654
105752
106261
106292
106553
106623
106820
106860
107028
107100
107357
107394
107416
107516
107519
107592
108005
108150
108444
108517
108571
108584
108677
108735
108862
109145
109360
109403
109424
109501
110001
110062
110155
110595
111232
111275
111288
111493
111494
111544
111999
112265
112278
112323
112581
112740
112827
113521
113627
113718
114025
114036
114164
114186
114462
114522
114810
114870
114877
115573
115705
115957
115979
116035
116232
116432
116558
116690
116857
117434
117460
117762
117864
117888
118608
118720
118813
119242
119384
119394
119431
119481
119709
120105
120138
120264
120369
121800
122030
122537
122824
122929
122951
123799
123844
123930
124146
124231
124381
124512
124578
124803
125248
126415
126509
126543
126835
127118
127156
127198
127206
127409
127687
127757
127944
128260
128358
128468
128605
129457
129495
129683
129804
129882
129907
129966
130351
130646
131125
131560
131635
131836
132356
132600
132757
132835
132869
133627
133645
133692
133856
133964
134617
134625
134878
134899
135002
135275
135377
135486
135819
136108
136176
136224
136514
136607
136780
136831
137060
137719
137763
137937
138215
138375
138404
138509
138530
139032
139249
139484
139900
140035
140120
140274
140392
140576
140590
141107
141157
141435
141449
141453
141518
141600
141616
141669
141823
141852
141989
142335
142387
142519
142569
142581
142616
142724
142889
142927
143200
143330
143842
144219
144309
144403
144590
144707
144869
145223
145266
145382
145680
145743
145788
145952
146009
146251
146641
146894
146923
147098
147451
147657
147927
147947
148373
148562
148992
149135
149907
150009
150653
150664
150664
150908
151000
151007
151330
151388
151424
151580
151624
151846
152343
152685
152892
153233
153412
153772
153789
153922
154030
154119
154428
155006
155414
155532
155609
155613
155963
156118
156153
156254
156476
157386
157534
158213
158300
158359
159382
159634
160118
160231
160237
160282
160343
160761
161135
161148
161319
161505
161649
161966
162153
162400
162820
162872
162935
163649
163735
163759
164101
164361
165043
165230
165580
165715
166150
166499
166760
166919
166989
167056
167258
167405
167435
167591
167652
168040
168620
168702
168856
169838
170045
170561
170630
170758
170853
171201
171319
172586
172676
172972
173027
173222
174138
174378
174452
174640
174752
174860
174986
174988
175176
175569
175630
176056
176241
176582
176611
176630
176742
176862
176952
177791
177922
178056
178160
178229
178331
178523
178687
178764
178791
178909
178958
179193
179296
179312
179393
179602
179744
179767
180057
180093
180094
180308
180410
180661
180995
181114
181288
181307
181474
181563
181730
181801
181896
182068
182152
182376
182415
182600
182644
182733
182752
182759
182809
182817
183172
183450
183680
183868
184123
185020
185104
185142
185290
185293
185399
185569
185925
185934
186016
186177
186305
186345
186487
186649
186684
186706
186855
186932
187018
187406
187511
187519
187537
187632
187910
188254
188339
188395
188449
188455
188569
188682
189002
189005
189648
190190
190692
190852
191120
191165
191302
191597
192082
192099
192201
193011
193737
193987
194087
194141
194654
195018
195055
195438
195614
196395
196846
196886
197151
197194
197276
197966
198393
198606
198807
199020
199259
199325
199597
199626
199700
199785
199801
199927
200305
200493
200805
200827
201130
201349
201688
202112
202542
202724
203020
203216
203454
203781
203891
203906
203977
204164
204186
204266
204324
204585
204626
204666
204893
205174
205460
205709
206325
206332
206710
207261
207294
207434
207609
208208
208309
208363
208517
208522
208613
208745
208774
208832
209488
210026
210138
210304
210643
210764
210766
210985
211442
211494
211690
211704
212024
212168
212287
212468
212771
212771
212974
213124
213328
213518
214432
214653
214724
214757
214834
215019
215438
215817
215974
216314
216407
216555
216862
217210
217691
217767
217785
217895
217933
218307
218344
218367
218520
218707
219100
219298
219301
219370
219518
219702
219760
219799
220070
220114
220348
220739
220745
220960
221229
221398
221595
221714
222353
222504
222505
222700
223029
223069
223310
223328
223340
223377
223452
224177
224251
224385
224465
225128
225280
225435
225538
226010
226139
226151
226184
226262
226617
227158
227466
227757
227801
227880
227917
228166
228173
228212
228324
228427
228815
229111
229561
229580
229726
229879
230223
230272
230477
230900
230900
230976
231158
231221
231382
231441
231615
231773
231944
232004
232078
232154
232197
232284
232377
232645
232648
232775
233069
233204
233240
233243
233327
233830
234164
234411
234823
234836
234921
234964
235065
235102
235149
235425
235656
235985
236028
236301
236467
236701
236716
237166
237333
237419
237440
237541
237575
237631
238404
238456
238813
239010
239232
239401
239506
239652
239679
239690
239801
239829
239956
240069
240131
240153
240567
241174
241240
241368
241813
242021
242041
242109
242444
242526
242672
242685
243462
243477
243678
243862
243865
244049
244088
244528
244624
244672
244790
245097
245300
245344
245566
245735
245915
246217
246346
246392
246471
246573
246599
247462
247579
248396
248432
248455
248730
248770
248808
248974
249087
249151
249190
249241
249369
249386
249669
249903
249935
250036
250189
250195
250633
250674
250763
250804
250926
251043
251117
251171
251200
251386
251431
251703
251726
251795
252041
252051
252310
252523
252630
252866
253096
253200
253251
253711
254023
254125
254294
254502
254551
254683
255228
255487
256096
256116
256822
256842
256873
257309
257440
257633
257932
258008
258108
258127
258141
258955
258977
259535
260128
260129
260347
260373
260517
261185
261224
261283
261540
261610
261626
261683
262022
262085
262539
262828
262888
262922
262926
263433
263814
264046
264082
264132
264160
264196
264281
264479
264480
264537
264740
265179
265211
265221
265520
265598
265675
266004
266152
266163
266181
266310
266436
266621
266737
266926
267184
267449
267456
267949
268002
268487
268927
268993
269021
269542
269659
269891
270275
270393
270734
270814
271019
271129
271198
271324
271424
271587
271724
272084
272367
272514
272580
272731
273111
273126
273392
273659
274036
274320
274781
275134
275326
275473
275703
275940
276115
276170
276420
276741
276770
276842
276886
277026
277046
277716
277912
278018
278123
278445
278499
278600
278726
278781
278873
279176
279580
279609
279662
279821
279830
279981
280013
280406
280786
280958
281021
281172
281198
281217
281352
281539
281539
281610
282200
282389
282423
283268
283428
283443
283471
283652
283747
283781
283857
284191
284291
284388
284420
284517
284524
284998
285010
285542
285736
285943
286070
286228
286331
286518
286619
286888
286979
287148
287333
287611
287660
287756
288031
288219
288228
288423
288500
288530
288849
289476
289593
289644
289745
289908
290392
290392
290476
290889
291111
291319
291495
291677
291770
292172
292298
292336
292631
292952
293107
293296
293444
293594
293632
294279
294283
294613
294796
294855
295138
295777
296089
296174
296488
296546
296587
296925
296944
297034
297221
297762
297967
298266
298559
298767
299407
299517
299568
299597
300032
300139
300230
300369
300644
300807
300858
300918
301064
301276
301328
301400
302017
302148
302236
302506
302557
302794
302831
303583
304326
304386
304692
305193
305993
306115
306131
306166
306171
306185
306271
306319
306353
306656
306987
307452
308129
308481
308705
308723
308934
308965
309458
309589
309609
309726
309967
310049
310106
310183
310217
310345
310448
311226
311697
311955
312424
312677
312678
312936
312970
313004
313210
313469
313569
314127
314533
314541
314591
314678
314852
314904
315157
315435
315649
315702
315920
316226
316351
316671
316731
316748
317094
317352
317492
317617
317715
317879
318130
318322
318592
318619
318861
318879
319263
319767
320079
320384
320472
320481
321619
321641
321655
321995
322571
322581
322617
322955
323114
323522
324131
324158
324291
324438
324758
324780
324880
325380
325592
325612
325742
325764
325837
325953
326043
326271
326344
326364
326473
326577
326936
326995
327110
327552
327840
328140
328834
328848
329266
329283
329311
329317
329433
329692
329894
330111
330806
331261
331319
331601
331624
332211
332222
332236
332355
332537
332677
333228
333380
333440
333559
333626
334030
334087
334278
334448
334542
334562
334578
334658
335067
335199
335274
335383
335389
335390
335584
335627
335984
336771
337058
337206
337233
337706
337866
337947
338513
338726
339042
339591
339779
339913
340485
340582
340584
341014
341286
341475
341970
342034
342048
342138
342237
342497
343067
343086
343152
343250
343261
343712
343877
344327
344729
344793
345251
345545
345739
345898
347033
347081
347207
347261
347468
347699
348131
348398
349751
350289
350299
350423
350515
350716
350793
350892
350993
351177
351511
352038
352270
352860
353158
353922
354031
354258
354622
354652
354837
354879
354915
354949
355137
355183
355552
355661
356083
356153
356401
356800
357042
357182
357761
357803
358045
358218
358289
358413
358866
359098
359634
359760
359767
359854
359941
360545
360635
360678
360839
361013
361653
361661
361742
361824
361857
362855
362943
362963
363114
363347
363550
363656
363666
363799
363863
363958
364028
364375
364418
364471
364879
365129
365288
365428
365695
365947
366327
366353
366794
367285
367432
367455
367714
368112
368316
368440
368756
368942
368994
369004
369093
369209
369373
369389
369502
369663
369759
369817
369837
369908
370094
370109
370228
370712
370791
370850
370969
371117
371611
371645
372019
372059
372311
372336
372507
372690
372754
372827
373085
373149
373250
373509
373683
373870
374102
374136
374358
374967
375264
375494
375904
376792
377231
377337
377852
378170
378382
378546
378574
378597
378738
378766
378794
378802
378937
379005
379146
379302
379433
379561
379594
379908
380295
380426
380531
380577
380637
380661
380689
380898
381005
381103
381213
381233
381275
381760
381891
382345
382798
382841
383224
383273
383559
383666
383780
384115
384132
384608
385051
385483
385727
386073
386110
386175
386176
386262
386340
386434
386840
387462
387787
387970
388024
388083
388132
388743
388816
388827
389030
389132
389207
389240
389688
389698
390039
390130
390226
390309
390606
390870
391017
391019
391747
391822
392080
392097
392377
392494
392881
393519
393537
393568
393816
393957
394287
394366
394400
394634
394785
394897
394961
395475
395814
396321
396558
396595
396630
397016
397619
398015
398123
398133
398291
398406
398645
398711
398793
399015
399188
399218
399300
399366
399449
399498
399592
399616
400067
400207
400731
400809
401071
401148
401685
401993
402101
402538
402652
402781
402905
403028
403326
403344
403379
403402
403501
404108
404246
404335
404370
404545
404547
404601
404728
404790
404916
405499
405678
405956
405995
406134
406618
407390
407483
407495
407582
408132
408186
408200
408570
408722
408906
408916
409020
409194
409197
409241
409308
409517
409947
409999
410187
410236
410282
410609
410668
410669
410986
411232
411529
412157
412339
412360
412623
412848
413165
413183
413326
413408
413558
413786
413897
413902
415460
415517
415646
416308
416407
416656
416851
416990
417154
417161
417513
417527
417653
418055
418240
418776
418931
419057
419075
419431
419749
419815
419864
419992
420594
420837
420875
421055
421075
421148
421208
421236
421392
421691
421927
422068
422450
422468
422932
423166
423406
423623
423986
424199
424404
424570
424644
424675
424823
424914
424948
424981
425299
426067
426247
426352
426391
426665
426818
426914
426987
427300
427993
428161
428251
428790
429078
429204
429249
429263
429298
429320
429407
429931
429989
430104
430152
430196
430237
430421
430563
430602
430637
430681
431083
431097
431552
432039
432570
433125
433322
433741
433879
434520
435209
435281
435308
435659
435768
435791
435928
435957
435967
435981
436091
436148
436171
436396
436584
436585
436652
436816
436926
437020
437530
437968
438058
438773
439225
439354
439452
439656
439723
439957
440613
440977
441079
441370
441592
441612
441691
441770
441795
441917
442018
442038
442348
442542
442543
442611
442637
442833
443099
443211
443500
443673
443792
443818
443890
443910
443993
444143
444578
444617
444715
444762
445495
445580
445655
446263
446514
446543
446704
446736
447012
447641
447739
447764
447818
447986
448290
448431
448591
448862
449070
449237
449386
449700
449914
450850
450923
451499
451515
451796
452105
452147
452180
452388
452542
452808
453043
453221
453276
453511
453668
453717
453854
454004
454193
454389
454465
454643
454803
454947
455453
455721
455771
456143
456826
456905
456968
457104
457330
457380
457500
457629
458240
458420
458484
458636
458695
458805
459085
459707
459709
460057
460204
460564
460938
461053
461149
461287
461525
461773
461881
462368
462371
462448
462458
462545
462632
462778
462889
462967
463443
463491
463581
463798
463817
463937
463977
464030
464129
464514
464788
464892
465119
465352
465373
465407
465524
465595
465626
466118
466381
466421
466435
466882
467149
467152
467388
468004
469025
469363
469476
469608
469917
470051
470875
470879
470980
471180
471347
471464
471710
471782
471898
471931
472168
472242
472369
472444
472614
472745
472856
472986
473031
473343
473419
473694
474072
474231
474276
474620
474648
474739
474748
474766
474913
475012
475298
475320
475361
475454
475484
475714
475897
476051
476063
476123
476534
477354
477483
477501
477569
477830
477846
477949
478085
478094
478203
478247
478474
478882
479157
479189
479751
479789
479800
480352
481182
481334
481775
482021
482526
482676
482713
482942
483058
483477
483560
483780
483804
484236
484262
484653
484843
484989
485126
485158
485352
485476
485545
486060
486379
486534
486635
486639
487151
487478
488035
488093
488143
488554
489050
489536
490000
490159
490323
490423
490531
490605
490649
490750
491342
491665
491787
491991
492166
492522
493063
493102
493172
493362
493550
494379
494462
494560
494790
495162
495289
495305
495439
495485
495508
495844
496407
496520
496884
497073
497094
497249
497296
497323
497395
497544
497647
498048
498465
498601
498903
499436
499757
499929
500432
500886
500926
501354
501429
501507
501855
502150
502402
502742
502900
503047
503133
503636
503776
503933
504003
504018
504056
504074
504143
504531
504535
504558
504694
504700
504795
505370
505709
505737
505898
506024
506039
506234
506438
506478
506574
506858
507064
507302
507377
507453
507826
508407
508692
508778
508805
509081
509630
509683
509741
509976
510337
510691
510921
510938
511030
511175
511250
511267
511455
511587
511685
512241
512945
513091
513370
513455
513498
513945
514082
514419
514443
514789
514807
515017
515030
515034
515155
515470
515472
515681
515835
515873
515875
516131
516174
516215
516227
516280
516335
517060
517122
517336
517591
517787
518149
518271
518318
518333
518420
518505
518548
518579
518656
518729
518769
518798
519221
519224
519379
519616
519683
519903
521621
521702
522021
522086
522256
522577
522681
522756
522875
522911
522940
522965
523158
523497
523612
523708
524070
524481
524626
524673
524756
525062
525101
525459
526081
526426
526480
526946
527045
527049
527329
527494
527631
527704
527712
527747
527929
528209
528210
528497
528632
528949
529197
529218
529518
529926
530507
530570
530950
531027
531075
531094
531214
531588
531627
531883
532232
532314
532731
533298
533679
534068
534221
534700
534782
534835
534979
535088
535666
535996
536190
536212
536278
536426
537174
537591
537613
537616
537687
537723
537733
537763
537768
537849
537943
538360
538441
538465
538898
539082
539182
539307
539445
539973
540038
540204
540289
541039
541126
541159
541199
541762
541812
541960
542002
542090
542098
542218
542277
542435
542659
543103
543288
544350
544817
545913
545936
546023
546025
546042
546124
546166
546192
546339
547002
547462
547485
547811
547950
548178
548744
548932
549065
549195
549352
549724
549876
549942
550387
550393
550600
550730
550750
550905
550991
551156
551765
551796
552243
552283
552331
552365
552598
552639
552752
552967
553228
553338
553430
553714
554014
554249
554469
554613
554616
554723
554875
555011
555137
555295
555499
555699
555775
555778
555782
556062
556439
557032
557337
558182
558375
558389
558515
558639
559328
559420
559789
559867
559924
560433
560441
560747
560975
561161
561180
561229
561667
562200
562206
562267
562493
562526
562593
562685
562690
562766
562769
562864
563052
563390
563599
563762
564660
564979
565149
565185
565346
565586
565597
566193
566260
566429
566609
566741
566864
567007
567339
567593
567934
567972
568025
568256
568304
568669
568705
568978
569130
569139
569209
569289
569504
569555
569917
570181
570217
570586
571267
571450
571593
572169
572548
572873
573004
573256
573768
573797
573940
574027
574139
574290
574822
575112
575184
575315
576007
576712
576953
576965
577029
577114
577543
577617
577626
577728
578190
578525
578538
579296
579423
579468
579707
580294
580492
580574
580610
580797
580798
580832
580893
581397
581471
581509
582315
582403
582479
582509
582867
583674
583751
583928
583942
584169
584520
584895
584913
585472
585528
585610
585705
586034
586247
586395
586777
586812
586860
587018
587605
587851
587856
587879
587953
588683
588841
589321
589425
589511
589925
590063
590132
590284
590322
590465
590584
590876
591175
591182
591259
591349
591364
591643
591881
592041
592313
592332
592773
592846
592893
592993
593148
594338
594492
594772
594829
595194
595337
595385
595593
595831
596071
596114
596356
596459
596542
596567
596860
597019
597225
597930
598178
598222
598867
598870
598928
599163
599253
599330
599338
599358
599899
600229
600332
600462
600822
600987
601398
601416
601596
602430
602749
602857
602906
603110
603175
604471
604561
604795
604848
605103
605593
606299
606565
606756
606893
607057
607160
607252
607709
607877
608291
608334
608423
609127
609140
609189
609244
609471
609575
609712
609820
609823
609893
610075
610222
610302
610560
610834
610848
610960
611183
611245
611310
611367
611622
611808
611814
611851
612128
612500
612990
613387
613460
613623
613695
613724
613828
613873
614611
614828
614872
614988
615025
615183
615199
615256
615299
615423
615644
615889
615969
616077
616299
616975
617030
617059
617142
617284
617289
617329
617333
617338
617370
617577
617632
617775
617918
617944
618185
618313
618325
618431
618820
618972
618983
619458
619514
619600
619685
620121
620307
620541
620841
621577
621648
621832
622094
622483
622998
623070
623363
623656
624117
625218
625951
625998
626299
626318
626405
626559
626746
626870
626936
627414
627660
627971
628083
628122
628149
628156
628802
628863
628906
628999
629120
629663
630085
630285
630749
630821
630909
631016
631019
631321
631339
631387
631686
631703
631816
632384
632683
632770
632809
633087
633266
633585
633744
633765
633944
633952
634112
634183
634226
634236
634354
634419
634451
634465
634937
635396
635506
635777
636130
636173
636279
636789
636848
636972
637003
637208
637703
638230
638234
638353
639202
639447
639552
639992
640250
640655
640698
640765
640863
641140
641778
642296
642387
642592
642622
643021
643580
643604
643696
643882
644136
644148
644275
644346
644463
644749
644860
644951
644976
645131
645207
645397
645778
646125
646335
646734
647086
647237
647395
647397
647585
647627
647843
648317
648473
648780
648819
649143
649201
649225
649521
649678
649678
649831
649936
650120
650414
650609
650731
650920
650937
651062
651385
651531
651759
651967
652013
652269
652824
653144
653190
653720
654002
654093
654187
654588
654672
655488
655635
655992
656567
657863
657973
658404
658970
659015
659061
659073
659172
659441
659547
659617
659642
659759
659865
660021
660044
660895
661185
661500
661501
661534
661562
661748
662080
662200
662868
663264
663682
663692
664248
664343
664362
664424
664443
664699
665047
665074
665333
665427
665604
665953
666207
666299
666844
666849
666977
666990
667015
667030
667447
667589
667717
668186
668586
668703
669000
669494
669530
669891
669959
670025
670172
670854
671198
671502
671574
672219
672260
672359
672360
672660
672853
672923
673074
673147
673223
673479
673537
673543
673966
674002
674067
674150
674232
674275
674502
674656
674866
675816
675818
675850
676111
676794
677352
677478
677484
677508
677581
677592
678159
678312
678405
678461
678646
678782
678834
678924
678941
679012
679579
679776
680077
680155
680243
680500
680664
680760
680857
680990
680997
681105
681145
681461
681478
681479
682020
682121
682486
682704
683491
683761
683963
684081
684088
684242
684664
684719
684783
684815
685140
685169
685295
685430
685523
685700
685794
685878
686159
686161
686518
687037
687166
687198
687383
687575
687641
687811
687866
688316
688560
688607
688710
688887
688965
689051
689127
689232
689240
689557
689722
690586
691033
691090
691101
691213
691276
692167
692277
693039
693100
694242
694530
694682
694915
695221
696033
696207
696740
697308
697317
697622
697959
698038
698338
698385
698463
699371
700166
700324
700652
700749
700888
700916
701129
701191
701250
701806
701874
701905
702085
702104
702203
702237
703708
703736
703794
703815
704129
704198
704507
704706
704833
704979
704991
705018
705031
705089
705412
705546
705653
705883
706044
706356
706522
706709
706905
707325
707669
707870
707880
708347
708362
708389
708488
708498
708821
709629
709996
710105
710447
710562
710646
711132
711153
711403
711416
711568
711653
711664
711765
711867
712051
712094
712287
712377
712837
713133
713276
713943
714085
715016
715109
715165
715722
716255
716451
716545
717053
717086
717134
717470
717525
717590
717773
717818
717972
718158
718211
718265
718647
719302
719326
719361
719509
719559
720226
720493
720518
720651
721336
721766
721842
721904
722587
722600
722702
722858
722889
723021
723295
723450
724049
724199
724742
724780
724944
724973
725054
725168
725233
725436
725536
725596
725756
725884
726703
727543
727798
727978
728249
728374
728391
728477
728530
728615
728616
728860
729283
729443
729563
729653
729893
729915
730143
730213
730418
730919
731627
731893
732085
732231
732300
732514
732570
732709
733086
733150
733284
733315
733580
733593
733731
733835
733866
733887
734169
734407
734597
734697
735184
735284
735451
735618
735751
735888
735892
735918
735920
735984
735993
736003
736364
736451
736536
736552
736609
737022
737073
737195
737211
737281
737501
738101
738256
738434
738780
738818
738974
739046
739117
739126
739160
739248
739490
739523
739562
739802
740476
741343
741363
741533
741620
741785
741794
741822
743224
743317
743408
743757
743976
744034
744406
744590
744682
744928
745023
745199
745324
745982
746132
746185
746190
746776
747100
747164
747754
747757
747771
747830
747838
747874
748244
748460
748541
748764
748809
749127
749138
749153
749165
749180
749197
749366
749506
749622
749690
749734
750023
750101
750681
751032
751476
751513
751769
752182
752215
752337
752412
752612
752832
752860
752952
753087
753175
753335
753500
753678
753986
754008
754044
754304
754673
754919
755637
755812
756105
756407
756538
756927
757154
757176
757318
757831
757965
758068
758428
758460
758860
758911
759127
759510
759643
759781
760277
760611
760636
760684
760854
760856
761098
761331
761709
761764
762126
762353
762481
763618
763682
763791
764334
764347
764369
764370
764483
764768
764854
764855
765001
765054
765134
765140
765951
766100
766159
766170
766689
766730
766801
766910
767326
767460
768057
768099
768104
768342
768404
768603
768772
768915
769118
769421
769468
769503
769684
769831
769840
769927
770012
770140
770653
770985
771015
771059
771365
771830
772103
772194
772375
772466
772803
772865
773190
773297
773356
773605
773882
773907
774113
774127
774157
774164
774381
774466
774585
774845
775084
775144
775300
775539
775575
776011
776194
776231
776268
776366
776534
776658
777070
777131
777565
777588
777768
777781
777864
778089
778819
778939
778942
779307
779675
779987
780040
780331
780350
780977
781161
781273
781462
781791
781864
782046
782066
782117
782629
782956
783186
783266
783655
783855
784860
784887
785347
785528
785645
785668
785867
786121
786693
786728
786736
786911
786979
786988
787140
787574
787653
787708
787773
787774
787834
787845
788082
788394
788426
788473
788748
789130
789255
789915
790183
790250
790527
791152
791313
791567
791618
791698
791879
792099
792287
792643
793396
793406
793602
793785
793910
794423
794497
794607
794614
794849
795080
795136
795400
795416
795512
795599
795779
796188
796268
796569
797151
797535
797652
798078
798457
798643
798695
799021
799339
799436
799967
800102
800404
800864
800898
801041
801552
801739
801912
802682
802732
802834
802982
803037
803397
803806
803836
804108
804239
804300
804536
804595
805264
805321
805616
805645
805831
806311
806427
806515
806989
807402
807688
807706
807844
807931
808100
808248
808530
808566
808861
808979
809095
809746
809839
809844
810028
810305
810497
810626
810647
810648
810744
811143
811351
811400
812691
813018
813242
813439
813775
814104
814615
814617
815030
815084
815216
815307
815819
815982
816354
816606
816639
816877
817049
817210
817455
817619
817751
818466
818589
818659
818815
819146
819362
819387
819484
820198
820481
820558
820644
820669
821031
821188
821545
821585
821791
821906
821944
822639
822748
822824
823221
823491
823703
823725
823772
823907
824010
824017
824252
824664
824959
824995
825695
825771
825825
825834
826011
826028
826134
826199
826401
826416
826566
827562
827887
827995
828025
828057
828191
828194
828599
828736
828969
829052
829370
829664
830030
830063
830137
830149
830181
830339
830417
830425
830678
830705
830781
830821
830996
831045
831059
831077
831366
831381
832191
832213
832875
833315
833469
833567
833580
833668
833793
833795
833818
833869
834540
834581
834635
834654
834908
835029
835137
835156
835346
835880
836056
836213
836273
836684
836960
837128
837566
837966
838492
838519
838689
838727
838983
839062
839370
839614
839831
840032
840108
840240
840497
840696
840732
840833
841186
841314
841391
841450
841528
841580
841920
841931
842070
842292
842299
842551
842848
842874
843108
843317
844196
844473
844625
844751
844776
844819
845334
845435
846182
846310
846550
847005
847285
847309
847481
847904
847931
848427
848456
848505
848511
848512
848529
848602
848787
848837
848963
849000
849410
849464
849521
849522
849813
849852
850114
850423
850687
850751
850950
851237
851252
851289
851640
851664
851683
851776
851863
851869
851905
851935
851936
851945
852065
852184
852430
852793
853006
853320
853609
853767
855307
855692
855957
856110
856591
856666
856740
856757
856847
856877
856883
857111
857299
857527
857606
857855
857916
858546
858584
858981
859023
859062
859219
859899
860043
860077
860456
860587
860760
860948
861297
861488
861622
861922
862127
862363
862373
862477
863043
863244
863283
863621
863740
864105
864177
864369
864418
864575
865080
865130
865246
865260
865324
865375
865490
865591
866033
866248
866384
866506
866867
867035
867175
867214
867281
867532
867580
867595
867685
867693
868261
868558
868589
868697
868720
869355
869703
869712
870007
870074
870127
870266
870278
870440
870848
870911
870915
870947
870993
870998
871123
871230
871424
871902
871944
872015
872064
872113
872250
872317
872327
872849
873144
873512
873519
873699
873895
874446
874594
874608
874790
875038
875303
875458
875917
876152
876199
876364
876525
876672
876910
877052
877061
877091
877212
877294
877383
877503
877599
877941
878084
878087
878240
878658
878749
878789
879038
879199
879283
879329
879379
879872
880011
880015
880092
880158
880355
880465
880831
880995
881160
881349
881428
881544
881659
881907
882015
882140
882924
882967
883073
883622
883999
884058
884110
884466
884675
884703
884710
884966
885572
885626
885727
886143
886195
886439
886764
886788
887254
887272
887749
887919
888316
889055
889132
889704
889738
890013
890187
890452
890484
890747
890757
890921
891120
891430
891498
891599
891723
891739
891820
891823
891852
892075
892605
892764
892818
893317
893539
893567
893667
893670
894407
894687
894763
894773
895299
895301
895367
896287
896725
896904
897162
897173
897576
897654
897944
898391
898537
898554
898882
898900
898999
899160
899305
899553
900321
900610
900973
901308
901422
901484
901694
901730
902105
902156
902606
902640
902662
902811
902850
902860
902911
902953
903211
903316
903444
903546
903739
903809
904319
904476
904580
904818
904960
905172
905248
905575
905688
906110
906267
906556
907009
907042
907135
907220
907305
907378
907658
907837
908520
908769
909646
909695
909857
909945
910258
910263
910475
910686
910770
910840
911043
911344
911566
911646
911716
911803
911991
912237
912321
912447
912519
912767
912854
913142
913186
913214
913389
913410
913770
913974
914210
914446
914754
914863
914871
915146
915380
915488
915528
915533
916104
916161
916170
916238
916736
916906
916995
917089
917615
918306
918315
918319
918607
918694
918939
919173
919914
920253
920726
920758
920916
921225
921393
921500
921525
921622
921934
922273
922475
922655
922788
922827
923326
923466
923549
923940
924301
924383
924488
924535
924604
924876
924914
924996
925071
925153
925413
925563
925689
925689
925862
925884
926308
926780
926790
927103
927415
927909
927974
928035
928040
928224
928327
928469
928612
928839
928865
928925
929219
929296
930316
930395
930476
930608
930615
930999
931399
931421
931610
931717
932042
932365
932366
932406
932497
932603
932611
933130
933459
933647
933707
933723
933738
933981
934211
934338
934606
934636
934683
934698
935083
935567
936045
936192
936312
936793
936892
936894
936927
937158
937216
937348
937361
937553
937581
937734
937740
937747
937854
938074
938308
938338
938530
938541
939090
939115
939209
939231
939236
939974
940045
940092
940106
940168
940245
940259
941572
941634
941641
941827
941892
942256
942357
942464
943356
943423
943424
943595
943776
944315
944593
944642
945245
946113
946200
946471
946554
946585
946777
946858
947208
947372
947424
947613
947656
947714
947756
947968
948132
948218
948260
948438
948498
948505
948991
949074
949582
949604
949669
950166
950176
950203
950229
950253
950280
950419
950470
950762
951224
951420
951571
951667
951794
951820
952082
952845
953083
953435
953643
954205
954490
954520
954793
954842
955275
955285
955317
955357
955490
955660
955702
955795
956270
956457
956462
956580
957753
957877
958026
958116
958387
958467
958700
958761
959022
959041
959503
959754
959772
960020
960253
960275
960512
961616
961693
961808
961891
962114
962296
962541
962987
963023
963199
963398
963422
964454
964630
964837
965173
965407
965667
966017
966427
966521
967758
967769
967959
968222
968379
968385
969014
969238
969359
969401
969455
969690
969720
970128
970550
970850
971025
971315
971606
971735
971984
971987
972190
972356
972370
972473
972579
972647
972778
972844
972910
973407
973541
973576
973641
973854
974315
974423
974554
974638
974661
974787
974855
974963
975228
975603
975790
976327
976427
976656
976693
976710
976862
977035
977241
977377
977496
977534
977640
977780
977798
977925
978537
978633
979260
979391
979437
979884
980243
980399
980470
980679
981046
981084
981091
981142
981200
981229
981276
981388
981502
981792
981902
981919
982462
983096
983133
983325
983468
983586
984093
984475
984581
984705
984914
985284
985623
985666
985902
986080
986175
986209
986255
987430
988209
988331
988471
989011
989364
989805
990073
990138
990263
990263
990462
990550
990590
990606
990778
991163
991300
991305
991328
991565
991615
991760
991892
992055
992658
992719
992754
992804
992945
993181
993431
993468
993747
993874
993905
993927
994069
994270
994344
994965
995014
995067
995258
995528
995752
995753
995974
996454
996668
996715
996840
997272
997644
998161
998283
998489
998843
999259
999424
999721
999998
1000034
1000037
1000136
1000152
1000164
1000446
1000641
1001324
1002674
1003243
1003431
1003491
1003738
1003829
1004100
1004419
1004636
1004729
1005167
1005277
1005311
1005349
1005638
1005726
1005740
1005985
1006356
1006369
1006374
1007000
1007347
1007449
1007519
1007748
1007755
1007784
1007924
1008317
1008349
1008392
1008470
1008478
1008604
1009066
1009302
1009957
1010048
1010171
1010211
1010526
1010705
1010991
1011201
1011570
1011907
1012110
1012279
1012306
1013107
1013188
1013253
1013274
1013347
1013570
1013741
1013867
1014230
1014321
1014420
1014871
1014893
1014912
1015272
1015314
1015367
1015718
1015914
1015925
1016152
1016189
1016710
1017406
1017601
1017608
1018100
1018424
1018560
1018682
1018799
1018809
1019160
1019534
1020242
1020465
1020814
1020838
1021195
1021410
1021739
1021971
1022221
1022773
1022913
1023005
1023086
1023253
1023354
1023574
1023621
1023724
1023896
1024548
1024549
1024719
1024841
1025024
1025275
1025625
1026211
1026236
1026446
1026598
1027090
1027200
1027549
1027555
1027584
1027690
1027794
1027860
1027876
1027935
1028038
1028590
1028599
1029098
1029159
1029208
1029716
1030114
1030294
1030438
1030642
1031344
1031354
1031943
1032019
1032061
1032216
1032473
1032697
1033028
1033080
1033169
1033379
1033571
1033619
1033877
1034331
1034539
1034578
1034831
1035025
1035046
1035155
1035504
1035657
1035713
1035748
1035866
1036003
1036111
1036236
1036256
1036985
1037146
1037292
1037417
1037433
1037497
1038169
1038199
1038253
1038761
1038775
1038825
1038845
1038995
1039016
1039519
1039528
1039543
1039638
1040421
1040465
1040720
1041109
1041116
1041206
1041229
1041367
1041514
1041529
1041660
1042003
1042143
1042438
1042501
1042625
1042882
1043022
1043035
1043128
1043311
1043564
1043574
1043680
1043904
1044219
1044371
1044486
1044488
1044998
1045063
1045219
1045331
1045342
1046444
1046563
1046746
1046796
1046981
1047355
1047415
1047462
1047531
1047612
1047629
1047668
1047911
1047975
1048012
1048342
1048470
1048729
1048888
1048922
1048982
1049068
1049203
1049397
1049399
1049613
1049885
1050081
1050104
1050155
1050432
1050709
1050750
1051274
1051888
1052069
1052320
1052356
1052448
1052802
1053040
1053141
1053280
1053411
1053461
1053556
1053647
1054261
1054385
1054733
1054812
1055202
1055420
1055749
1055877
1055915
1056077
1056168
1056208
1056266
1056467
1056655
1056754
1056964
1057004
1058107
1058298
1058614
1059198
1059504
1059857
1059928
1059995
1060034
1060100
1060107
1060130
1060148
1060281
1060426
1060487
1060658
1060680
1060796
1060817
1061032
1061037
1061154
1061317
1061479
1061689
1061887
1062955
1063328
1063332
1063699
1064665
1064948
1065078
1065141
1065350
1065492
1065675
1065777
1066177
1066230
1066393
1067038
1067233
1067987
1068108
1068415
1068900
1069060
1069140
1069419
1069922
1070113
1070324
1070423
1070516
1070657
1070994
1071093
1071159
1071342
1071671
1071684
1072076
1072210
1072367
1072812
1072891
1072968
1072980
1072984
1073289
1073574
1073594
1073692
1073740
1073802
1073833
1073894
1074432
1074499
1074646
1074652
1075116
1075126
1075313
1076129
1076192
1076445
1076703
1076838
1077081
1077101
1077174
1077444
1077872
1078543
1078611
1078689
1078803
1078840
1079084
1079376
1079624
1079648
1079781
1079957
1080012
1080030
1080115
1080280
1080531
1080650
1080688
1081308
1081480
1082063
1082143
1082427
1082746
1083211
1083284
1083306
1083328
1083328
1083558
1083583
1083689
1083760
1083781
1083943
1084432
1084556
1084598
1085365
1085395
1085538
1085796
1086186
1086733
1087023
1087102
1087264
1087311
1087839
1088139
1088152
1088275
1088298
1088384
1089493
1089866
1089870
1090028
1090542
1090581
1090664
1090855
1090911
1091160
1091507
1091549
1091872
1091901
1092000
1092255
1092311
1092532
1092577
1092690
1092741
1092757
1092867
1093248
1093250
1093365
1094069
1094103
1094203
1094478
1094940
1095069
1095159
1095211
1095275
1095336
1095351
1095474
1095486
1096026
1096034
1096216
1096577
1096712
1096799
1097015
1097084
1097576
1097830
1098302
1098313
1098421
1098711
1098994
1099157
1099423
1099462
1099592
1099659
1099900
1100150
1100418
1100491
1100928
1101190
1101199
1101266
1102199
1102427
1102665
1102900
1102988
1103002
1103160
1103192
1103420
1103750
1104240
1104288
1104343
1104418
1104491
1105179
1105502
1105523
1105568
1105693
1105717
1105914
1105923
1106010
1106018
1106128
1106227
1107584
1107669
1107767
1107823
1107950
1108213
1108585
1108600
1108754
1109111
1109285
1109344
1110315
1110825
1110862
1111033
1111342
1111355
1111372
1111697
1111809
1112464
1112564
1112686
1112882
1113107
1113810
1113901
1114138
1114728
1114988
1115190
1115490
1115511
1115522
1115598
1115746
1116054
1117203
1117515
1117984
1118293
1118366
1118488
1118649
1118755
1119072
1119160
1119181
1119351
1119382
1119400
1119496
1119858
1120321
1120834
1121068
1121113
1121309
1121318
1121770
1121788
1121817
1122275
1122620
1122848
1123069
1123877
1124223
1124325
1124551
1124587
1124749
1124785
1124989
1125516
1125579
1126601
1126613
1126916
1127029
1127073
1127586
1127633
1127778
1127905
1127909
1128259
1128324
1128356
1128363
1128529
1128594
1128686
1128830
1129007
1129855
1130013
1130195
1130393
1130438
1130507
1130625
1130718
1130816
1130889
1131256
1131344
1131484
1131548
1131730
1132059
1132105
1132124
1132126
1132338
1132589
1132623
1132958
1133294
1133472
1133621
1133923
1133942
1134054
1134391
1134521
1134530
1134745
1134828
1134851
1135006
1135275
1135279
1135595
1135781
1136027
1136646
1136943
1137417
1137745
1137746
1137933
1138121
1138371
1138499
1138661
1138693
1138775
1139477
1140024
1140040
1140487
1141214
1141519
1141641
1141819
1141931
1142265
1142630
1142976
1143013
1143014
1143407
1143638
1144485
1144574
1144667
1144846
1145311
1145780
1145957
1146010
1146166
1146356
1146863
1147060
1147080
1147196
1148035
1148075
1148188
1148455
1148458
1148522
1148698
1149353
1149571
1149602
1149800
1150037
1150042
1150537
1150622
1150635
1150670
1150981
1151225
1151409
1151615
1151619
1151623
1151660
1151884
1152065
1152069
1152198
1152277
1152456
1152466
1152543
1152772
1153431
1153477
1153613
1153614
1153632
1154374
1154771
1154783
1154971
1154998
1155074
1155232
1155234
1155284
1155379
1155426
1155463
1156440
1156502
1156625
1156627
1156670
1157380
1157405
1157541
1157682
1157799
1157848
1157902
1158339
1158436
1158718
1158735
1158788
1158845
1159144
1159542
1159699
1159804
1160033
1160054
1160152
1160220
1160280
1160546
1160810
1160942
1160993
1161303
1161479
1161499
1161639
1161710
1161908
1161914
1161969
1162428
1162546
1162580
1162799
1162990
1163079
1163205
1163956
1164554
1164673
1164813
1165175
1165683
1165699
1165777
1165803
1165815
1165931
1166038
1166495
1166560
1167133
1167252
1167480
1167707
1168072
1168204
1168376
1168385
1168455
1169181
1169232
1169289
1169409
1169478
1169524
1169615
1169660
1169791
1169884
1169885
1170207
1170380
1170551
1170712
1170714
1171248
1171405
1171413
1171513
1171546
1171604
1171800
1171890
1172062
1172387
1172588
1172669
1172889
1172927
1173215
1173255
1173589
1173794
1174540
1174718
1174808
1174953
1175337
1175406
1175625
1175651
1175917
1175950
1176417
1176439
1176569
1176609
1176770
1176910
1177014
1177146
1177214
1177269
1177271
1177403
1177518
1177733
1178071
1178211
1178215
1178234
1178550
1178921
1179287
1179374
1179434
1179456
1179571
1179881
1180069
1180308
1180717
1180809
1181073
1181175
1181405
1181722
1181884
1182254
1182386
1182393
1182846
1183086
1183205
1183341
1183990
1184132
1184139
1184154
1184213
1184288
1185038
1185487
1185816
1185839
1185922
1186327
1186362
1186592
1186656
1186677
1187341
1187427
1187802
1187845
1188040
1188276
1188342
1188566
1188644
1188885
1189040
1189118
1189624
1190036
1190138
1190210
1190830
1190932
1191413
1191887
1191908
1192229
1192289
1192428
1192546
1192611
1192645
1192949
1192997
1193009
1193162
1193876
1194519
1194563
1194733
1194967
1195425
1195657
1195690
1195905
1195930
1195947
1196199
1196349
1196463
1196615
1196858
1197087
1197205
1197527
1197829
1198006
1198244
1198504
1198693
1198947
1198996
1199069
1199924
1200058
1200090
1200217
1200335
1200454
1200498
1200534
1200540
1200616
1200725
1200789
1200977
1201346
1201435
1201451
1201670
1202013
1202048
1202090
1202175
1202341
1202345
1202377
1203266
1203499
1204092
1204455
1204799
1204921
1205112
1205478
1205730
1205822
1206101
1206443
1206470
1206510
1206607
1206829
1206846
1207231
1207359
1207642
1208056
1208333
1208913
1209058
1209077
1209322
1209546
1209675
1209677
1209722
1210431
1210570
1210640
1210846
1211058
1211658
1211763
1211820
1211874
1212168
1212461
1212863
1213346
1213349
1213569
1214057
1214067
1214239
1215134
1215602
1215603
1215788
1216046
1216151
1216158
1216379
1217034
1217103
1217151
1217182
1217294
1217571
1217720
1218157
1218252
1218718
1219098
1219103
1219131
1219210
1219315
1219531
1219775
1219918
1219928
1219931
1220595
1220711
1221166
1221332
1221625
1221895
1222704
1223500
1223669
1223775
1224062
1224142
1224807
1225029
1225269
1225495
1225584
1225925
1226008
1226183
1226483
1227125
1227585
1227654
1227686
1227937
1228073
1228487
1228906
1229012
1229153
1229164
1229637
1229651
1230077
1230201
1230470
1230563
1230567
1230958
1231073
1231203
1231473
1231580
1231608
1231624
1231731
1231874
1232035
1232052
1232100
1232342
1232713
1233636
1233838
1233957
1234122
1234187
1234535
1234622
1234734
1234784
1235205
1235231
1235360
1235406
1235409
1235760
1235897
1236071
1236222
1236283
1236572
1236750
1237058
1237153
1237575
1237612
1237624
1237643
1237697
1237790
1238519
1238625
1238731
1239047
1239301
1239560
1240223
1240268
1240425
1240839
1241128
1241351
1241400
1241400
1241403
1241605
1242841
1243077
1243430
1243451
1243498
1243543
1243796
1243980
1243993
1244087
1244328
1244349
1244563
1245243
1245471
1245500
1246025
1246167
1246818
1247040
1247152
1247405
1247467
1247773
1247801
1248129
1248185
1248272
1248592
1249061
1249316
1249622
1249757
1250233
1250724
1250841
1250860
1250866
1251009
1251034
1251281
1251320
1251771
1251912
1252424
1252982
1252992
1253107
1253240
1253263
1253425
1253428
1253432
1253521
1253645
1253661
1253691
1253824
1253895
1254003
1254808
1254957
1255046
1255058
1255323
1255842
1256149
1256402
1256415
1256460
1256564
1256601
1256652
1256680
1256713
1256740
1256744
1257017
1257680
1257749
1257771
1257928
1258060
1258128
1258223
1258326
1258466
1258730
1258826
1258840
1258887
1259060
1259261
1259502
1259548
1259773
1260220
1260741
1260821
1261391
1261733
1261897
1262681
1262938
1263008
1263249
1263427
1263754
1263814
1264078
1264084
1264366
1264566
1264601
1264719
1265006
1265361
1265682
1265798
1266045
1266077
1266205
1266580
1266682
1267089
1267117
1267194
1267766
1267974
1268158
1268293
1268387
1268455
1268501
1268974
1268984
1269103
1269161
1269501
1269574
1269755
1269775
1270209
1270499
1270582
1270604
1270931
1270964
1271030
1271080
1271234
1271251
1271269
1271608
1271633
1271731
1272039
1272371
1272379
1273033
1273048
1273259
1273461
1273493
1273515
1273742
1273780
1273962
1274452
1274506
1274671
1274704
1274765
1274847
1274861
1275054
1275163
1275180
1275317
1275328
1275904
1276258
1276537
1276646
1276814
1276835
1276902
1276948
1276957
1277205
1277567
1277596
1277675
1277728
1277797
1278088
1278235
1278291
1278376
1278992
1279105
1279119
1279188
1279810
1279899
1280069
1280075
1280280
1280475
1280679
1280931
1281226
1281460
1281665
1281760
1281898
1281905
1282301
1282472
1283428
1284086
1284432
1285153
1285296
1285430
1285539
1285732
1286019
1286024
1286110
1286393
1286420
1286478
1286606
1287143
1287314
1287400
1287790
1287816
1288226
1288606
1288740
1288749
1288758
1288841
1289034
1289184
1289265
1289322
1290075
1290239
1290330
1290756
1291416
1291643
1291816
1292077
1292736
1293624
1293746
1293777
1294018
1294148
1294163
1294394
1294531
1294618
1294729
1294814
1294822
1294932
1294980
1295412
1295544
1295588
1295856
1295872
1296202
1296456
1297075
1297220
1297277
1297435
1297503
1297531
1297669
1297735
1297756
1297874
1297935
1298000
1298122
1298240
1298328
1298983
1298990
1299247
1299350
1299539
1299618
1299964
1300335
1300861
1300926
1301549
1301738
1301875
1301937
1302038
1302238
1302293
1302365
1302440
1302482
1302701
1302725
1302745
1303039
1303069
1303103
1303379
1303580
1303628
1303635
1303683
1303990
1304256
1304261
1304834
1304970
1304972
1305014
1305477
1305603
1305634
1305720
1305720
1305756
1305857
1306134
1306522
1307158
1307394
1307436
1307564
1307598
1307983
1307983
1308141
1308258
1308635
1308672
1308852
1309127
1309368
1309411
1309766
1310043
1310148
1310200
1311845
1312381
1312754
1312996
1313431
1313561
1313788
1313943
1313946
1314566
1314953
1315115
1315122
1315205
1315206
1315489
1315891
1316081
1316269
1316358
1316532
1316719
1316894
1316923
1317103
1317154
1317155
1317264
1317371
1317535
1317557
1317587
1317657
1317663
1317807
1317983
1318268
1318429
1318609
1318941
1319040
1319157
1319166
1319244
1319476
1319657
1319751
1319926
1319936
1320052
1320109
1320551
1321074
1321121
1321213
1321285
1321356
1321360
1321474
1321927
1322028
1322341
1322485
1322511
1322987
1323139
1323219
1323333
1323360
1323454
1323459
1323520
1323833
1323891
1323957
1324657
1324878
1324902
1324903
1325004
1325112
1325363
1325403
1325405
1325421
1325480
1325491
1326090
1326715
1327073
1327391
1327452
1327659
1327726
1327737
1327766
1327887
1327924
1328185
1328537
1328744
1328820
1329247
1329544
1329686
1329722
1329805
1329897
1330101
1330357
1330403
1330674
1330791
1330834
1331017
1331375
1331404
1331555
1331618
1331643
1332026
1332505
1333020
1333089
1333190
1333268
1333438
1333742
1334015
1334205
1334478
1334790
1334850
1334898
1335058
1335163
1335242
1335422
1335426
1335574
1335839
1336094
1336200
1336959
1337552
1337675
1337863
1337880
1339019
1339566
1339765
1339833
1340230
1340368
1340507
1340809
1341275
1341469
1342167
1342191
1342336
1342430
1342587
1342594
1342764
1342792
1343063
1343194
1343496
1343544
1344499
1344705
1345182
1345327
1345612
1345619
1346766
1346980
1347161
1347249
1347824
1348278
1348503
1348737
1349174
1349280
1349366
1349420
1349446
1349530
1349836
1349917
1350072
1350172
1350245
1350269
1350317
1350437
1350467
1350716
1350744
1350843
1350843
1350851
1351220
1351660
1351820
1352601
1353041
1353444
1353646
1353673
1354035
1354054
1354149
1354231
1354537
1355267
1355309
1355457
1355779
1355857
1356075
1356078
1356252
1356433
1356636
1356903
1356936
1356952
1357356
1357369
1357439
1357444
1357833
1357982
1357985
1358292
1359178
1359529
1360352
1360782
1360910
1360916
1360985
1361017
1361161
1361290
1361349
1361499
1361678
1361960
1362031
1362244
1362329
1362335
1362407
1362528
1362576
1362745
1362974
1363027
1363360
1363572
1363745
1363802
1364211
1364349
1364363
1364669
1364764
1364954
1364981
1365036
1365051
1365421
1365891
1365898
1365956
1365982
1366545
1366577
1366980
1367465
1367865
1368471
1368811
1369002
1369018
1369045
1369122
1369162
1369396
1369433
1369511
1369756
1369791
1369809
1369836
1370015
1370173
1370449
1371305
1371492
1371509
1371952
1372140
1372259
1372511
1372722
1373061
1373121
1373156
1373221
1373222
1373414
1373555
1373834
1374187
1374202
1374627
1374745
1375553
1375634
1375774
1375831
1376023
1376183
1376321
1376342
1376428
1376460
1376981
1377102
1377798
1377897
1377964
1378302
1378831
1378849
1378902
1379036
1379047
1379088
1379152
1379203
1379953
1380268
1380274
1380505
1380715
1381144
1381486
1381935
1382228
1382308
1382427
1382708
1382780
1382869
1382924
1383231
1383600
1383640
1383912
1383941
1384010
1384232
1384272
1384415
1384475
1384476
1384596
1384806
1385109
1385281
1385326
1385405
1385497
1385750
1385929
1385941
1386037
1386260
1386271
1386515
1386950
1387382
1387540
1387802
1387870
1388183
1388271
1388410
1388496
1388756
1389418
1389422
1389675
1390105
1390222
1390451
1390459
1390584
1390597
1390698
1390715
1390719
1391030
1391074
1391339
1391368
1391763
1391783
1391968
1392068
1392120
1392192
1392312
1392395
1392591
1392829
1392876
1392924
1393001
1393798
1393926
1393936
1394016
1394166
1394278
1394335
1394449
1394468
1394734
1394955
1395116
1395572
1395611
1395654
1395859
1395868
1395944
1395969
1396150
1396241
1396269
1396473
1396882
1396994
1397104
1397254
1397484
1397818
1397929
1398138
1398481
1398659
1398949
1399659
1399854
1399912
1399974
1400264
1400897
1401037
1401787
1401904
1402340
1402536
1402712
1402739
1402913
1402988
1403192
1403223
1403636
1403951
1404246
1404603
1404731
1405187
1405286
1405463
1405627
1405696
1405881
1405890
1405932
1406717
1406886
1406947
1407438
1407439
1407455
1407477
1407959
1408056
1408963
1409302
1409342
1409614
1410119
1410205
1410206
1410302
1410370
1410430
1410466
1410560
1410752
1411411
1411624
1411713
1411742
1411747
1412305
1412631
1412726
1412874
1413030
1413031
1413107
1413623
1413806
1413847
1414069
1414261
1414545
1415109
1415269
1415322
1415413
1415416
1416069
1416090
1416151
1416191
1416547
1416778
1417324
1417329
1417479
1417539
1417685
1417846
1418092
1418098
1418649
1418762
1419089
1419142
1419277
1419776
1419863
1419963
1419971
1419982
1420639
1420928
1421168
1421264
1422262
1422373
1422445
1422514
1422897
1423122
1423311
1423533
1423931
1424166
1424180
1424235
1424590
1424742
1424853
1425046
1425206
1425548
1426067
1426220
1426368
1426438
1426887
1427151
1427309
1427398
1427504
1427854
1428136
1428150
1428312
1428408
1428708
1428932
1429369
1429770
1429807
1429854
1429871
1429996
1430026
1430086
1430183
1430284
1430703
1430944
1430971
1431184
1431723
1432142
1432602
1432709
1432747
1432866
1433127
1433510
1433562
1433790
1433991
1434065
1434109
1434280
1434732
1434789
1434912
1434914
1434955
1435236
1435245
1435341
1435344
1435477
1435529
1435780
1435964
1436533
1437009
1437479
1437552
1438119
1438456
1438487
1438867
1439025
1439436
1439579
1439674
1439707
1439731
1439983
1440303
1440583
1440585
1440849
1440903
1441383
1441436
1441612
1441652
1442023
1442150
1442294
1442386
1442777
1443038
1443285
1443574
1443874
1444017
1444072
1444833
1444900
1444970
1445130
1445407
1445829
1445835
1446558
1446585
1447257
1447766
1447943
1448036
1448139
1448465
1448652
1448689
1448836
1448949
1449143
1449315
1449503
1449741
1450122
1450159
1450257
1450906
1450942
1451264
1451528
1451935
1452068
1452445
1452588
1452595
1452883
1453544
1453678
1453792
1454132
1454285
1454293
1454301
1454369
1454389
1454494
1455171
1455223
1455354
1455421
1455549
1455764
1455902
1455961
1455995
1456067
1456085
1456453
1456994
1457288
1457423
1457526
1457654
1457968
1457994
1458119
1458546
1459093
1459155
1459513
1459620
1459624
1459998
1460068
1460297
1460336
1461290
1461445
1461890
1462460
1462641
1462801
1463312
1463571
1463611
1463707
1463756
1463764
1463829
1464240
1464666
1464826
1464844
1465024
1465694
1465699
1465908
1466310
1466512
1466636
1466651
1466837
1466937
1466957
1467109
1467136
1467429
1467520
1467683
1468045
1468270
1468432
1468654
1469260
1469420
1469601
1469881
1469917
1470055
1470105
1470463
1470582
1470630
1470785
1470933
1471612
1471818
1472122
1472198
1472234
1472267
1472401
1472488
1473163
1473321
1473345
1473395
1473658
1473689
1473704
1473755
1473881
1473882
1473884
1474110
1474247
1474391
1474490
1474782
1474908
1474928
1475302
1475308
1475724
1475730
1475793
1475800
1475806
1475977
1476279
1476352
1476387
1476534
1476698
1476810
1476948
1477308
1477854
1477858
1477902
1478156
1478204
1478313
1478533
1478550
1478628
1478795
1479042
1479127
1479651
1479666
1479703
1479850
1480117
1480149
1480454
1480624
1480747
1480872
1481691
1481869
1482017
1482142
1482291
1482563
1482654
1482717
1483284
1483326
1483402
1483781
1483839
1484329
1484374
1484394
1484442
1484741
1485580
1485661
1485669
1485734
1486409
1486427
1486546
1486749
1487119
1487544
1487761
1487838
1487872
1487980
1488140
1488260
1488470
1488681
1488824
1489101
1489154
1489233
1489820
1489876
1490106
1490260
1490663
1490714
1490777
1491062
1491130
1491494
1491514
1491632
1491791
1491802
1492098
1492300
1492454
1492659
1493436
1493626
1493649
1493683
1493804
1493976
1494027
1494113
1494282
1494402
1494462
1494480
1494861
1495350
1496018
1496096
1496120
1496350
1496686
1496737
1496737
1496836
1496894
1496900
1497238
1497631
1497709
1497813
1497897
1498300
1498357
1498361
1498721
1498804
1499103
1499359
1499408
1499545
1499587
1499786
1500015
1500708
1500709
1500888
1500907
1501127
1501358
1502479
1502767
1502796
1502900
1503380
1503850
1503903
1504346
1504650
1504928
1505107
1505127
1505368
1505934
1506027
1506076
1506330
1506553
1506742
1506901
1507068
1507152
1507248
1507468
1507548
1507795
1507923
1508402
1509496
1509551
1509609
1509700
1509905
1510035
1510229
1510369
1510580
1510819
1511042
1511121
1511189
1511658
1511658
1511803
1511842
1511967
1512245
1512435
1512494
1512508
1512921
1512964
1513121
1513236
1513338
1513645
1513772
1514009
1514206
1514312
1514319
1514403
1514435
1514516
1514866
1514941
1515052
1515071
1515463
1515513
1515631
1515713
1515790
1515939
1516093
1516489
1516522
1516666
1516681
1517365
1517461
1517579
1517671
1517709
1518610
1518688
1518802
1518852
1519522
1519595
1520126
1520309
1520767
1520799
1520828
1521546
1521580
1522345
1522709
1522913
1523067
1523463
1523528
1523531
1523934
1524023
1524065
1524189
1524410
1524487
1524537
1524644
1524733
1525217
1525610
1525741
1525792
1526001
1526011
1526014
1526048
1526436
1526759
1526850
1527056
1527068
1527576
1527725
1528445
1529390
1529861
1529950
1530362
1530374
1530400
1530564
1531305
1531312
1531336
1531672
1531845
1532070
1532515
1533026
1533044
1533327
1533773
1533862
1534037
1534313
1534452
1534640
1534988
1535148
1535284
1535305
1535664
1536205
1536460
1536588
1537218
1537301
1537633
1537765
1537793
1538066
1538251
1538722
1538963
1538982
1539095
1539253
1539299
1539647
1540253
1540360
1540764
1541370
1541747
1541959
1542208
1542452
1542453
1542546
1542847
1542872
1542885
1542906
1542925
1542976
1543958
1544166
1544424
1544486
1544505
1544599
1544728
1544883
1545448
1545513
1545665
1545723
1545808
1545968
1546182
1546505
1546588
1546857
1547347
1547638
1547725
1547899
1548212
1548220
1548397
1549015
1549183
1549464
1550243
1550498
1550727
1551032
1551751
1551945
1552118
1552673
1553131
1553230
1553367
1553528
1553552
1553683
1554618
1554855
1554913
1555165
1555200
1555354
1555375
1555533
1555618
1555767
1556506
1556746
1557321
1557403
1557558
1557618
1557815
1557878
1557910
1558533
1558858
1559094
1559150
1559172
1559687
1559745
1559851
1559976
1560323
1560571
1560588
1560806
1560863
1560925
1561010
1561097
1561304
1561450
1561754
1562001
1562282
1563077
1563121
1563185
1563436
1564050
1564054
1564282
1564313
1564531
1564607
1564910
1565000
1565215
1565743
1565759
1565790
1566101
1566193
1566223
1566363
1566493
1566653
1566708
1566892
1566952
1567054
1567116
1567310
1567386
1567456
1567465
1567647
1567650
1567714
1567719
1567722
1567924
1567960
1568730
1568896
1568968
1569264
1569527
1569688
1569970
1570215
1570524
1570785
1570883
1571279
1571362
1571691
1571701
1571880
1571889
1571927
1572052
1572088
1572157
1572841
1573010
1573382
1573717
1573995
1574080
1574117
1574460
1575047
1575325
1575438
1575513
1575700
1575730
1576015
1576171
1576278
1576377
1577305
1577875
1578391
1578620
1578679
1579456
1579818
1580944
1580982
1581012
1581453
1581547
1581633
1582283
1582330
1582338
1582591
1582731
1582811
1582887
1583092
1583874
1583940
1584153
1584156
1584186
1584555
1584650
1584889
1585060
1585069
1585192
1585221
1585413
1585777
1586045
1586110
1586113
1586221
1586535
1586602
1586926
1586967
1587202
1587280
1587307
1587339
1587454
1587908
1588260
1588525
1588865
1589296
1589391
1589769
1589847
1590103
1590199
1590199
1590214
1590257
1590699
1591049
1591172
1591185
1591783
1591853
1592178
1592225
1592271
1592474
1592582
1592672
1593326
1593428
1593782
1593986
1594692
1594882
1595136
1595805
1595909
1596078
1596335
1596436
1596927
1597075
1597262
1597295
1597729
1598006
1598080
1598341
1598592
1598674
1599255
1599772
1600196
1600225
1600326
1600806
1600947
1600992
1601016
1601454
1601467
1602103
1602841
1603097
1603260
1603385
1603509
1603583
1603609
1603618
1603793
1603829
1604065
1604292
1604497
1604718
1604952
1605002
1605632
1605824
1606059
1606361
1606614
1606908
1606998
1607246
1607619
1607662
1607792
1607945
1608202
1608245
1608438
1608652
1608672
1608753
1608842
1609148
1609471
1609544
1609939
1609946
1610454
1610487
1610674
1610684
1610841
1610896
1610904
1610917
1611159
1611482
1611795
1611905
1612026
1612102
1612123
1612162
1612181
1612766
1613013
1613162
1613357
1613640
1613708
1613743
1614037
1614066
1614469
1614834
1614912
1615475
1615526
1615810
1615879
1615916
1615928
1615998
1616078
1616452
1616810
1616971
1617151
1617278
1617604
1617975
1617985
1618033
1618200
1618609
1618620
1618635
1618886
1619025
1619198
1619335
1619463
1619624
1619627
1619673
1619804
1620018
1620180
1620877
1621406
1621407
1622105
1622248
1622423
1622461
1622754
1622986
1623068
1623155
1623176
1623188
1623368
1623379
1623896
1623918
1624145
1624181
1624190
1624191
1625682
1625765
1625901
1625995
1626131
1626360
1627212
1627436
1627439
1627747
1627827
1627887
1627926
1628467
1629559
1629779
1629935
1630013
1630258
1630424
1630508
1630736
1630846
1631063
1631599
1631643
1631663
1632304
1632998
1633358
1633384
1633662
1633883
1633926
1634070
1634447
1634728
1634939
1635038
1635055
1635270
1635428
1635550
1635550
1635597
1635631
1635675
1635704
1636042
1636376
1636551
1636634
1636710
1637005
1637170
1637221
1637653
1637661
1637743
1637791
1637895
1638008
1638123
1638243
1638606
1638895
1639071
1639912
1640063
1640295
1640730
1641292
1641347
1641573
1641851
1641904
1641907
1641949
1641994
1641999
1642087
1642393
1642614
1642639
1642835
1643226
1644092
1644229
1644730
1644894
1645065
1645362
1645777
1645777
1645963
1646004
1646379
1646400
1646441
1646442
1646482
1646525
1646634
1646717
1646744
1646869
1647325
1647618
1647665
1648116
1648237
1648403
1648607
1648845
1648948
1649510
1649609
1649736
1649852
1649959
1650498
1650564
1650596
1650623
1650996
1651360
1651896
1652358
1652581
1652635
1652642
1652814
1653751
1654081
1654246
1654316
1654335
1654336
1654382
1654595
1654847
1654872
1655482
1656138
1656265
1656283
1656738
1657086
1657483
1657618
1657982
1658329
1658699
1659130
1659163
1660099
1660168
1660213
1660277
1660612
1660719
1660863
1660924
1661003
1661243
1661904
1661956
1662041
1662228
1662260
1662628
1663053
1663614
1663745
1663856
1664146
1664963
1665080
1665301
1665403
1665623
1666303
1667002
1667013
1667263
1667273
1667726
1668315
1668337
1668400
1668424
1668468
1668609
1668844
1668857
1668928
1669007
1669259
1669457
1669624
1669770
1669842
1670330
1670475
1670720
1670894
1671278
1671396
1671439
1672062
1672309
1672927
1672938
1673043
1673101
1673142
1673161
1673514
1673729
1673779
1673808
1673837
1673953
1674054
1674071
1674165
1674188
1674260
1674297
1674369
1674524
1674924
1675036
1676287
1676298
1676743
1676918
1677159
1677277
1677536
1677930
1678203
1678288
1679052
1679528
1679770
1680266
1680578
1680746
1680885
1681020
1681292
1681476
1682511
1682614
1682620
1682818
1683117
1683721
1683972
1684662
1684758
1684760
1684796
1685153
1685379
1685469
1685550
1685729
1685741
1685907
1685934
1685976
1686033
1686080
1686473
1686541
1686742
1686942
1687273
1687500
1687607
1687618
1687985
1688337
1688449
1688598
1688638
1688716
1689025
1689206
1689336
1689371
1689662
1689847
1689974
1690175
1690481
1690513
1690562
1690665
1690734
1691126
1691286
1691333
1691836
1691845
1691852
1692261
1692733
1692943
1693332
1693337
1693702
1694076
1694201
1694245
1694375
1694479
1694513
1694843
1694960
1695049
1695108
1695244
1695672
1695750
1695859
1695876
1696156
1696281
1696377
1696965
1697060
1697212
1697450
1697534
1697832
1697941
1698493
1698608
1698633
1698739
1699533
1699758
1699800
1700116
1700362
1700704
1701078
1701272
1701311
1701321
1701485
1701514
1701635
1701874
1701897
1702230
1702464
1702600
1703269
1703418
1703812
1704144
1704266
1704281
1704339
1704494
1704618
1704972
1705111
1705284
1705392
1705736
1705822
1705846
1705999
1706059
1706113
1706273
1706482
1706798
1707071
1707188
1707311
1707521
1707724
1707820
1708103
1709020
1709260
1709680
1709711
1709809
1710150
1710632
1710801
1710815
1710861
1712398
1712649
1712734
1712886
1712907
1713103
1713324
1713803
1714416
1714548
1714819
1714867
1714923
1715437
1715806
1715842
1715932
1716035
1716153
1716323
1716362
1716407
1716725
1716961
1717279
1717454
1718239
1718349
1718530
1718685
1718756
1719248
1719269
1719311
1719509
1719561
1719655
1719683
1719988
1720168
1720219
1720383
1720550
1720621
1720765
1720905
1721389
1721649
1721706
1722130
1722764
1722807
1722842
1722910
1722976
1723076
1723184
1723590
1723731
1724073
1724244
1724380
1724419
1724656
1724844
1725034
1725297
1725570
1725583
1725670
1725739
1726079
1726324
1726362
1726650
1726728
1727427
1727879
1728031
1728187
1728235
1729912
1730245
1730246
1730262
1730479
1730678
1730878
1731562
1732250
1732292
1732586
1732702
1733105
1733307
1734044
1734050
1734152
1734317
1734352
1734379
1734425
1734471
1734720
1735003
1735375
1735466
1735477
1735483
1735519
1735795
1735999
1736125
1736348
1736480
1736661
1736821
1736911
1736929
1737319
1737649
1738294
1738529
1738573
1738688
1738997
1739352
1739574
1739577
1739618
1739899
1739935
1740247
1740636
1741080
1741693
1741704
1741830
1741891
1741995
1742267
1742349
1742395
1742427
1742674
1742758
1743613
1743784
1743885
1744314
1744534
1744647
1744664
1745063
1745084
1745202
1745272
1745548
1745786
1745800
1746108
1746598
1746605
1746645
1746934
1747036
1747231
1747815
1747854
1748618
1749937
1750243
1750296
1750327
1750420
1750450
1750574
1750610
1751055
1751493
1751568
1751624
1752023
1752058
1752298
1752609
1752737
1752823
1753200
1753425
1753697
1753728
1753832
1753923
1753935
1753960
1753980
1754190
1754787
1755034
1755165
1755372
1755466
1755555
1756043
1756210
1757110
1757284
1757391
1757662
1757674
1757762
1757788
1757911
1758043
1758194
1758371
1758764
1759094
1759404
1759766
1759801
1760158
1760596
1760619
1760812
1760912
1760929
1761117
1761257
1761314
1761803
1761878
1762011
1762233
1762429
1762685
1763493
1763687
1764030
1764398
1764467
1764566
1764711
1764994
1765034
1765763
1765819
1765963
1766233
1766327
1766363
1766576
1766805
1766999
1767547
1767965
1768406
1768508
1768795
1768998
1769572
1769615
1769738
1769885
1770072
1770452
1770857
1771279
1771406
1771450
1771517
1771705
1772159
1772301
1772443
1772460
1772533
1772568
1773229
1773571
1773638
1773669
1774222
1774310
1774904
1775023
1775144
1775468
1775900
1775920
1775940
1776010
1776252
1776455
1776531
1776602
1776864
1777206
1777682
1777839
1778063
1778195
1778199
1778331
1778367
1778588
1778613
1778630
1778668
1778991
1779536
1779603
1779673
1779715
1779794
1779845
1779856
1780030
1780077
1780275
1780380
1780419
1780889
1780929
1781628
1782176
1782245
1782638
1783353
1783481
1783888
1784550
1784618
1784721
1784933
1785328
1785588
1785946
1786181
1786731
1786769
1786954
1787012
1787074
1787211
1787278
1787310
1787512
1787608
1787682
1788052
1788320
1788882
1789421
1789497
1789812
1789876
1789884
1790435
1790508
1790627
1790729
1790763
1790858
1790923
1791186
1791336
1791502
1791542
1791785
1792211
1792360
1792534
1792719
1792913
1793129
1793175
1793860
1793883
1793959
1794034
1794069
1794074
1794281
1794323
1794381
1794406
1794605
1794700
1794826
1794965
1795233
1795305
1795498
1795585
1795601
1795651
1795750
1795932
1796119
1796302
1796474
1796488
1796666
1796680
1796985
1797702
1797979
1798191
1798581
1798603
1798747
1798753
1798889
1799168
1799324
1799642
1799872
1799955
1800053
1800430
1800647
1801013
1801071
1801430
1801836
1802451
1802691
1802877
1803014
1803240
1803304
1803441
1803547
1803801
1803811
1804160
1804594
1804731
1804747
1805474
1805572
1805711
1805768
1805811
1805811
1805852
1805900
1806300
1806552
1806594
1806846
1806934
1807036
1807075
1807623
1807891
1808043
1808046
1808376
1808416
1808426
1808585
1808911
1809137
1809184
1810275
1810475
1810507
1810884
1811331
1811590
1811716
1811771
1811817
1811840
1811856
1812128
1812196
1812274
1812302
1812418
1812485
1812744
1813038
1813073
1813098
1813244
1814175
1814365
1814379
1814435
1814454
1814772
1814852
1815253
1815417
1815472
1815483
1816089
1816381
1817226
1817296
1817398
1817614
1817902
1818114
1818350
1818537
1818918
1819268
1819483
1819883
1820009
1820178
1820697
1820982
1821315
1821494
1821495
1821725
1821930
1822041
1822121
1822328
1822570
1822599
1822630
1822782
1823057
1823199
1823396
1823455
1823527
1823589
1823781
1824264
1824336
1824420
1824433
1824561
1824805
1824930
1824963
1825610
1825961
1826089
1826104
1826182
1826367
1826831
1826939
1827016
1827532
1827550
1827907
1828353
1828584
1828850
1828984
1829123
1829430
1829557
1829704
1829922
1829925
1830037
1830231
1830876
1831025
1831120
1831245
1831321
1831562
1832066
1832207
1832395
1832699
1833179
1833461
1834567
1834802
1835423
1835489
1835539
1835771
1835802
1836004
1836135
1836276
1836288
1836493
1836618
1836751
1836997
1837195
1837335
1837346
1837516
1837554
1837631
1837699
1838296
1838642
1838855
1839462
1839753
1839756
1839899
1839921
1840189
1840343
1840549
1840867
1841103
1841281
1841449
1841585
1841637
1841934
1842048
1842148
1842256
1843009
1843078
1843143
1843453
1843905
1844139
1844326
1844738
1844844
1844947
1844954
1845317
1845689
1846156
1846202
1846735
1847023
1847168
1847308
1847324
1847687
1847690
1848526
1848652
1848960
1849189
1849213
1849635
1849660
1849697
1849706
1850334
1850448
1850464
1851127
1851284
1851463
1851529
1851603
1851758
1852202
1852240
1852243
1852455
1852535
1853731
1853838
1853851
1853967
1854100
1854343
1854375
1854562
1854766
1855023
1855196
1855550
1855662
1855928
1856091
1856592
1856654
1856660
1856993
1857013
1857434
1857632
1857667
1857755
1857954
1858020
1858248
1858284
1858392
1858485
1858682
1858700
1858763
1858969
1859080
1859532
1859674
1859723
1859772
1859819
1859932
1859933
1859990
1860494
1860721
1860831
1861569
1861732
1862277
1862324
1862478
1862614
1862665
1863495
1863686
1863734
1863926
1863973
1864181
1864217
1864307
1864468
1864613
1864757
1865102
1865138
1865190
1865220
1865560
1865821
1865950
1866133
1866534
1866741
1867234
1867825
1867847
1868023
1869029
1869162
1869188
1869298
1869308
1869463
1869860
1869897
1870072
1870276
1870813
1871005
1871559
1871819
1871867
1871884
1872158
1872381
1872780
1872831
1872912
1872923
1873171
1873253
1873790
1874070
1874082
1874213
1874759
1874763
1874963
1875178
1875252
1875286
1875447
1875621
1875662
1875664
1875814
1876505
1876753
1876876
1877083
1877353
1877897
1878598
1878641
1878664
1879934
1879999
1880015
1880281
1880770
1880840
1880936
1880946
1881378
1881380
1881566
1881617
1881627
1881636
1881651
1881909
1881959
1882125
1882161
1882193
1882488
1882638
1882940
1883125
1883214
1883235
1883530
1883551
1884510
1884569
1884593
1884804
1885038
1885070
1885375
1885398
1885964
1886181
1886590
1886923
1887000
1887248
1887561
1887633
1887781
1888202
1888520
1888573
1888672
1888783
1888903
1889054
1889091
1889437
1889723
1889839
1890014
1890121
1890610
1890720
1890809
1891438
1891624
1891808
1891824
1892156
1892989
1893024
1893026
1893124
1893196
1893301
1893322
1893566
1893754
1894034
1894056
1894085
1894254
1894408
1894490
1894507
1894693
1895270
1895467
1895833
1896281
1896514
1896525
1896909
1896923
1897282
1897993
1898088
1898212
1898643
1898671
1899065
1899308
1899321
1899466
1899494
1899641
1899658
1899684
1899741
1899800
1899943
1900071
1900247
1900306
1900411
1900429
1900573
1900605
1900634
1900649
1900689
1900703
1900762
1901408
1901682
1901710
1901854
1901915
1901994
1902465
1903167
1903333
1903680
1903769
1904246
1904373
1904461
1904537
1904600
1904604
1904880
1905109
1905225
1905336
1905345
1905657
1906219
1906932
1906998
1907071
1907298
1907386
1907439
1907483
1907590
1907669
1908019
1908210
1908245
1908308
1908661
1908864
1909069
1909173
1909343
1909351
1909795
1909866
1910075
1910120
1910160
1911627
1911905
1912167
1912215
1912484
1912764
1912960
1912989
1913145
1913491
1913816
1914058
1914585
1914778
1915004
1915110
1915256
1915505
1915692
1915985
1916154
1916205
1916529
1916567
1916751
1917015
1917722
1918086
1919072
1919089
1919246
1919380
1919907
1919977
1920549
1920605
1920640
1920842
1920924
1921001
1921030
1921210
1921237
1921278
1921419
1921499
1921604
1921631
1922359
1922423
1922439
1922637
1922723
1922783
1922829
1922858
1922935
1923100
1923114
1923155
1923203
1923377
1923502
1923793
1923801
1924027
1924242
1924253
1924569
1924681
1924688
1924810
1924890
1925575
1925750
1925799
1925824
1925914
1925966
1926418
1926537
1926565
1926750
1927094
1927186
1927189
1927329
1927833
1927847
1928081
1928243
1928330
1928455
1928808
1928858
1928933
1929006
1929060
1929075
1929207
1929287
1929311
1929330
1929336
1929340
1929388
1929681
1929988
1930161
1930509
1930597
1930862
1930920
1930979
1931301
1931347
1931465
1931602
1931788
1931985
1932155
1933009
1933029
1933071
1933740
1933819
1933979
1934038
1934218
1934226
1934251
1934286
1934447
1934645
1934864
1934883
1934950
1934982
1935449
1935614
1935683
1935866
1936662
1936690
1936773
1936982
1937065
1937091
1937412
1937437
1937477
1938080
1938336
1938509
1939201
1940219
1940254
1940483
1940933
1940934
1940997
1941358
1941727
1941748
1942110
1942129
1942167
1942267
1942450
1942485
1942695
1943147
1943266
1943326
1943394
1943485
1943586
1943620
1943636
1943847
1944045
1944379
1944380
1944432
1944434
1944712
1944781
1944814
1944867
1945067
1945113
1945176
1945273
1945309
1945328
1945345
1945482
1945562
1945661
1945795
1945939
1946039
1946167
1946765
1946801
1947013
1947290
1947524
1947564
1947735
1947973
1948055
1948189
1948200
1948326
1948358
1948689
1948991
1949244
1949388
1949504
1949717
1949747
1949882
1950014
1950128
1950479
1950603
1950934
1951021
1951047
1951243
1951351
1951766
1952138
1952297
1952404
1952568
1952818
1952951
1953230
1953344
1953520
1953585
1953755
1954064
1954283
1954330
1954512
1954589
1954779
1955255
1955268
1955577
1955745
1955859
1955957
1956289
1956463
1956738
1956957
1956971
1956978
1957212
1957481
1957517
1957739
1957833
1957870
1957956
1958074
1958412
1958539
1958752
1958803
1958843
1959273
1959316
1959408
1959454
1959539
1959622
1960140
1960815
1961000
1961076
1961421
1961509
1961528
1961619
1961670
1961787
1962248
1962330
1962893
1962975
1963601
1963721
1964138
1964394
1964448
1964558
1964875
1965187
1965193
1965309
1965441
1966062
1966268
1966507
1966578
1966638
1966930
1967243
1967383
1967404
1967430
1967503
1967807
1967861
1967879
1967941
1968178
1968304
1968519
1968522
1968719
1969066
1969078
1969155
1969254
1969393
1969408
1969504
1969670
1969888
1969893
1969967
1970043
1970081
1970171
1970275
1970653
1970879
1971048
1971115
1971307
1971381
1971399
1971962
1972042
1972059
1972178
1972217
1972242
1972581
1972747
1972822
1972967
1973087
1973280
1973287
1973426
1973886
1974273
1974313
1974317
1974527
1974600
1975046
1975082
1975183
1975493
1975749
1975937
1976638
1976673
1976871
1977015
1977021
1977301
1977549
1977804
1977946
1978054
1978249
1978994
1979076
1979385
1979418
1979481
1979497
1979669
1979927
1980122
1980754
1981267
1981616
1981742
1981876
1981958
1982163
1982192
1982193
1982417
1982554
1982716
1982859
1983314
1983711
1983767
1983945
1984156
1984409
1984430
1984671
1984970
1985023
1985036
1985156
1985264
1985514
1985633
1985637
1985713
1985765
1985889
1985933
1985967
1986147
1986435
1986461
1986874
1986894
1986923
1986936
1986970
1987292
1987329
1987689
1988055
1988115
1988206
1988342
1988541
1988581
1988838
1988882
1988907
1989107
1989409
1989727
1989970
1990280
1990314
1990475
1990510
1990704
1990808
1990921
1991007
1991089
1991292
1991310
1991519
1991958
1992114
1992208
1992541
1992671
1992708
1992720
1992753
1992819
1993334
1994112
1994193
1994213
1994522
1994525
1994570
1994706
1994827
1994934
1994989
1995107
1995111
1995586
1995765
1995870
1996234
1996529
1996630
1996781
1996892
1996973
1997382
1997434
1997539
1997789
1997856
1997879
1998006
1998185
1998777
1998829
1998936
1998946
1999082
1999230
1999273
1999418
1999543
1999789
1999814
1999832
