47 ms..
663
2486
2498
2778
3286
4228
4553
4585
5359
5827
6391
6679
6698
7688
7967
8074
8102
8481
8641
8962
9292
10541
11808
11862
12091
12385
12505
12857
12913
13206
13464
13670
14354
14421
14516
14564
14771
15063
16150
16405
17028
17130
17492
18407
18587
18628
18637
19015
19030
19379
20637
20711
22366
22412
22546
22833
23017
23327
23805
24465
24521
25864
26026
26138
26224
26324
26372
27185
27352
27845
28002
28093
28368
28387
28396
28656
28678
28773
28816
28919
29725
30069
30304
30453
30601
31909
32024
32124
32465
32872
33269
33677
34485
34775
34972
35036
36108
36625
37560
37970
39005
40667
41012
41273
42343
42405
42546
42883
43452
44372
44372
44812
44821
45212
45265
45427
45670
45740
45768
45887
46152
46300
46488
47176
47582
47880
48022
48369
48488
48585
48864
49113
49458
49598
49825
49840
50001
51041
51111
52640
53425
53735
54104
54505
54588
54622
54845
55003
55893
56149
57057
57061
57237
57386
57400
57481
58045
58304
59500
59670
60361
60986
61956
62211
62247
62351
62467
62630
62796
62801
63391
63552
63943
64280
64617
64833
65179
65523
66014
66028
67863
68110
69170
69421
69631
69891
70208
70281
70939
71082
71656
72381
72445
73614
75268
75527
75975
77087
77579
77790
77812
77835
77864
78460
78648
79174
79462
79920
80238
80671
80826
80928
81074
81506
81928
82059
83431
83701
84223
84761
84818
85289
86685
88131
89642
89673
89998
90613
90956
90997
91169
91184
91277
91585
91677
91981
92210
92362
93174
93265
93747
93805
95247
95277
95444
96000
96340
96352
96450
97997
98978
99585
100062
100164
101069
101377
101635
102561
102950
103311
103399
103515
104368
104707
105169
105317
106018
106209
106521
107305
108045
108730
109110
109408
109728
110240
110390
110917
111342
111774
112247
113252
113373
113620
113678
113687
113789
113865
114021
114108
114216
114279
114759
115351
115720
116980
117152
117550
117606
117687
117902
118298
118299
118441
118719
119078
119145
119547
120252
121460
121615
121791
123309
123710
123928
124512
124707
124774
125285
125351
125392
125917
126020
126177
126382
126531
126603
128180
128275
128322
128355
129301
129647
130161
130300
130352
130561
130655
130703
130783
130812
130960
131215
131237
131657
132097
132557
133617
133664
133736
133863
134691
136586
136950
136993
137236
137300
137364
138069
138110
138688
139224
139595
140096
140288
140516
141027
141396
141539
141567
141855
142548
142817
142944
143346
143413
143571
144150
145619
146345
147146
147212
147831
148275
149095
149586
149855
151122
151131
151134
151314
151786
153113
153180
153295
153882
154004
154355
154381
155228
155797
156080
156675
156805
156889
156937
157610
157635
157859
158161
158257
159293
160102
160127
160303
161283
161829
162512
162623
163114
164073
164761
164788
165129
165604
165812
165941
166444
167160
167246
167277
167284
167764
167785
167956
168091
168268
168421
169934
170024
170784
171736
171970
172997
173551
174777
174894
175012
175176
175718
175769
176326
176753
177215
177810
177945
178147
178321
178465
178675
178889
178933
179038
179599
179829
180758
182120
182245
182719
182975
183221
183343
183344
183358
183965
184054
184184
184213
184502
184818
185305
185486
185595
185935
186797
187508
188022
188090
188280
189023
189990
190022
190828
191117
191259
191619
191919
192395
193826
194096
194809
195018
195145
195253
195748
195822
196022
196420
196601
196782
197264
197512
198637
198837
199420
199449
199706
199910
200968
201069
201347
201415
201932
202463
202467
202710
203067
203153
203345
204308
204833
205439
205487
205866
206008
206508
206509
206518
206766
207091
207115
207494
207908
207994
208025
208476
209017
209439
210931
211124
211280
211690
212269
212778
213058
213316
213970
214004
214077
214619
215217
216443
216923
217186
217192
217946
218170
218214
218497
218604
218852
220414
220545
220678
220800
220852
220931
221059
221184
221310
222854
222973
223135
223310
223619
224154
224408
225302
225902
225914
226023
228605
228643
229447
229722
230256
230870
231131
231634
232176
232781
233207
233771
233943
234958
235447
235780
235851
236173
236711
237876
237880
238072
238595
239254
240306
240743
241271
241856
242314
242376
243308
244507
245943
246375
246460
246929
247406
247871
248109
248308
249102
249360
249400
249501
249608
250383
250501
250606
252060
252190
252201
253040
253050
253362
253515
254198
254668
254671
254855
255196
255300
255633
256375
256393
256805
258327
258515
258663
258835
258889
259010
260378
260729
261028
261170
261192
261838
262536
262640
263069
263206
263319
263432
264828
264873
265190
265669
266666
266966
268363
268674
268926
269349
269632
269831
270182
270318
271280
271950
272213
272324
273003
273782
273796
274663
274945
275208
275484
278475
278526
280009
280721
280742
281303
282063
282212
283147
283620
284738
284794
285358
285934
286066
286978
287156
287423
287808
288118
288144
288753
288822
288992
289132
289418
289674
290155
290319
290649
292465
292513
292661
292710
292999
293140
293594
293681
294180
294651
295019
295463
296548
297075
297089
297193
297305
297574
297744
297918
297966
298325
298457
298696
298764
299578
299757
300073
300188
300467
300587
301016
301812
302352
302411
302594
302774
303579
304222
304423
304502
304671
304784
304848
305715
305994
306602
307036
307121
307629
307777
308207
308285
308317
308821
309145
309273
309786
310312
310738
311036
311559
311585
311685
313252
313891
314162
314463
314841
316176
316449
316798
317474
317643
317990
318441
318489
318504
318596
318814
319474
320160
320169
320388
320841
321416
321651
322117
322199
322335
322478
322800
323068
323174
324014
324520
325420
325471
326977
327376
328163
328474
328610
328947
329615
330842
331035
332885
333619
333827
333978
334614
335946
336115
336219
336524
336631
337668
337939
338324
338476
339100
341106
341126
341367
341749
341965
342071
342414
342709
342765
342790
342839
343315
344067
344311
344863
345173
345272
345356
345644
345673
345799
345890
345962
346812
347252
347312
347489
347569
347653
347885
348076
348671
348831
349130
350230
350240
350304
350753
350947
351878
351908
352013
352478
352957
353363
353725
353726
353948
354575
355180
355560
355650
356620
356754
356933
356975
357294
357873
357976
358800
358915
359006
359588
359605
360053
360084
360221
360695
360841
360874
361989
362627
363020
363382
363392
363894
363894
364217
364479
364839
364917
365191
367018
367346
367411
367718
367937
368097
368766
369738
369898
370065
370571
370942
370964
371285
371510
371891
371977
372137
372342
372560
373107
373336
373540
373878
373906
374816
376256
376379
376583
376849
376871
377158
377490
377612
377957
378086
379821
380271
380385
380542
382171
382237
382374
385800
386827
387003
387064
387440
387713
387888
388073
388206
388401
389296
389476
389767
390079
390493
390577
390666
390720
391565
392332
393224
393373
393971
394021
394410
395792
395821
396645
396853
397463
398143
398497
398655
398728
399104
399134
399361
399514
399518
400354
400421
400710
402432
403265
403599
403727
404197
404396
405381
405427
405499
406519
406766
407209
408382
408731
408740
408897
408974
409889
410173
410313
410984
411235
411257
411757
412671
412825
413180
413313
413468
413726
413737
413768
414688
414788
416096
416944
417607
418106
418518
418814
419564
419684
419775
419849
419892
419895
420050
420063
420306
421937
422725
423216
423493
423604
425166
425428
425520
425630
425847
427221
427402
428105
428804
428968
429396
429833
430607
430640
431107
431326
431372
432437
433731
433857
433984
434573
434672
435049
435121
435531
435853
435888
436078
436289
436857
436888
436997
438304
438743
438877
439846
440058
440535
440606
441106
442340
442585
443096
443348
443653
444311
444728
445118
445413
445967
446292
447094
447362
447545
447556
448359
448663
449190
449196
449305
449624
449817
450145
451071
451150
451740
451907
452145
452832
453416
453616
454757
455439
455469
455847
456038
456040
456427
456428
456542
456790
456900
458762
459082
459629
460114
460138
460769
461218
462799
463168
463666
465170
465998
466279
466812
467067
467481
468200
468999
469427
469764
469864
469892
470612
471650
471984
472086
472163
473161
473399
473482
474111
474283
474431
475309
475805
475840
477003
478390
478738
479612
481271
481648
482161
482575
483046
483052
483178
483713
484028
484072
484161
484416
484676
486217
486613
486664
487325
487495
487766
488082
488180
488642
488691
490088
490213
490450
491593
492843
492883
493373
494047
494209
494415
494440
494513
494617
494643
494891
495084
495159
495165
495978
496097
498003
498894
498931
499407
499441
500180
500749
500891
501747
501890
502257
502623
503602
504009
504470
504805
504812
505149
505225
505300
505465
506019
506082
507216
507364
507572
507595
507879
508049
508437
508690
508751
508761
509001
509163
509197
509231
509254
509976
510204
510775
511022
512478
513363
513401
514598
515059
515592
515869
516162
516351
516387
516971
517304
517596
518121
518413
518741
519144
519915
520176
520293
520519
520911
521100
521240
522338
522438
522577
522596
522941
523223
523318
524671
524876
525378
525568
525715
525948
526283
526361
526457
526642
526666
526731
527128
527166
527325
527521
528154
528905
529290
529418
529579
529788
529804
530511
530529
530913
531915
532192
532692
532837
533255
533540
536727
536871
537122
537322
537376
537473
537891
538949
540018
540940
541362
541658
541746
542085
542914
543075
543709
544080
545068
545495
546282
546645
547322
547810
548089
548472
548894
549080
549176
549394
549692
549946
550632
550712
551380
551781
552615
552717
552825
553175
553494
553900
554738
555093
555554
555659
556388
557773
558197
559138
560397
560649
560737
560877
561767
561789
562308
562490
563136
563452
563917
564144
564466
565046
565413
565608
565638
565697
565856
566769
567673
568475
569706
569906
569961
571299
571726
571853
571960
572978
573284
573841
574054
574086
574391
574620
574662
574889
575486
575524
575613
575704
575713
576028
576056
576501
576959
577943
577966
579179
579291
579514
581161
581194
581372
581464
581511
581534
582079
582233
582414
582870
583802
584262
584394
585102
585457
585502
586048
586094
586164
586369
586382
587072
587127
587460
587570
587948
588144
588440
588475
589208
589350
589425
589904
590892
592073
593073
593443
594273
594323
594379
594462
594614
594730
594933
595553
595784
595875
596293
596582
597560
597773
600657
601006
601471
601796
601803
602304
602988
603105
603634
603881
605189
605521
605960
607025
607549
608500
609451
609571
609903
610000
610088
610220
610528
610868
611971
612345
612923
613310
613939
614185
614186
614301
614443
614518
614678
615108
615457
615496
615729
617129
617494
617636
617845
617998
618037
618564
618699
619717
621258
621517
621619
621781
622682
623013
623071
623847
624010
624313
625013
625287
625418
626015
626167
626173
626698
626961
626993
628242
628575
628765
628807
629066
629247
630585
630919
630967
631055
631212
631245
631454
631787
631956
632338
632388
633039
633137
633213
633548
634821
634857
634860
634898
635158
636551
637166
637988
638461
638935
639158
639514
639825
640023
640368
640517
640877
641027
641558
643672
643729
643824
644346
644355
644810
645111
645763
646703
646858
647608
647815
648053
649076
649103
649646
650172
650311
650379
650659
651529
651586
651667
651886
652082
652434
653576
653671
654060
654273
654834
655493
656313
656844
656906
657188
658064
658342
658381
658396
658982
659221
659680
659706
659723
659874
660805
660972
661112
661400
661949
662285
662757
662988
663153
663213
663510
663664
664405
665014
665069
665141
665141
665179
666300
666631
666689
666881
666989
667132
667948
668018
669387
669812
670245
670587
670622
670860
671041
671521
671581
671798
672022
672668
673285
674061
674930
675514
675843
676128
676165
676280
676791
677211
678662
679092
680211
680928
681017
681635
681726
682611
682829
682936
682957
683052
683282
683371
683581
683663
683981
684009
685362
685778
685969
685979
687064
687639
687691
687750
688165
688962
689327
689481
689560
690127
690483
690738
691305
692395
693060
693116
693186
694335
694386
694575
694917
695113
695450
695558
695843
696017
696244
696484
696762
696790
696901
697018
697352
697485
697887
697933
698067
698148
698165
698703
699168
699618
700085
700089
700142
700639
700986
701616
701665
701955
702407
702658
702985
703755
704011
704605
704758
704911
705425
705926
705953
706446
706642
707196
707212
707262
707978
708936
708954
709891
712248
712440
712931
712960
713326
713356
714016
714274
715481
715830
716394
716448
718619
719235
719454
719616
720097
720349
720455
720795
720813
720984
721084
722158
722307
722535
722703
722741
722764
723019
723141
723539
724081
724168
724301
724492
724648
724970
725436
725715
725760
725802
725815
726421
726700
727618
728040
728225
728357
728441
728472
729057
729147
729283
730344
730586
731529
732902
732920
733606
734045
734056
735993
736953
736989
737394
737649
737737
737766
738518
739034
740067
741108
742000
742025
742417
743030
743382
743703
743925
743981
744120
744200
744458
746254
746954
747194
747214
747254
747415
748016
749101
749142
749674
749766
749849
749929
750422
750640
751918
753119
753202
753649
753953
754209
754274
754616
754951
755071
755241
755628
756155
756238
758687
759383
759462
759505
759990
760276
760561
761319
761750
761812
762041
762382
762446
762489
762793
763105
763131
763321
763673
764389
764612
764642
764756
764857
765743
766132
766181
766417
766685
767347
768139
768861
769857
770097
770439
771395
771653
771825
772167
772326
772708
772737
772855
773210
774323
774904
775006
775105
775495
775978
777091
777366
777816
778033
778134
778384
779666
780062
780133
780727
780977
781236
781664
782440
782535
782677
782802
782993
782997
783171
783179
783610
784139
785429
786625
788150
788271
788765
788780
789735
790469
790670
791165
791709
792100
792829
792960
793379
793905
794085
794336
794347
794446
794765
795063
795256
795775
796952
796985
797307
798491
799734
799817
800118
800729
801038
801262
801872
802355
803155
803374
803923
804166
804440
804533
804539
804636
805089
806076
806708
807187
807367
807577
809360
811430
811820
812044
812269
812946
813302
814961
815156
815751
816015
816100
816172
816503
817673
818267
818493
819814
820074
820318
820971
821118
821283
821636
821669
822590
822706
823061
824043
824166
824629
824722
824941
826155
826331
826351
826868
826938
827567
827570
827882
828028
828140
829123
829257
829722
831134
831136
831152
831256
831324
831326
833196
833259
833423
833513
833517
834139
834553
834835
834893
835683
835747
836549
837166
837501
838122
838559
838668
838707
838738
839196
839847
840047
840262
840508
840652
840825
840982
841164
841779
841944
842775
842776
843156
843231
843440
843646
843873
843942
844027
845645
845693
845788
845803
845875
846262
846428
846638
846848
847295
847630
848570
849378
849638
849702
849782
849902
849928
850177
850289
850332
850966
851555
851861
852202
852726
853594
854115
854324
854390
854425
854524
854560
855005
855369
856005
856875
856983
857145
857545
857630
857938
857986
857996
858323
858440
858648
858691
859053
859184
859526
859736
860234
861098
861263
861495
862050
862066
862070
862205
862942
863162
863179
864008
864315
864505
865321
865679
866421
866709
868070
869245
869341
869771
870466
870769
871097
871375
871844
872249
872422
874138
875347
875398
875425
875994
876326
876404
877081
877493
878065
878863
879732
879983
880054
880071
881149
881643
881809
881952
882000
882188
882261
882579
882705
882938
883317
883633
883857
884209
884245
885066
886347
886840
888099
888147
888402
888592
888691
890375
890929
891853
893405
893469
893703
893788
893853
894189
894292
894485
894879
895014
895139
895257
895360
895733
896880
897006
897451
897896
898297
898823
898851
898879
899482
899860
899894
900000
900424
901912
902273
902693
904892
905261
905748
905874
906136
906182
906676
906803
907633
909019
909104
909419
909730
909904
910618
912082
912267
912521
912814
913194
913290
913360
913913
914232
914964
915381
915633
915894
915950
915989
916206
916571
916698
917050
918282
918468
918841
919218
919484
919490
919587
919815
920191
920532
920817
920818
920990
921155
921200
921908
922014
922015
922222
922332
923517
924265
924553
924651
924789
924926
925375
925432
925793
926797
927019
927055
927225
927691
927767
927845
928102
928606
929650
930039
930102
930265
930349
930492
930587
930628
930777
930790
930835
931157
931686
931769
931859
932267
933465
933755
935008
935185
935792
936447
936737
936784
937144
937475
938300
938378
938581
938985
939187
939435
940153
940403
940876
940962
941038
941099
941134
941216
941614
942007
942506
942527
942750
942768
942868
944222
944543
944588
945221
945400
945447
945546
945901
946145
946849
948620
949378
949917
950267
950453
950942
951197
951533
951910
952213
952564
952572
952803
953153
953453
954590
954706
954719
955831
956608
956861
957067
957306
957569
957944
958577
959170
959532
959814
960759
961063
961574
961642
962107
962320
962337
963482
963907
965877
966071
966281
966341
966589
966767
966850
967634
967754
968424
969769
969819
970225
970824
971107
971499
971641
972363
973843
973962
974227
974413
974652
974737
974852
974896
974900
975095
975725
977823
977942
978340
978792
978900
979049
979554
979561
980212
980269
980696
980921
980977
981322
982666
983236
983262
983438
983676
983820
983997
985579
985864
985996
986471
987103
988240
988609
989045
989396
989823
989928
990232
990507
991445
991496
991841
991995
992313
992663
992996
993137
993849
994146
994152
994274
994339
994741
994745
995931
996089
996133
996280
996393
996983
997964
998019
998138
998478
998949
999508
999862
1000328
1000798
1001041
1001154
1001580
1003428
1003623
1004031
1004050
1004204
1004805
1004938
1005287
1005855
1006081
1006768
1007575
1007701
1007729
1008077
1008092
1008107
1008183
1009516
1010151
1010993
1011362
1011482
1011568
1011648
1013356
1013427
1014131
1014275
1014497
1014505
1014809
1014956
1015002
1015297
1015615
1016619
1017393
1017488
1017878
1018198
1018947
1019316
1020272
1020733
1021958
1023083
1023564
1023875
1024570
1024630
1024834
1025032
1025173
1025238
1026243
1026312
1026594
1027243
1027879
1027909
1028042
1028744
1029270
1029425
1029520
1029590
1029685
1029845
1030271
1030285
1030510
1030839
1030968
1031567
1031677
1031821
1033255
1033460
1034128
1034327
1034564
1034812
1035152
1035445
1035849
1035953
1036139
1036482
1037836
1039145
1039165
1039250
1039953
1040154
1040929
1041335
1041618
1041799
1041834
1042790
1044257
1044823
1046525
1046865
1047046
1047241
1047828
1048131
1048149
1048284
1049032
1049053
1050548
1051174
1052831
1053128
1053391
1053529
1053548
1054508
1054531
1054680
1054927
1055192
1055254
1056094
1056100
1056826
1057284
1057693
1057704
1058861
1059200
1059678
1060194
1060907
1061058
1061853
1062724
1063421
1063689
1063725
1064128
1064802
1064807
1064846
1065332
1065996
1066732
1067413
1067492
1068125
1068155
1068641
1070130
1070202
1070302
1070543
1070794
1071122
1071174
1071317
1071390
1071561
1071727
1071767
1071783
1071902
1072036
1072265
1072519
1073345
1073983
1074179
1074223
1076304
1076741
1076951
1077988
1078667
1079429
1079473
1080413
1080859
1081687
1083222
1083593
1083733
1084114
1084347
1085087
1085171
1085209
1085371
1085844
1086135
1086324
1086981
1087326
1087528
1087881
1088556
1088607
1088981
1089662
1089923
1090040
1090468
1091464
1091573
1091583
1091887
1092073
1092398
1092562
1093062
1093127
1094095
1094534
1094792
1094917
1095104
1095343
1095377
1095394
1096508
1096705
1096885
1097282
1097699
1097730
1099027
1099334
1099930
1100267
1101600
1101606
1102060
1102782
1102968
1103192
1103848
1104032
1104579
1104941
1105334
1105963
1106515
1106752
1107046
1107288
1108282
1108324
1108669
1108971
1109136
1109176
1109496
1109757
1110042
1110413
1111617
1111701
1112199
1112632
1113455
1113512
1114086
1115533
1115722
1116605
1116630
1116961
1117003
1117149
1117221
1117315
1117656
1117970
1118986
1119159
1119868
1120188
1120634
1120687
1120937
1121440
1121440
1121538
1122658
1122943
1124393
1124710
1125067
1126133
1126470
1127096
1127669
1127722
1129253
1130022
1130141
1130194
1130201
1130221
1130631
1130750
1131121
1131194
1131248
1131570
1131636
1132020
1132123
1133200
1134010
1134802
1135453
1135515
1135872
1136343
1136790
1138143
1138470
1138727
1138935
1139569
1140331
1140865
1141391
1141435
1141648
1142040
1142956
1143242
1143553
1143975
1144277
1144737
1144756
1145186
1145894
1146734
1147715
1147744
1148091
1148316
1149223
1149353
1149633
1150120
1150312
1150549
1150620
1150632
1150919
1151154
1151962
1152198
1153205
1153657
1155144
1155158
1155197
1155669
1155855
1156182
1156447
1156623
1156839
1157662
1157900
1157994
1158196
1158940
1159311
1159420
1160081
1160522
1160568
1160640
1161469
1163591
1163895
1164930
1165689
1165806
1165880
1165914
1166390
1166425
1166584
1166623
1166784
1166863
1167007
1167205
1167386
1167454
1168002
1168497
1168500
1168615
1168706
1169034
1169047
1170123
1170193
1171175
1171631
1171983
1172355
1172438
1173186
1173498
1173718
1173942
1174959
1175468
1176224
1176783
1176925
1177181
1177286
1177438
1177570
1177654
1177846
1177854
1177917
1179763
1180092
1180510
1180603
1181229
1182040
1182573
1182696
1182838
1184940
1185086
1185776
1185819
1186235
1186770
1186964
1187048
1187722
1189554
1189704
1189719
1190104
1190600
1190884
1191016
1191615
1191787
1192081
1193329
1196154
1196634
1196756
1197582
1197641
1198288
1198669
1198736
1199117
1199205
1199996
1200080
1200244
1200311
1200546
1200564
1201101
1201325
1201726
1202162
1203030
1204858
1204981
1205040
1205780
1206528
1206625
1208028
1208088
1208271
1208448
1208619
1209120
1209243
1209261
1209591
1209811
1210382
1211758
1211763
1212335
1212426
1213548
1213767
1214075
1214437
1214897
1215017
1215084
1215148
1215165
1215227
1215739
1216366
1216769
1217369
1217420
1217421
1218002
1218023
1218471
1218532
1218990
1219026
1219299
1219682
1219758
1220447
1220541
1220881
1221063
1221170
1221399
1222162
1222236
1223334
1223455
1224575
1224576
1225465
1226060
1226321
1226970
1227185
1227367
1227639
1228430
1228903
1229117
1230018
1230633
1230689
1230924
1231388
1232358
1232376
1232881
1233049
1233809
1234000
1235482
1236100
1236609
1236650
1238102
1238473
1238737
1239198
1239236
1239659
1239716
1239833
1239932
1240046
1240462
1241389
1241582
1241803
1242380
1242758
1243763
1245630
1246198
1247384
1249543
1249950
1250106
1250239
1251150
1251204
1251326
1251581
1251868
1252231
1252862
1253234
1253538
1253951
1254308
1254456
1254922
1254983
1256154
1256327
1256383
1256539
1256747
1258198
1258571
1258936
1259133
1259686
1259744
1259896
1260147
1260565
1260863
1261449
1262297
1262710
1263204
1263278
1263512
1263683
1263841
1263982
1264081
1264827
1265141
1265196
1265408
1265427
1265732
1266089
1266091
1266209
1266264
1266497
1266499
1266521
1266852
1266936
1266937
1267099
1267232
1267336
1267537
1267775
1269992
1270199
1270372
1270581
1272004
1272125
1272330
1273274
1273458
1273568
1273795
1273882
1274317
1275036
1275405
1275551
1275997
1276531
1276639
1276739
1276885
1277070
1277137
1277183
1278164
1278657
1278828
1279038
1279167
1279406
1279589
1279707
1280072
1280130
1280812
1281004
1281829
1282094
1282245
1282602
1282811
1283496
1286837
1289277
1289389
1289585
1289628
1290594
1290897
1291210
1291504
1292131
1292457
1293267
1293395
1294161
1294660
1295381
1295450
1296529
1296739
1296739
1296862
1297101
1298404
1298832
1299138
1299535
1300240
1300543
1302279
1302334
1303396
1303509
1303951
1304239
1305072
1305419
1305429
1305545
1306182
1306500
1306883
1307106
1307141
1307545
1307558
1307576
1307983
1309228
1309743
1309934
1309987
1310672
1311331
1311782
1311935
1312334
1313217
1313936
1314707
1315225
1315647
1315956
1316067
1316736
1317015
1317159
1317300
1317314
1317703
1317918
1318023
1318828
1319390
1319433
1319773
1320052
1320058
1320254
1320629
1322018
1322646
1322897
1323067
1323444
1324008
1324883
1326432
1327386
1327426
1327647
1328395
1328576
1328725
1329618
1329734
1329814
1329852
1330402
1330912
1330988
1332414
1332477
1332554
1332977
1333105
1333257
1333395
1334138
1334423
1334611
1334620
1335101
1335800
1336478
1336506
1336789
1337576
1338000
1338085
1338091
1338515
1338810
1339216
1339577
1339648
1339805
1339846
1339857
1341102
1341169
1341819
1342880
1342888
1344411
1344935
1345324
1345551
1345978
1346142
1346168
1346194
1346525
1346661
1347029
1347115
1347555
1348188
1348505
1348679
1348870
1348903
1349018
1349189
1349303
1350761
1351264
1352625
1353504
1353616
1353681
1353889
1354027
1354201
1354455
1354997
1355253
1355389
1355769
1357104
1357768
1357876
1359119
1359491
1359770
1359788
1359885
1359892
1359999
1360047
1360238
1360283
1361852
1362414
1362889
1363083
1363101
1363811
1363904
1364009
1364085
1364422
1364449
1364968
1364977
1365105
1365198
1365630
1365711
1365807
1366094
1367324
1367664
1367722
1367824
1367972
1368124
1368557
1368623
1369042
1369084
1370565
1371628
1371923
1372665
1373231
1374454
1375044
1375756
1376066
1376349
1377372
1377952
1377983
1378597
1378700
1378781
1379358
1379812
1379907
1379978
1381463
1381582
1381842
1382647
1382861
1382934
1383160
1383215
1383295
1383771
1384206
1384604
1385663
1386844
1387373
1387484
1387911
1388133
1388488
1389438
1390409
1390668
1390853
1390855
1391003
1391781
1391967
1392158
1392242
1392403
1392543
1392783
1393157
1394304
1394541
1394801
1395124
1395720
1396282
1396518
1397014
1397267
1397974
1399097
1399696
1400632
1400650
1400656
1400861
1400893
1401686
1402013
1402239
1402847
1403762
1403939
1404255
1404310
1405022
1405370
1405392
1406927
1407300
1407459
1407460
1407534
1407703
1408001
1408190
1408286
1408670
1408905
1409133
1409287
1409772
1409914
1410069
1410092
1410565
1410802
1410947
1411315
1411415
1411899
1412483
1412917
1413098
1413901
1414269
1415717
1415882
1416277
1416398
1416766
1416917
1416944
1417781
1418135
1418245
1419455
1420431
1420574
1421460
1422119
1422281
1423766
1424547
1424866
1425373
1425506
1425831
1426805
1427084
1427211
1427521
1427908
1428024
1428123
1428344
1428530
1428786
1428847
1429758
1429850
1429853
1430006
1430232
1431173
1431529
1431612
1433095
1433232
1433349
1433455
1434112
1434727
1435303
1436458
1437732
1437767
1437788
1437803
1437964
1438007
1438456
1438470
1439091
1439184
1439545
1440650
1441157
1441265
1441603
1442220
1443270
1443344
1443486
1443799
1443828
1444092
1444118
1444984
1445759
1446836
1447060
1447692
1447719
1447923
1448015
1448144
1448659
1448711
1449242
1449670
1449673
1450023
1450402
1450558
1450740
1450942
1451328
1451442
1451505
1451586
1452190
1452692
1453022
1453297
1453384
1453716
1453969
1454013
1454359
1454756
1454859
1455063
1455867
1456143
1456196
1456406
1456624
1456633
1456860
1457924
1459043
1459779
1460560
1460940
1461323
1461594
1461677
1462090
1462286
1463020
1463163
1463870
1464805
1465111
1465648
1465970
1466016
1466089
1466167
1466217
1466483
1466550
1467646
1467896
1468034
1469018
1469572
1469603
1470261
1470764
1470966
1471249
1471671
1472330
1472332
1473162
1473250
1473268
1473868
1474086
1474293
1475310
1475344
1475627
1475780
1475837
1475922
1476668
1476867
1477213
1477307
1477601
1477939
1479907
1480705
1480818
1481328
1482459
1482987
1483019
1483081
1483285
1483662
1483888
1484045
1484436
1484557
1485001
1485070
1485679
1485694
1485782
1485873
1485948
1486339
1486467
1486787
1486992
1487109
1487267
1487286
1487701
1488152
1488315
1489509
1489563
1489582
1489614
1490167
1490404
1491852
1492390
1493898
1493966
1494022
1494230
1494260
1494515
1494544
1495171
1496264
1497238
1497566
1497658
1499734
1500142
1500395
1501271
1501566
1501685
1501868
1501908
1501954
1501999
1502548
1503468
1503470
1503572
1503758
1504182
1504591
1504641
1504664
1505231
1505911
1506106
1506877
1506988
1507389
1507866
1507958
1508775
1509132
1509390
1510021
1510253
1510906
1510992
1511305
1511558
1511911
1512080
1512226
1512629
1512657
1512934
1513115
1513202
1513599
1514238
1514255
1515723
1516996
1518410
1518647
1519063
1519648
1520621
1521061
1521130
1521231
1521597
1521922
1522233
1523333
1523512
1523736
1523759
1524417
1524558
1524951
1525060
1525165
1525205
1525284
1525324
1525666
1526343
1526451
1527372
1527543
1527545
1527828
1528079
1528191
1528709
1529062
1529167
1530472
1530493
1530855
1531942
1532067
1532235
1532458
1532929
1533797
1534807
1534983
1535433
1535710
1535822
1536243
1536839
1536951
1537034
1537614
1537808
1538004
1538178
1538487
1540033
1540047
1540117
1540773
1542116
1542207
1542703
1544283
1544391
1544804
1544877
1545101
1545283
1545377
1546004
1546448
1546642
1546917
1547169
1547697
1547846
1547923
1549270
1549306
1550749
1551032
1551528
1551630
1551685
1551977
1553245
1553626
1553635
1554954
1555709
1555735
1555848
1556258
1556777
1556893
1556989
1557043
1557592
1557667
1557931
1557955
1558586
1558808
1559215
1559236
1559906
1559933
1560487
1562299
1562317
1562493
1563988
1564219
1564401
1564448
1565102
1565108
1565433
1565468
1566528
1567001
1567154
1568543
1569005
1569493
1570029
1570318
1572068
1572125
1572133
1572741
1572888
1573083
1573637
1573799
1574331
1574579
1575209
1575255
1575730
1576005
1576513
1576760
1576828
1577285
1577587
1578112
1578235
1578436
1578725
1579471
1580523
1581397
1581499
1582006
1583322
1583572
1584038
1584050
1584629
1584657
1585110
1585819
1585948
1586317
1586570
1586619
1586995
1587242
1587325
1587328
1587615
1588724
1588988
1589338
1589733
1590336
1590493
1590524
1590977
1591158
1591679
1592163
1592615
1593069
1593442
1593662
1593751
1593788
1594441
1594552
1595042
1595378
1596210
1596436
1596517
1596629
1596729
1596745
1596932
1597148
1597218
1597353
1597614
1598129
1598553
1598687
1599214
1599815
1600272
1600982
1601326
1601575
1601721
1602059
1602388
1602577
1602938
1603060
1603905
1604440
1604869
1605064
1605159
1605432
1605490
1607211
1607526
1608438
1609056
1609281
1609881
1610476
1610517
1610537
1610599
1610701
1610762
1610853
1611201
1611561
1611987
1612192
1612298
1612514
1613336
1613819
1614488
1614507
1616978
1617270
1617688
1618461
1618467
1618966
1619933
1619977
1620083
1620264
1620368
1621019
1621128
1621473
1624145
1624353
1626026
1626139
1626264
1626731
1627017
1627163
1628128
1628317
1628321
1628438
1629683
1631779
1631915
1632497
1632662
1632678
1632999
1633062
1633267
1634328
1635011
1635272
1635336
1635361
1635616
1636031
1636197
1638042
1638314
1638328
1638459
1638559
1639393
1640584
1640837
1641492
1641802
1641854
1642000
1642287
1643357
1643646
1643815
1644748
1645010
1645650
1645931
1646224
1646360
1646464
1647286
1647323
1647528
1647676
1648250
1648290
1648499
1648664
1649066
1649576
1649963
1650008
1650115
1650685
1650749
1651397
1651768
1652089
1652094
1653516
1653729
1654558
1655810
1655854
1656495
1656536
1656940
1657228
1657584
1658718
1658954
1660084
1660415
1660953
1663095
1663265
1663752
1664681
1664681
1665259
1665315
1665552
1665761
1665818
1665819
1666892
1667208
1667346
1667513
1667829
1668111
1668294
1669307
1669509
1669983
1670061
1670273
1670454
1670457
1671282
1671429
1671549
1672130
1672712
1673704
1673939
1674483
1675046
1675167
1675220
1675273
1675607
1676150
1676385
1677230
1677954
1678279
1679073
1679954
1680052
1680463
1680783
1680998
1681056
1681286
1681753
1681935
1682474
1682953
1683758
1684077
1684600
1684611
1684740
1685648
1686267
1686740
1687195
1687276
1687529
1688331
1688652
1688723
1689709
1689936
1690237
1690953
1691129
1691409
1691781
1692012
1692166
1692256
1692284
1692590
1692595
1692738
1692787
1692883
1694283
1694293
1694405
1695412
1696430
1697076
1697105
1697112
1697193
1697785
1698512
1698626
1699142
1699171
1699917
1700496
1701534
1701573
1702056
1702427
1702506
1703150
1703775
1704287
1704310
1704318
1704377
1704726
1704937
1705648
1706004
1706207
1706720
1706893
1707151
1707464
1708505
1708824
1709068
1709098
1709231
1709495
1709498
1709688
1709976
1710082
1710123
1710671
1711022
1711240
1711423
1711655
1712377
1712650
1713345
1713400
1713655
1714224
1714625
1715035
1716109
1716363
1716371
1716536
1716603
1716739
1716906
1717659
1717660
1718434
1720019
1720078
1720920
1720923
1721108
1721439
1721790
1722513
1723119
1723312
1723783
1724114
1724213
1725019
1725333
1726694
1727527
1728385
1728769
1729118
1729582
1730152
1730311
1730537
1730675
1731299
1731763
1732059
1732842
1733575
1733744
1733760
1733924
1734137
1734275
1734582
1734664
1735006
1735982
1736088
1736129
1736235
1736499
1736802
1737259
1738170
1738242
1738503
1738872
1738881
1738927
1739926
1740842
1741615
1741882
1742309
1742644
1743194
1743208
1744328
1745157
1745853
1746272
1746505
1746798
1747112
1747777
1748309
1748667
1748772
1749081
1749141
1749594
1749784
1749833
1750028
1750063
1750513
1750535
1750812
1750947
1751006
1751961
1752265
1752492
1753182
1753319
1753558
1753787
1753914
1754391
1754643
1754688
1754949
1755029
1755485
1755969
1756497
1756741
1757773
1757831
1758152
1758214
1758772
1759715
1760711
1760798
1760916
1760930
1761473
1761518
1761715
1762295
1763012
1764667
1764827
1764861
1765130
1766046
1766619
1767371
1767417
1767958
1768043
1768896
1768928
1769573
1769675
1770021
1770391
1770827
1772044
1772206
1772458
1772678
1772685
1773969
1774971
1775011
1777027
1777918
1778009
1778213
1778771
1778847
1778931
1779182
1780622
1781083
1781166
1781453
1782144
1782297
1782436
1782455
1782613
1782700
1783028
1783035
1783074
1783194
1784010
1784031
1784203
1784382
1784559
1784858
1785321
1785366
1786075
1786468
1788061
1788285
1788456
1788593
1788608
1788624
1788725
1790157
1790640
1791028
1792125
1792418
1792456
1792499
1793509
1793770
1793857
1794074
1794085
1794113
1795969
1796421
1796459
1796678
1797148
1797559
1797879
1798089
1798361
1798372
1798498
1798780
1798839
1799204
1800089
1800585
1801857
1802426
1802893
1803749
1804110
1805155
1805499
1806235
1806351
1806888
1806939
1807210
1808024
1808710
1809102
1809995
1810098
1810993
1811639
1811795
1813228
1813399
1813825
1813993
1814289
1814924
1815100
1815554
1815784
1816318
1816626
1816915
1817197
1817496
1817683
1817789
1818181
1818542
1819047
1819323
1819872
1820117
1820408
1820502
1821080
1821107
1821616
1821951
1822103
1822900
1823788
1824563
1824822
1825008
1825173
1825448
1825503
1825747
1825949
1826151
1826509
1826598
1826932
1827151
1827197
1827745
1827768
1827989
1828027
1828052
1828143
1828388
1828665
1828920
1829080
1829081
1829525
1829677
1830451
1830742
1830760
1831497
1831628
1831874
1833997
1834154
1834599
1834635
1835011
1835319
1836931
1837056
1837247
1837454
1837510
1837648
1837675
1838357
1839127
1839324
1840193
1840288
1840566
1841188
1841472
1841588
1841731
1842521
1842804
1843213
1843301
1843611
1843710
1844983
1845253
1846067
1846222
1846707
1848035
1848708
1849656
1849940
1850107
1850451
1851391
1852113
1854103
1854246
1855028
1855330
1855534
1855668
1855798
1855957
1855987
1858065
1858184
1858504
1858575
1858752
1858795
1860360
1861578
1861956
1862591
1863830
1865032
1865977
1866172
1866536
1867473
1868056
1868065
1868132
1868194
1868979
1869421
1869480
1869705
1870914
1870940
1871136
1871471
1872132
1873219
1873680
1873774
1874339
1875624
1876173
1876259
1876446
1876670
1876733
1876824
1877158
1877314
1877593
1877783
1878388
1878602
1879324
1879536
1879974
1881547
1881559
1881910
1882255
1882422
1882701
1883130
1883371
1883553
1883690
1883704
1884638
1884755
1885723
1886673
1887220
1887425
1887491
1887533
1888166
1888203
1888257
1888842
1891281
1891942
1892217
1892574
1893103
1894102
1894480
1895459
1896142
1896671
1896869
1897288
1897427
1897886
1898190
1898206
1898211
1899157
1899257
1899418
1900170
1901174
1901218
1901658
1901749
1903259
1903667
1903680
1903809
1904537
1904667
1905225
1905311
1906194
1906305
1906440
1906910
1907941
1908538
1909216
1909415
1909604
1909893
1910041
1910611
1910680
1910746
1910851
1911188
1912093
1912895
1912910
1913622
1913893
1914125
1914338
1915996
1916689
1917392
1917647
1917748
1918142
1918873
1919798
1919971
1920110
1921197
1921820
1922451
1922458
1923031
1923201
1923476
1923668
1924004
1924262
1925549
1925558
1925957
1926438
1926525
1926747
1927865
1928045
1928430
1928586
1928684
1928774
1928893
1929339
1929643
1930281
1930746
1931429
1931637
1931653
1931939
1932200
1932418
1932463
1933175
1933327
1933796
1933943
1934149
1934500
1935139
1935283
1935553
1935847
1936458
1936575
1937269
1937798
1937855
1938065
1938153
1938277
1938711
1938927
1938986
1939488
1939875
1939964
1940480
1941336
1941502
1941831
1941838
1942332
1942414
1942820
1943303
1944601
1944789
1945137
1945162
1945757
1946140
1946239
1946294
1948653
1948818
1949094
1950269
1951420
1951548
1951786
1951846
1952088
1952887
1953551
1953737
1954378
1954516
1954843
1955463
1955667
1955795
1955835
1955877
1956692
1956748
1956927
1957520
1957707
1958104
1958710
1960391
1960570
1960614
1961300
1961319
1961327
1961345
1961500
1961759
1962455
1962761
1963399
1963756
1963963
1964294
1964643
1964823
1965019
1965149
1967105
1967131
1967379
1968948
1969042
1969121
1969297
1969814
1970920
1973603
1974941
1975257
1975610
1975876
1976088
1976094
1976802
1977114
1977514
1977703
1978205
1978312
1979069
1979284
1979415
1979801
1980423
1980833
1981264
1981271
1981544
1983295
1983803
1983817
1984508
1984959
1985364
1985462
1986332
1987042
1987182
1987394
1987413
1987476
1987771
1987963
1988764
1989148
1989159
1989823
1989955
1990033
1990068
1990293
1990426
1990683
1990908
1991130
1992421
1992840
1992857
1992968
1993005
1993199
1993406
1993605
1993848
1994523
1994945
1995024
1995145
1995214
1995307
1995579
1996425
1996518
1996923
1996989
1997306
1997866
1997926
1998375
1998446
1999274
