395792
617845
90613
724301
105317
632388
353363
998138
1990068
728225
1146734
1100267
143346
288992
391565
1408190
1057284
859053
1519648
1102968
293681
1667208
455469
1266497
153180
1313936
845803
528154
1584050
1907941
841164
601796
935792
1680783
826331
177810
702985
1924004
1650685
1725333
879732
294651
1080413
168091
1927865
92362
1443486
1980423
759505
236173
28387
959532
1518647
1800585
1987771
1341102
1021958
1559906
614518
149855
171970
131237
1716363
1313217
1679954
110240
930835
1265427
1593069
1282094
1923668
1115533
1887533
90997
199910
846848
915633
1381463
1671282
574620
575713
26138
878065
1642287
408740
938581
1782700
53735
1346661
1858065
113252
1910680
14771
266666
31909
1266852
1826598
487495
149095
509976
820971
1353889
1399097
1994945
209017
1609281
571853
516971
1979801
1068641
1825949
871844
323174
532837
1134802
26372
191259
166444
183344
550632
775978
1703775
951197
857986
101377
469864
526457
1628321
1931653
1964643
1298404
1665761
1428123
677211
255196
393224
309145
1861578
1532929
1681753
278526
1148316
475840
852726
1214075
678662
1647323
298696
1477939
190022
30453
1720920
1587615
1986332
151786
1983295
355180
1563988
325471
363382
737649
1626264
1355389
1904667
1663752
466812
513363
1518410
1204981
1438470
536727
1993199
1256327
695843
1278657
1347115
1029270
834835
1086981
851861
1345551
849638
733606
492843
966071
263319
1828027
936784
1437788
1784382
373906
329615
1266091
515869
664405
495165
146345
618699
71656
797307
727618
1766619
1530855
1280130
1596436
560877
1276639
1007701
1470261
1836931
20711
218497
1817197
1239716
800118
626173
850289
1024834
927225
794336
1489509
1296862
125392
882188
222854
871375
854390
96352
440606
1074223
1685648
1389438
996089
995931
1172355
484676
862942
543709
350230
1065332
1556777
45427
1094917
123309
957944
395821
1479907
1617270
789735
498003
441106
1684600
2778
110390
1524558
1209811
794765
1783028
837501
845645
1167386
77864
933465
869245
1217421
1182573
1576828
1374454
19030
1471671
1173942
638935
701665
1806939
423604
111342
1122943
1731299
1827151
930265
831134
548472
114021
997964
520519
583802
91981
49825
1794074
669812
712248
587127
690483
1041799
529290
1309987
696244
1673704
728472
852202
751918
769857
1159420
359605
1883553
1586317
755241
79920
125285
827882
1996518
549946
996280
725802
1136343
198837
945221
113789
585502
451740
16150
1987963
1209120
195253
724168
1842521
696762
1750535
1112632
2486
980977
762041
1348679
919218
1534807
617494
1039250
1650749
1252231
940876
1011648
725760
1051174
782993
215217
47880
1570029
1030510
436289
1476668
924789
849702
403265
1678279
446292
183358
364917
1917392
1526451
97997
1597614
1376349
1121440
959170
182975
434573
1228903
1438007
367411
8962
640877
755071
1191615
510775
1905311
749142
1819323
1911188
1996425
895360
1734582
542085
675514
878863
807187
1865977
348076
576028
1319390
1788608
1733744
568475
64833
1846067
1407300
214619
184213
444311
1631915
849782
1466217
1006768
1962455
553900
196782
442585
1354201
723019
1011362
682611
1469572
1881559
605521
260378
290649
851555
880071
1200080
954706
1851391
963907
1165914
367346
419684
800729
1096508
1525284
211690
132557
1017488
821636
1199205
1485873
1584657
1390668
1884638
455439
347569
1477213
1858795
1607526
1595042
125351
1638314
653576
766685
996393
236711
1960391
923517
849928
994152
488082
1156839
1746798
1130750
142944
100062
232176
614186
1416398
1995145
1219758
737737
723539
1239932
582414
823061
107305
394410
231131
132097
883857
1953737
156937
1259686
263432
4228
428105
1961500
656844
614185
1833997
1500142
915950
1602577
838559
1989159
1117970
1770827
1645010
763321
1312334
812946
1504182
543075
1585948
1276885
328474
761812
904892
1614507
1090040
1430232
221059
169934
648053
788271
387888
1390409
1503572
1773969
1521231
1737259
1910746
1025173
269349
1572133
641558
1755029
1754688
1888166
86685
1559215
191117
1536839
1005855
877081
1447923
419849
1311331
781236
1291504
991445
1977114
1829677
593443
675843
1117315
1088607
494643
1346194
1034564
1702056
1200311
1596745
573841
1741615
84761
1749141
314841
537122
1270581
1071767
858648
1564401
377158
1039145
983676
34972
1472332
65523
679092
510204
854115
385800
1682474
23327
913194
671521
649076
428804
803923
615729
1535822
1399696
196601
1330988
1059200
1698626
6679
930628
818493
307121
62351
1524417
139595
1167205
213058
1977514
175769
991995
1839127
1555709
1474293
458762
1394541
631454
1760930
856875
1751961
151134
707262
1590493
1566528
1937798
1200564
1933327
1070543
525378
924926
1236650
600657
1282602
1449242
364217
1901749
1784010
672022
1277183
795775
1587325
373336
1189719
540940
58045
1125067
1009516
1392543
1297101
695113
134691
1658718
1029845
1467896
1215084
1724213
305994
1464805
966767
1869705
318489
1486787
1669307
1109176
482575
541658
746954
1670457
1699142
1998375
1750063
1590524
1961327
1056100
1537614
1557592
1170193
1189554
658396
1295450
1327426
853594
411235
1279406
780133
393971
431372
688962
1750028
1967131
989045
582233
1660953
722703
693116
1320254
527166
104707
698165
1786075
1714224
41273
1061058
594323
478390
1710671
704011
1990426
1587242
1733924
1428786
1683758
545495
318814
1870940
165941
131657
1008077
253040
1485948
986471
410173
1596210
477003
153882
954590
816015
778033
126603
183965
218852
70281
1620264
894292
1113455
1572741
216923
1177438
26026
1692166
1604440
268674
1316067
502623
634898
1906440
1576513
593073
1070302
1317314
1612192
575524
1607211
930039
1772458
909104
1826509
304848
1686267
839847
588475
1319433
1104579
1484557
1750513
1381842
1440650
1651768
1904537
605960
161283
258327
185935
779666
858323
884245
895733
419564
19015
790469
300587
42405
952572
1701573
26224
1419455
1041335
1307576
1433455
1140865
1140331
1421460
801038
872422
351908
254855
794085
256805
445413
208476
1503758
1610517
1450558
1837056
449817
660805
34775
890929
1901174
1588988
737766
320841
416944
1558808
834893
1177570
587072
292999
1835319
1320629
747194
1294161
1871471
1186770
1531942
1546917
1912895
725815
1283496
1216769
617998
178147
92210
1391003
1981271
1010993
12913
1448711
371977
96450
1963756
282212
1364009
1928045
1574579
1813228
1444984
771395
734056
1646360
13206
59500
201347
1838357
685778
77812
1704377
1452692
508761
1052831
62467
1687195
1155158
1798361
999862
1281004
663
1442220
1610762
1858752
888147
130352
1427084
1738881
1373231
113373
337668
1777918
1766046
419775
914964
1711022
254668
815751
1087528
1279167
1238102
683663
1792418
916206
736989
1267099
1647676
504470
466279
508690
1738242
1487286
919815
919490
520293
834553
1273795
1609056
1020733
603634
1675220
447556
1227639
1547846
1486467
184502
202463
33677
682936
633548
744120
1572068
1190884
1107046
1764667
270318
1029685
191919
1939488
576959
379821
91677
1975610
1601575
252201
140516
405381
11862
129301
1241389
1451442
309273
99585
484072
377957
345673
1376066
1906910
1690953
460769
1273882
1406927
1071727
862070
1200244
1635011
1778009
1935553
1638459
687064
633039
523223
1726694
1962761
1147744
753953
994741
754209
1221063
380542
992996
474111
1915996
542914
1976802
390493
724970
1941838
1631779
1166863
1699171
1289585
156805
175176
192395
857145
1679073
1684740
848570
222973
1294660
1542116
156675
429396
137300
1758772
1748667
705953
689560
950267
78648
425166
1691129
1368623
615496
1206528
1023875
1034327
1891942
527128
1353504
869771
435121
356933
1264081
1745157
1610853
18637
427402
345356
1150120
1218023
630967
259010
1056826
289418
966341
306602
1397267
1883690
610220
249102
1130201
1102782
1138143
966589
1266264
1525666
772167
1470764
1409133
1925957
317643
1528709
822706
1018198
1364085
336219
1017393
1925558
1493898
1919798
1708824
360221
1648499
994339
1830742
1263278
1848035
57386
1875624
290319
1097730
201069
1131570
490450
286066
1933175
288144
1694293
1115722
155228
659221
1434727
628575
1001154
1489614
1362889
8641
1653516
782997
563136
1230633
1184940
1757773
1282811
163114
487325
728441
1438456
190828
345799
1177846
189990
1239833
351878
705926
205487
141567
1634328
1296739
1342888
1663265
1053391
697933
961642
1782613
1258198
828140
504805
1176783
1611201
1598553
651667
882579
1279038
641027
1412917
1327647
921908
973962
506082
1095343
1054531
1984508
1349018
1341819
1279707
1896671
940962
1303509
1044823
1626026
766181
204833
1322018
881149
876404
954719
971107
1762295
440535
431107
1732842
654060
1932463
1989955
666300
507216
253362
893469
827567
1349189
643729
1923201
563917
1073983
1338085
1388488
783179
1411899
1778931
631956
1831874
438877
872249
602988
905261
337939
473161
447094
171736
1824563
1085844
275484
1735982
1827989
912082
372137
609571
1895459
1596932
1596517
1804110
1751006
1784858
293140
1542207
18587
1808024
449305
413768
1978312
594462
618564
989823
1540047
527325
981322
1218471
1062724
652434
77087
342790
1545283
1027909
1099027
1821616
418814
1573083
1651397
645111
574662
1339648
1668294
113687
484161
581511
1504641
1564219
1339805
1482459
1931429
1341169
1716739
1621473
1074179
1835011
1802426
113678
1494260
1826151
633137
1437803
1250239
1365198
85289
1730311
1063725
1124393
474431
788150
1534983
753119
1461323
1956692
106521
322335
425428
875398
1595378
405427
978792
17028
1266209
714274
1665819
750640
1820408
1715035
167764
856983
1594441
747214
1047241
676791
1230018
1130194
1150919
93174
1142040
1363083
296548
147212
555093
1528191
1760711
1572888
1892217
1141391
843156
126531
1360283
1336506
96000
742025
1266937
982666
565046
720097
1462286
63552
48585
28368
1732059
821118
1238737
773210
1462090
1813993
912267
1317159
1733760
1788456
449196
108730
1127722
991841
881952
991496
888592
1336478
388073
342709
1712650
1624353
448359
1567154
1896869
1416944
1952887
390577
184818
637988
1484436
1775011
1417781
770439
223619
48864
1943303
1756741
689327
1177181
1078667
594273
1669983
335946
1215227
460138
1928430
1646464
824722
131215
478738
1150632
573284
946849
178889
697018
1925549
1407460
421937
418518
14421
835683
345272
1913622
1553626
601006
469892
1928684
109110
1977703
833196
1444118
1160081
1938153
1551685
1718434
1071174
1816915
1782297
1048131
1513202
1156623
888099
370065
1888203
349130
77835
723141
1097699
66014
1049053
212269
1494544
1576005
1738927
1551032
1969121
399514
1029520
621619
400710
1692012
611971
744200
670860
1805155
650659
1410092
1504591
1328576
1664681
1648250
1460940
1039165
1110042
1638328
203345
1117149
913913
1796678
57061
1298832
1239659
83701
571960
1486339
1064802
1219299
747415
529579
1800089
1688723
1933943
1855330
1035953
1961300
1026312
282063
1529167
1338515
1070794
1466550
346812
594614
428968
628765
1014505
214004
1585110
1316736
161829
924265
1198736
875425
645763
1784559
1724114
1124710
644355
484416
77790
957067
569961
1525060
1055254
1182696
1730537
603105
1339846
1923031
1516996
927845
695558
1226321
1708505
741108
1730152
16405
167246
913360
1665552
1655854
865321
1841588
118441
137364
54588
265190
1191787
1897288
1692256
833423
1215739
942868
1822103
1674483
1168500
575704
246375
1891281
522338
671798
1040929
843942
1260863
1241803
725715
1335101
824043
882938
788780
246460
1636031
514598
1367824
1332477
363020
656313
243308
989396
1990293
1238473
1910611
1721108
1588724
1506988
1649576
574889
507572
317474
1094095
839196
387003
914232
1778847
1675046
1806235
1017878
949917
1303951
1824822
399518
308821
1105963
920532
1900170
1681286
1709231
1969297
138110
425847
883633
596293
705425
1554954
840652
1603060
541746
524876
1610476
89642
585102
1821080
639825
660972
80928
581161
1359999
737394
1424866
1036482
1089923
275208
1512934
1505231
423493
128355
747254
918282
1155669
43452
390079
196022
1903680
170784
1425506
1813825
983236
355560
1936458
1869421
1798780
895139
199706
206766
1506877
1221170
494440
1656940
1910041
1425373
941614
565413
665069
1150549
1783194
1197641
22833
690738
1878602
1168497
62630
1338810
289132
1364977
716448
930349
1000798
1083733
405499
719616
336524
814961
359006
341106
946145
944543
1700496
1829081
501890
768139
1990908
792960
1338091
376379
1201325
746254
29725
1253234
782440
403599
103311
874138
1221399
1108971
1979284
32124
1217420
1898206
297089
350240
1823788
802355
833517
91585
842776
1416277
524671
720813
1267232
147831
1109496
909904
507879
640517
1620083
1727527
505300
930492
1383160
1901218
1680998
1333105
574086
1544283
794347
1974941
1569005
515059
1585819
565608
1141648
1447719
1233049
425630
595553
170024
1483081
1156447
1099930
352478
1030285
1852113
1104032
1433095
509001
1840566
1677230
782802
406519
1825173
628242
1956927
1452190
626993
1099334
1881547
1706207
1001041
526642
1232881
451907
915381
1934149
1507958
1690237
1996989
91277
233771
1738170
508751
1218990
1649066
1484045
1937855
831256
1040154
1453384
1910851
945901
561767
1896142
1153657
305715
980921
1272004
1830451
840047
700142
509231
206508
1112199
407209
1850451
1717660
265669
1071122
1802893
866709
303579
386827
1938986
1387373
1103192
432437
1912910
194809
909019
1888842
1007729
624313
927767
1759715
1596629
1258936
1628128
671581
515592
1360238
449190
896880
709891
1318023
1929643
60986
924553
647608
571299
64617
1610701
1392783
8102
495084
1682953
494891
902273
398143
1246198
1177286
228643
979554
881809
17492
203153
1296529
1310672
804539
1468034
846262
916571
685969
1955835
1466016
331035
323068
876326
1405370
1734275
931686
562308
1006081
704911
14516
1656536
1855987
895014
1190104
862050
1242380
1691409
77579
360084
879983
1180510
1135453
359588
1692787
1466167
1938927
151314
863162
1511558
1489582
1770021
1362414
1273274
1909893
952803
630585
649646
1485001
1810098
1697193
1536951
1639393
1485694
1182040
549692
821283
540018
311559
922332
1961759
992313
1395720
1894102
1371923
1186964
1673939
1141435
14354
552825
1952088
530529
979561
1001580
657188
1053529
1469018
370571
1713400
909419
200968
1575730
696017
1088556
345890
1378781
519915
1070202
1014956
1072265
1454859
1692590
743030
700639
1555848
831136
483713
311036
465998
1067413
1130022
927019
980696
1132020
693186
869341
1975876
666881
577966
483046
1772685
1749784
1450942
1454013
1897886
1425831
1697076
1266499
490088
1026594
1130631
377612
462799
857996
1211763
1306182
1441603
1560487
494617
1877314
1027879
1144756
1119868
1454756
1633267
1714625
298325
1383771
179599
921200
900000
188280
793905
1475837
1306883
1200546
631055
882261
659723
1705648
1430006
771653
1646224
408897
1923476
1825503
1839324
141855
566769
1584629
1713655
1795969
1551630
1261449
1263204
850332
906676
115720
1173498
1412483
1159311
1127669
121460
1728385
467067
970225
1976094
229722
1167454
690127
1000328
974652
475309
1149223
1879974
936447
730586
777091
915989
1169047
1712377
363392
667948
708936
1039953
1307983
712931
553175
1071783
1626731
707978
41012
676165
1108669
587948
1666892
1913893
230256
1046865
454757
1289389
831326
906136
1041834
1384206
237876
857938
638461
352957
195145
1449673
1354997
1761518
1829525
167277
572978
913290
261028
1938277
990507
959814
240306
608500
263206
631787
1850107
548894
729057
1020272
617129
240743
778134
1379907
1202162
1613336
992663
164788
1139569
27352
899894
1499734
1873219
1792456
1735006
1495171
1275405
644810
1876173
634860
1793770
804166
724081
1640837
1855534
1218532
891853
1383295
658982
302774
704605
247406
300467
1796421
1720923
586048
1931939
334614
1437964
1526343
1633062
1876446
525715
167284
376871
75527
1696430
1610599
314463
1593442
273003
951910
1245630
456427
1887491
696484
486217
1990033
22546
138688
23805
1450402
322117
1909216
60361
1957707
1939964
444728
663153
1778771
1647528
809360
1819872
297574
1011482
1064128
1964294
847630
1914338
1367664
1504664
1951548
459082
631245
65179
1545377
1903809
1627017
1465648
662757
1196756
1692883
610000
445967
780727
1537808
184054
1109136
1744328
1004031
1736088
526361
774323
845788
308285
397463
115351
23017
1309934
1612514
708954
1653729
314162
1491852
398728
57237
1841188
1378700
1983817
1586619
420306
36108
1570318
481271
110917
1206625
220852
1085209
1814924
743981
1299138
1527828
761319
174894
304222
298457
1186235
1030839
1348870
1144277
626167
1945162
261192
292661
105169
1898211
669387
661949
1092398
735993
1840193
201932
924651
157859
1788593
1317300
1036139
1024570
1276739
1346168
1175468
121615
371891
1152198
1837247
345962
1454359
936737
62211
565638
4553
1187048
1265732
849378
364839
621781
28396
1562317
374816
854324
235780
290155
252060
875994
1390853
1382861
1524951
1855957
521100
81506
42343
1760916
293594
962107
783610
509254
970824
316176
1418135
434672
646858
1355769
1053548
1594552
1788725
1753914
78460
1473868
1849940
450145
1486992
530913
44372
1985462
1205780
838122
1344411
420063
1723312
698703
1987042
1370565
1658954
697352
1116605
1087326
865679
1041618
288822
1035152
1707464
722741
1427211
1514238
1305545
659874
1254983
32024
1214437
538949
328947
249360
20637
662285
975725
942750
994146
1501685
1348188
62796
469427
1113512
63943
1926747
788765
129647
1736129
451150
1657228
1085371
1208271
404396
1276531
927055
182719
1841472
1157994
1114086
1104941
919587
165604
45212
148275
1703150
1869480
1873680
216443
67863
1280072
748016
1121440
935008
629066
1501954
1029425
1562299
1934500
13670
1527543
1150312
942527
1170123
1275551
1132123
48022
736953
1525205
511022
324520
304784
1224575
1909415
968424
1166784
376256
1763012
1648290
1383215
766132
309786
1161469
536871
64280
1530472
388401
625013
1922458
1734137
1473162
1475627
327376
634857
935185
587570
1130141
1379812
772326
1240046
807577
838707
376849
1332977
177945
55003
791709
1494515
299578
596582
151122
26324
1266521
1831628
5359
272324
488642
66028
1643646
1917647
996133
1837454
1302334
1618461
1556258
1411415
1091887
429833
198637
950453
472163
143571
1353681
546282
1955463
609903
1368124
582079
253050
113865
842775
436857
1467646
1817789
456900
880054
1605159
1598687
699168
586382
1944601
588440
713356
1876824
1403762
858440
1208619
978900
40667
1429850
419895
587460
1525165
683981
1578436
151131
42883
1220541
1645650
1286837
1640584
284738
410984
1229117
1546448
805089
1964823
784139
998019
1352625
109408
333827
691305
1547169
824166
1565468
719235
1251150
1670061
1269992
130655
687639
1582006
636551
1130221
962320
1465111
1632678
759383
176753
1778213
584262
700089
100164
1187722
1395124
1230924
344311
1451505
1266089
435531
260729
676128
702658
378086
1299535
859736
173551
42546
362627
772737
777816
495159
760561
731529
1447692
597560
829722
1540033
1641492
1014275
30601
942506
72445
794446
1967379
1015615
1483888
722307
1987394
326977
264828
1111701
906182
1968948
940153
945447
941134
79462
1322646
69891
719454
1429853
1888257
330842
310312
10541
1320058
899860
1342880
772855
931859
1576760
1592615
938985
610868
302594
890375
1085087
1311782
1117221
687691
185595
1710123
803374
1930746
983438
512478
1989148
191619
1883704
357873
1453716
199420
700085
1072519
1272330
621258
1143242
1935139
1323067
771825
1697105
371285
1364968
1960614
28656
1978205
1988764
1415882
246929
1345978
1108282
888402
1335800
1480818
1710082
1416766
1772044
133863
688165
1597218
698067
1387911
1348903
594933
750422
317990
1938065
1189704
356975
1405022
1954843
1818181
123710
1709495
182120
1549306
1015002
382171
520176
1687276
862205
1275036
589904
840262
980269
320388
373878
80238
1704937
1166584
864505
1106515
1014809
505225
1201101
613310
1106752
154381
775495
318441
423216
520911
209439
255300
1475780
233943
1992421
1589733
855005
90956
1768043
836549
165812
1882422
844027
1528079
1344935
1747777
1091573
411257
1809995
541362
1782455
59670
1434112
81074
666631
666689
1916689
1707151
1565102
729283
1855028
586164
300073
837166
1448144
1339857
469764
1359491
1092073
1047046
1532067
1088981
1692738
435853
1256154
1619977
1593751
1716371
555554
1168002
93805
1198669
1215165
1047828
1739926
178465
1549270
925793
1545101
1854103
1948653
881643
1665818
144150
1632497
494513
1855668
1411315
1512629
532192
310738
414788
1493966
1612298
655493
1497658
153295
1879324
1172438
1185086
575613
1665315
431326
1597353
1427521
373107
516387
176326
301812
1231388
1664681
1908538
119145
368766
1208088
1761473
1876670
413737
1711240
160102
162623
1375044
1169034
1273568
1846707
51041
1008092
1029590
288753
577943
248109
1019316
957306
665141
1828388
1150620
517596
818267
1377952
1080859
1969814
1513599
1439091
1523512
1906305
1949094
628807
1530493
1873774
1317015
350304
724492
371510
530511
1134010
48369
972363
958577
1223455
565856
1259744
921155
54505
336631
586094
1055192
256375
48488
1025238
1926438
764612
1418245
404197
341367
307777
1815100
854560
622682
780977
1510253
28773
287808
1102060
1064846
410313
1451328
1413098
13464
1481328
19379
1422281
1741882
1748309
228605
694575
361989
1305072
1025032
207091
46152
114759
1660084
696790
967754
1695412
1750947
1748772
854425
28678
755628
1670273
1416917
916698
79174
1180603
82059
54104
208025
1173718
720795
740067
1072036
22366
121791
579179
1046525
356620
1334138
630919
610088
1459779
318504
547810
1828920
1586995
195822
1372665
320160
816172
1931637
553494
254671
966850
829257
287423
1760798
482161
1914125
1240462
918468
576501
1844983
1660415
199449
1942820
1492390
1581397
54845
1444092
1767958
626015
1605432
1473250
204308
128180
777366
1096885
552717
5827
1234000
551781
1580523
443653
1251204
795256
574054
1903667
775006
1407459
1216366
393373
1589338
142548
1899257
1034128
1239236
694335
1523736
550712
250383
1456406
726700
1672712
1649963
1611987
978340
1410565
985996
1597148
1665259
919484
117902
448663
1879536
258515
447545
659706
1422119
1396518
1951420
1798839
364479
1605064
1573637
589425
453416
1033255
799734
1918142
1937269
651529
1501271
592073
1596729
795063
467481
614443
861263
770097
798491
749849
1270199
1496264
1108324
831152
1881910
884209
845875
486664
1536243
495978
1456196
1945137
347489
1806888
75268
1647286
442340
1920110
595784
1076951
474283
1912093
1361852
1756497
508437
241271
220414
1574331
749766
347312
518413
974852
1898190
1837648
1993005
220545
1985364
1054680
452832
185305
1060194
778384
433984
1993406
367018
1764861
75975
1788061
625287
1329814
840982
758687
387713
1692284
532692
1877158
764857
1180092
1097282
399134
45670
1448659
1149633
80671
398497
1220881
829123
528905
1604869
141027
95247
342414
1155855
1573799
759462
137236
621517
1334611
843873
324014
1382647
1066732
1305429
897451
139224
1091583
753202
1199117
1305419
831324
560737
1427908
1446836
615457
743703
49840
253515
517304
224154
1886673
396645
1145894
175718
820074
1757831
1274317
1126470
1746272
1296739
249608
949378
1983803
102950
34485
937144
402432
1509390
1628438
581534
1336789
670587
579291
360695
1431173
1117656
724648
505465
1537034
1618467
1815554
81928
1901658
1327386
1583572
920191
1451586
813302
612345
1681056
51111
1254922
130161
650172
1475310
322199
413313
930102
164073
1035849
1505911
607025
729147
479612
297075
133617
1013427
774904
355650
420050
1592163
821669
1817496
108045
1579471
1003428
1093127
971499
1843301
1101600
1223334
1510906
472086
15063
1368557
1939875
1676150
1329852
1667513
422725
909730
1279589
1262710
45768
1475344
1529062
1094534
380271
1087881
1758152
130812
1816626
1317703
1670454
1798372
456790
1551977
262640
526283
396853
1818542
1174959
726421
1160640
637166
245943
907633
551380
172997
154004
1165880
1337576
50001
1932418
348671
1168615
1350761
1798089
1227185
475805
89673
833259
905874
1176224
1058861
258663
1239198
1769675
941099
1177854
230870
1632662
633213
1171631
1831497
1987476
932267
449624
965877
1544391
1369084
256393
1863830
507595
1961319
124707
674061
1401686
753649
345644
1428847
325420
1979069
841779
898879
1788285
1346142
1882255
738518
1600982
846638
585457
406766
1619933
1011568
113620
1480705
764389
1992840
1157900
589350
52640
843231
1153205
1315225
1027243
459629
1403939
685362
6391
683371
1121538
930587
1281829
1999274
1209243
1461677
196420
743382
920817
1725019
1919971
665014
682829
1068125
574391
1400650
1026243
925432
796985
811430
863179
123928
106209
188022
380385
1031821
491593
156080
91184
652082
116980
822590
845693
206509
826155
893853
1409287
61956
1868056
1743208
859526
493373
1731763
281303
1946140
1995214
898297
897006
488180
1439184
1963399
1753787
311685
670622
699618
1463020
1656495
1213767
728357
133736
1196634
28093
1443799
1354027
658064
430607
1794113
12857
1487701
213970
1501566
292710
1849656
210931
906803
301016
1364449
387440
447362
595875
1167007
1523759
195748
184184
1742309
1538004
1532235
1671429
302352
1797879
763131
1211758
764642
941216
1827768
1709498
1381582
1942332
754616
663213
46488
1532458
526731
658342
749101
1922451
1359892
160127
1709976
7967
1546004
1774971
320169
1965149
760276
761750
3286
509163
1777027
1987413
920818
370942
1199996
1521130
811820
69631
521240
69170
983820
1265141
232781
1260147
1065996
160303
39005
905748
1938711
1267775
1003623
843646
1063421
1994523
1951786
643672
57481
1317918
83431
1821951
1230689
182245
120252
270182
1328725
167956
1706004
1614488
1004204
133664
1048284
1600272
915894
1568543
1262297
1260565
84223
156889
1173186
1228430
1644748
333619
8074
1621019
1143975
522438
1960570
720455
722158
860234
639514
28919
855369
893703
1073345
1617688
987103
1887425
333978
1709098
614678
1314707
1307106
601471
952213
549394
1813399
1424547
53425
945546
280009
898823
1834635
1131121
353725
1689709
286978
706642
1209591
925375
1553245
1942414
1793857
1556893
632338
128322
1477307
1654558
1926525
1185776
283620
742417
1387484
523318
1855798
1377372
1984959
840825
1980833
1366094
663664
158257
1989823
1641802
36625
1811795
221310
436888
1750812
1829080
292465
1267537
1699917
1363811
507364
308207
201415
1512657
57400
983997
1546642
1729118
347653
1369042
103515
998949
486613
533540
487766
360874
363894
297193
1995024
412825
1781453
1278828
1723783
1304239
1232376
1306500
1676385
857545
1868132
529804
1177917
11808
403727
518741
372560
588144
1825008
1652094
1156182
136993
966281
109728
975095
680928
979049
581194
1465970
1390855
1090468
1064807
1540117
537376
549176
1359788
1388133
264873
1348505
560397
1728769
1472330
1535433
456542
1367324
791165
1363101
297918
519144
54622
1650115
1754391
1928586
544080
576056
1837675
602304
912521
1378597
754951
1094792
634821
341749
1010151
721084
1023564
1166425
938300
937475
321651
1948818
126382
1004805
1784031
1445759
742000
1785366
951533
1527372
902693
1008183
945400
1578725
1897427
681726
1877783
871097
205866
1353616
1138727
1293267
804533
211124
295463
207494
1054927
555659
1503468
1456143
575486
1436458
670245
537473
443348
398655
212778
180758
1160568
957569
157635
235851
1941831
1868979
1391967
564144
506019
1624145
1675273
62247
1407703
244507
522596
130960
1014497
1179763
218214
1825747
1955795
1954378
45887
799817
1142956
1050548
505149
1289628
1131636
529788
1995579
247871
1845253
347885
1954516
1578112
273796
463666
332885
1225465
1084114
500180
28002
465170
862066
988609
702407
1797559
372342
1056094
824941
1023083
1878388
124774
205439
471650
1501868
768861
1635361
1572125
91169
1116630
336115
1874339
926797
285358
1697112
1014131
1431529
626698
197512
1103848
1219026
941038
807367
1681935
47176
1736802
294180
1166623
153113
1453297
1671549
463168
993849
650379
762382
280742
84818
1535710
1013356
1251581
49598
882705
1131194
1482987
804636
1443828
1817683
1160522
644346
1542703
1259133
1917748
1209261
900424
1519063
1272125
754274
654273
1768896
22412
1650008
1749081
1251868
1349303
1769573
1601721
1782436
1155144
165129
1936575
1212426
1497238
130703
295019
1547697
1807210
1076304
1408670
1126133
714016
689481
1730675
765743
24521
1157662
1801857
1402847
775105
980212
1456633
1136790
367718
1181229
974737
1249950
1071902
1733575
229447
353948
1780622
1786468
569906
174777
1015297
347252
1753182
1798498
548089
1564448
1716906
990232
30069
1095104
183221
154355
759990
1494230
189023
1784203
666989
1861956
684009
827570
1764827
1711655
1423766
1210382
1846222
816503
1892574
1565108
796952
207115
1629683
1694283
1054508
1393157
114279
1158940
861495
687750
1514255
1191016
552615
720349
269632
1975257
1694405
601803
509197
1752492
1538178
1628317
554738
1995307
610528
292513
141396
168421
875347
1792499
44821
313252
1843213
680211
623071
1428344
307629
47582
435888
1511305
985579
1668111
1354455
1151154
1400632
194096
516351
1953551
605189
1127096
558197
1450740
365191
910618
897896
1018947
1379978
594730
167785
136950
223310
1219682
297744
142817
1057704
302411
1037836
1903259
1391781
767347
1905225
1477601
1867473
1941502
870769
1866172
676280
607549
1408286
647815
537891
502257
125917
1473268
318596
571726
266966
455847
1448015
1860360
136586
1729582
1309228
1138935
1655810
762793
179038
1599815
1007575
392332
1365807
1071317
1704310
1145186
357294
1578235
989928
928606
732902
185486
400421
694386
1894480
25864
1736235
1459043
1330912
1420431
178321
522941
1365105
1928774
178675
1364422
1267336
241856
471984
1781083
1608438
145619
522577
358800
27185
249400
663510
1323444
1201726
206518
1487109
973843
183343
1538487
1610537
1643815
1251326
1557955
565697
584394
1521061
1793509
974900
1842804
118298
95277
117606
1722513
912814
1876733
45740
1657584
1736499
1120937
1967105
1016619
433731
1598129
728040
927691
1490167
672668
357976
269831
1489563
436078
938378
1415717
901912
263069
414688
1553635
1404255
1256747
167160
280721
93747
718619
373540
939187
1110413
942768
1447060
1460560
861098
683581
343315
850177
1004050
1521597
342839
488691
826938
701616
1396282
159293
313891
242376
623847
864008
674930
12091
953453
1333257
581372
1557667
316798
1270372
1070130
1470966
1302279
1805499
1981544
643824
1084347
1997866
1704726
1329618
57057
456040
1809102
1034812
141539
1590977
1815784
1688652
527521
1101606
1212335
262536
1500395
1745853
1367972
1921820
516162
1704318
438743
1289277
69421
1290594
224408
218604
703755
226023
525568
1249543
12385
1008107
370964
18407
1599214
1247384
749929
1753319
1503470
826351
888691
412671
382374
1540773
1079473
1866536
1819047
1449670
1717659
1611561
1667829
1414269
1899418
1642000
37560
597773
1643357
143413
618037
1686740
1109757
1264827
1593788
1300240
117687
640368
287156
614301
1956748
623013
1371628
1865032
559138
1997306
1858575
1455867
866421
948620
1347555
1510992
1291210
188090
1946239
1680052
1135872
278475
1663095
953153
781664
27845
350947
931769
387064
193826
1443270
850966
112247
1256383
1044257
408731
1148091
206008
1843611
72381
960759
1258571
103399
1118986
977823
1788624
1689936
1182838
1277137
1790157
1675607
1603905
433857
1096705
651886
720984
242314
197264
207908
659680
1502548
1071561
1950269
706446
1168706
681017
931157
101069
1770391
1461594
1749594
443096
1533797
1761715
1507389
2498
1275997
1709068
1266936
974413
1772206
1254308
1226060
138069
1746505
328610
557773
30304
1569493
164761
95444
436997
1166390
1930281
297966
894189
894485
319474
658381
45265
1806351
1820117
220931
1190600
1834154
985864
377490
696901
1527545
411757
399104
1709688
1083222
629247
1790640
1428024
1893103
698148
1165689
537322
1263683
1213548
1111617
299757
1300543
1783035
1060907
1120634
1042790
646703
1293395
1701534
1163591
716394
1638042
1408001
1409772
1236609
214077
786625
1963963
304423
849902
1754643
118299
1119159
4585
341126
743925
1163895
801872
1226970
1005287
1063689
255633
1747112
289674
1408905
1558586
613939
586369
498931
1357104
1697785
6698
1635272
1208028
17130
461218
681635
409889
1738503
1826932
1822900
1164930
104368
418106
1752265
730344
1854246
1868065
207994
413468
1862591
562490
828028
594379
898851
838668
1667346
1355253
1420574
1394304
376583
288118
756155
883317
238072
231634
1684077
625418
1143553
1990683
388206
885066
1105334
1841731
944588
1567001
804440
563452
1377983
1510021
996983
762446
1273458
37970
692395
1303396
673285
252190
483052
944222
126020
271950
1456860
63391
1241582
1400893
1409914
1688331
1965019
274663
1840288
826868
525948
1083593
1067492
1754949
1716109
389476
824629
1810993
55893
503602
7688
1357768
1884755
218170
1638559
1507866
685979
715481
763105
1883130
1933796
399361
1077988
1410947
1652089
390720
1035445
1092562
1057693
1155197
1453969
155797
864315
62801
1997926
1487267
1691781
1149353
238595
1392158
820318
1706893
1171983
389296
1562493
1706720
1767371
1117003
140096
338476
529418
1392403
1828143
1702506
1669509
389767
1782144
816100
1394801
202467
1151962
1613819
650311
284794
1256539
518121
490213
268926
1627163
1843710
1816318
1397014
1577587
1794085
1738872
533255
119547
1254456
1485679
1265196
1347029
671041
1033460
1292457
920990
1107288
974896
780062
817673
1987182
956608
846428
1928893
1803749
439846
961063
18628
470612
321416
1584038
1402013
1501908
1944789
233207
1632999
683052
1620368
1506106
1158196
1144737
877493
1319773
722535
1453022
930777
792829
1876259
237880
1716536
1882701
993137
341965
217186
1581499
1602938
1641854
603881
967634
1402239
1935847
1992857
1998446
102561
417607
1215148
119078
1332554
68110
704758
425520
1004938
1307545
1609881
1957520
1827197
1265408
1466089
1626139
1721790
569706
1475922
1384604
1071390
1196154
80826
564466
732920
1583322
483178
1635616
994274
700986
801262
1028042
1684611
1122658
1906194
1734664
1382934
1559236
1941336
271280
101635
1192081
1410802
1333395
1781166
1386844
707196
977942
1429758
609451
782677
695450
149586
962337
508049
124512
300188
1177654
1315647
868070
1351264
893405
762489
1367722
1720078
261170
1469603
35036
662988
661400
220800
367937
549080
453616
963482
186797
128275
114108
994745
1635336
1222162
1456624
1797148
1397974
1858504
178933
1076741
1521922
1450023
1602059
235447
858691
1214897
1550749
1955667
1687529
492883
1443344
1720019
854524
651586
526666
498894
456038
268363
631212
870466
1474086
1176925
217946
344863
1946294
1334423
258889
1508775
1577285
342765
857630
344067
1765130
766417
682957
58304
435049
940403
988240
1909604
626961
1993848
1437767
225302
1698512
258835
1814289
1680463
1525324
353726
1834599
859184
1476867
1311935
668018
114216
819814
635158
70939
772708
1591158
1976088
202710
1215017
1253538
1758214
847295
1551528
1993605
147146
249501
1711423
1357876
221184
1428530
654834
1329734
49113
44812
1555735
1253951
408382
1483019
1365630
1407534
430640
1799204
1147715
840508
1565433
1455063
1359119
70208
1979415
1243763
1992968
882000
168268
460114
763673
615108
1235482
1515723
983262
363894
1224576
1590336
130300
929650
1887220
1513115
1120687
369898
1483662
504812
1830760
1338000
1723119
956861
254198
1713345
1404310
1488315
1544877
1811639
1512226
1742644
1359770
413180
1280812
500891
838738
88131
322478
1828665
707212
1827745
1991130
1557931
24465
1672130
1405392
961574
175012
118719
971641
213316
1870914
589208
1796459
1129253
1935283
307036
12505
473482
130561
918841
494209
1048149
1779182
71082
1030271
1307558
225914
893788
513401
89998
298764
1330402
1320052
1848708
1031677
328163
33269
1702427
1547923
187508
1433349
1135515
1133200
1360047
1375756
501747
547322
661112
1648664
1772678
701955
1441265
1961345
1858184
111774
1899157
1557043
1488152
350753
106018
933755
886840
360053
1089662
1031567
1392242
261838
1205040
785429
211280
1278164
1120188
656906
1165806
285934
619717
416096
427221
612923
531915
1457924
8481
356754
1138470
835747
649103
456428
561789
1544804
1593662
560649
1716603
368097
556388
1218002
1081687
452145
734045
239254
1345324
162512
1326432
1171175
438304
1981264
998478
1030968
722764
834139
744458
1808710
338324
1086324
1924262
1675167
1290897
499441
1439545
1601326
815156
157610
1575209
1309743
73614
32872
1872132
1602388
567673
1233809
1743194
358915
712960
922015
812269
756238
1755485
1512080
1322897
408974
590892
624010
1511911
812044
179829
1463870
1996923
272213
969819
1365711
1921197
220678
806708
665141
1463163
1059678
1400656
694917
311585
1485782
1227367
1509132
1263982
1295381
1955877
952564
352013
1559933
667132
1940480
955831
640023
1645931
713326
1232358
1677954
803155
683282
1095394
1575255
1441157
545068
1877593
1837510
56149
1346525
922222
473399
1704287
1252862
922014
1523333
1466483
1068155
579514
283147
140288
1318828
117550
1932200
1328395
841944
468200
1755969
1490404
1591679
1339216
1431612
1973603
1828052
1494022
1203030
1692595
46300
930790
419892
1236100
950942
308317
1220447
793379
500749
360841
1198288
895257
617636
1433232
1315956
1093062
1250106
886347
1721439
250501
1131248
98978
1621128
1753558
1522233
1217369
1969042
1883371
322800
504009
1197582
942007
348831
1958710
117152
1556989
1410069
445118
974227
413726
1501999
28816
697485
1263841
939435
1616978
195018
1307141
1783074
481648
369738
1586570
248308
1825448
304502
1520621
250606
725436
653671
223135
1263512
546645
1324883
1426805
126177
494415
1785321
451071
1385663
1400861
1292131
468999
1918873
1053128
1332414
1208448
49458
203067
1636197
342071
1379358
1095377
225902
1958104
1091464
792100
394021
1079429
304671
496097
1413901
96340
899482
1116961
339100
712440
1437732
9292
1277070
1242758
14564
1485070
917050
1061853
316449
1945757
1791028
790670
1339577
1282245
1821107
1871136
582870
494047
1049032
440058
1334620
1471249
44372
1929339
354575
1767417
1970920
1363904
1435303
782535
1605490
1749833
1951846
581464
345173
484028
715830
1086135
1868194
1028744
1259896
697887
1792125
749674
1820502
297305
764756
234958
1885723
833513
1185819
130783
1193329
93265
894879
1085171
1768928
1618966
217192
969769
1483285
177215
273782
1497566
274945
693060
499407
928102
1024630
400354
639158
856005
806076
1204858
1740842
1324008
390666
1359885
739034
1587328
32465
1222236
382237
999508
665179
843440
158161
783171
