495854
804178
922145
739468
1392455
1346057
328991
205111
1010083
400923
1354328
1034184
1669823
272860
1601294
1028939
1152145
1400030
569718
922117
1862248
21478
283065
1974895
1236985
584999
71770
1670587
1363259
459856
558639
998532
901284
60119
167262
1225464
421833
292342
218339
343605
1515140
418540
549846
1715236
1775402
1635907
604374
1294512
1522791
1900292
1443495
921789
614409
1189922
1214565
1050750
366815
120287
552700
1144756
232042
1737784
618776
1490884
395954
1560265
425745
1167105
257853
1728122
1348808
1016354
459960
1230952
743424
1549995
1405238
197080
651338
1975521
1663878
1099975
178993
1332977
78675
401877
1058130
1483362
1072966
1781216
1644558
343149
145671
124134
1495604
1660330
1273824
1123264
440644
1446278
672340
1159661
707538
1343559
989455
401688
258180
201069
705920
823844
1771889
1185495
1093537
1855110
66296
493316
1646458
772383
1108805
794342
370465
106946
521592
255204
220425
1179303
234605
1323518
886356
1257745
1412620
947866
64167
1178128
1912278
200055
695634
1416462
1649261
74737
1972543
1274518
1496128
1008399
270972
1346671
682639
140817
1216693
358584
1980769
1356852
1713789
951173
1573363
729057
1593233
354053
1596040
1578771
198610
670393
363022
1164046
184266
1749924
374723
560359
994473
1650226
1527547
34967
1327060
165069
1403685
1776631
1205598
318388
771220
401379
455106
1041228
114974
706800
1630687
982611
40867
277939
257632
1378684
1850691
527446
1009403
1784320
420759
1988804
1996882
1313152
886873
42932
850660
788845
525650
319623
991579
427349
871676
1460915
1822856
1546360
811457
1882325
144658
318749
1677517
392191
1685985
233048
1705689
933124
1509805
553781
149951
868236
100730
1858897
613834
678747
864005
1670327
811872
1287619
500151
298076
1925478
184439
1438528
1311723
736720
15034
968086
1238196
1540377
968035
1237686
14657
336734
775514
407350
1331008
270071
1374371
1302882
1277141
1739885
1659360
1643238
374071
570506
913726
139790
1210739
553534
1185975
600819
460986
711744
1433546
1435219
1327656
309548
1043951
702563
879389
1872375
749755
630622
367599
1172842
1182409
1738333
1627908
1532375
867382
1118384
566707
1872156
488696
1346997
1589894
620005
222075
684939
1249902
117041
199213
107624
218325
971324
982057
138734
1221333
1666750
447571
327422
1390906
984203
1904008
178814
940120
1808383
1649878
1253446
1823025
407850
1900864
755045
1704303
926997
1575110
1473219
267061
495048
1180453
313616
283509
513566
1478963
425430
84940
1938482
417499
1688358
1704723
662282
276331
450888
1897485
1332842
668977
1708594
1738495
272854
1423765
24554
914735
1966668
1330245
874349
1904286
1777658
1826376
778074
758344
1789298
1820595
116728
1346660
1677441
1207724
23008
36180
651143
93441
518418
1483098
1266524
349355
1489883
384645
343873
78054
81497
1471864
192132
1691131
146286
1790794
1291723
29816
464513
956502
1275751
466057
1559067
799376
290333
1011591
499534
847152
1274700
1573058
584583
1885889
1341784
1583057
1093480
1435536
1957829
1674634
971424
344415
163602
1993304
1430283
631228
1245458
1359659
1333612
1017491
1233190
867620
192153
640238
1407264
982292
396280
1872993
993311
1447060
1265225
1543350
73635
1359410
1718662
484420
1628153
1625167
1020294
172148
1328545
1668369
741753
842211
268287
1162044
615737
593062
1458721
1719718
1819924
856980
1806423
1253286
1957855
107073
881674
556168
1263351
1245754
1817099
545678
1820998
1329866
819399
1026369
829983
903552
876536
1704813
1579179
363451
1494390
6296
1763968
933171
1871766
1156586
45543
484711
1826040
44095
195162
1054954
439889
998540
390729
1308187
1036361
172842
927233
1161724
1962073
503853
3511
1413111
1645537
1821302
1611902
451021
76857
1080541
1559786
1948240
77192
1777739
155918
553975
1537520
456544
1200705
840429
1582285
1103597
664580
1721500
55146
997526
1186967
271130
127648
858158
1722870
847063
1255854
452462
977142
1888476
1783687
1837676
1807062
1717201
434813
251480
44152
1560584
54801
1885547
1319172
1674033
1170223
1159693
1145604
423487
1580337
243682
505421
1599242
186222
885981
929188
809929
117051
469412
388342
1374676
387733
1977737
164324
107375
308796
1219566
1219894
1428862
628796
5535
882691
28680
1408276
99657
1750117
1650584
1284777
869700
1672698
824243
67870
1960641
563564
1383307
1403382
765527
1781951
1617134
1549672
404832
1970559
1537877
695370
505982
1625441
1197084
958485
1034710
1038354
893923
1362282
545908
299885
271260
466044
720769
536054
682279
213043
1600086
249322
1406877
1750468
1091444
371162
1126163
1298954
1639624
565505
39227
1778524
1478849
96511
1517372
723067
1506114
374957
1826680
1485586
1511055
1400550
407815
1425707
669745
1780247
1652762
99933
625185
675947
1990107
1371014
359948
1213264
594378
552699
1617215
586810
1111833
76489
1809000
734243
110926
120275
587504
1571822
446438
931742
1991382
1771436
988211
315414
228151
1790802
1731789
1222813
430550
1384054
368865
222514
209477
766380
697050
1845841
1952454
178536
1687026
74759
806423
165602
855168
63844
1908002
1080234
678465
1300074
1574668
1336671
58258
1482805
1405989
256446
365309
1634455
1648136
621369
1918057
1845691
624873
312404
1854759
1618727
1939698
901340
933922
1568930
85277
89718
345067
1346805
1147485
1219978
1515058
1768150
449688
69240
967150
1674166
701388
1490592
1705537
1822016
1513718
1301041
1577710
798305
1002304
1555089
1780999
1891791
275101
645274
1607874
1071590
114975
916560
1588208
104197
551931
650243
1191807
1349799
994137
1708217
849371
1981948
74929
545747
986167
1846087
1278303
1361801
115648
417796
1147742
1028056
458235
585856
561318
842751
308814
1243911
101306
1394255
461666
1813319
1691466
368364
610907
447365
1666436
199233
1511325
1482185
1171813
1297022
1821125
177285
983080
449028
763844
1053807
204378
889843
175433
1075882
233675
43005
1124776
1418767
1692548
157938
1997643
1110479
1911614
1048160
1414409
771247
200280
1233547
556985
577556
859337
636127
922515
638935
966462
1777376
385473
1926040
1744453
472177
1119104
1882614
251687
1337934
338101
1832431
830836
660224
275372
712943
1183898
72156
1664204
402976
202896
1535350
1335567
451366
356348
590567
828750
1613753
99861
563682
1673401
1625321
1167251
821792
574429
962325
1651067
1461941
1426316
1729374
1486897
1531522
1537455
291633
35622
1232319
504615
785428
737153
156876
874054
427525
943309
1272005
352739
59873
551800
1140749
1811483
456538
385363
224290
484954
296229
1573092
349609
241241
462851
1225616
960636
1105900
1058840
173591
731541
754696
390520
1203389
828187
752417
1830696
1769719
1907333
869188
1187183
406853
1597731
1896585
599273
1438391
1373733
1931817
1940691
705360
970443
1785126
733345
975306
795673
1272527
300875
879534
1506710
488854
1597468
786319
21336
890710
956114
162012
720003
1850873
1734371
273600
1105864
389409
1192117
1276543
1555108
1592576
1624601
487739
1824643
1335347
999656
915686
817870
1385048
1213280
1442214
700232
1020543
1787404
223608
1722306
1658680
507391
1991828
337627
345855
1593769
1799965
111938
1541008
1145062
178299
1093402
1483242
1455057
507268
1087109
1872946
522000
1652037
1081852
1837717
421883
959618
1305103
1678753
736040
1259379
147247
341565
1664263
144540
904428
1842282
477423
1298040
1407925
744046
1880636
1564827
1835634
1407265
1424792
1570872
1499353
1953175
1770709
1891144
1546351
1310021
825241
438658
216736
986517
637953
789258
113356
368167
1301887
619507
1704466
194198
1835546
1577354
1691605
264888
832167
694512
1005175
69343
420185
1083212
127736
561578
1204316
916278
193182
1152440
1191993
251219
753258
1983317
1465812
1888980
214919
815595
1187639
603299
476098
875777
1668600
1143253
1653139
631179
1141328
1855772
1009669
1974863
631721
1139657
324110
763141
1063226
323601
805509
807616
1827557
1038581
216572
1112824
1526770
347416
664955
1716228
1160240
340295
488922
1705667
852728
453327
19191
918589
1468589
98054
913580
818705
671323
985008
17036
557984
846157
163999
1490014
1118741
1436738
1529807
539450
638820
246484
179026
6313
1939330
1282107
27159
322252
1121903
349806
1409708
304261
1719832
1988994
310969
1699689
1421301
1493402
13248
1292940
1070048
191760
1027814
1324779
1115456
551401
1113606
1168296
993303
1214261
831601
734856
280715
928021
1674055
161791
1978983
1841438
1130402
165719
448832
819623
982838
1095238
917235
294687
1143771
670078
1736192
1964396
831594
639940
687019
377022
1399171
649003
818737
1343375
635677
244399
1270124
892307
1139959
358564
1895717
1799306
491014
1524130
1686544
1333464
1105075
1020558
1316773
926860
978905
204400
1813311
137757
1809043
1355269
356275
980041
303625
1352974
874176
1592939
1582253
1926675
584680
1338522
43028
1545940
926381
1925104
1934125
1169345
515918
1121706
1189803
1256454
701434
579766
1934561
469324
43275
1795065
706319
1196094
294057
1043716
1950174
1926670
1045420
1789428
930221
423714
610241
49290
1988216
1835296
1967092
845614
1103264
459857
677990
1107301
754207
1944757
952978
1709415
312174
486218
1267174
453459
1436623
576100
1931415
1974651
550894
815958
515855
663767
1445935
1966450
1388966
1602194
383424
88589
998446
1145643
261767
42654
1951485
1060940
538928
411670
1250215
1386210
1547830
1118234
1926835
998150
1297798
1213653
1582121
8844
1166709
855649
1951603
77361
647023
1193011
1045956
339465
123953
603886
22677
496741
1685224
1329680
249042
1585763
606889
1036713
1424858
478578
1228601
277122
1860724
1500750
573474
55993
855149
1591684
897634
342595
735335
1673539
1497573
1043859
1849684
1018842
1179683
826428
274965
384854
1528973
217566
212317
498207
1017269
1849337
1009484
761217
924645
1227262
196010
1427648
1280127
587664
602873
106292
173077
582046
1650246
1149800
1775693
765733
1207240
650867
1354581
1647968
1307829
355833
789046
1738756
1340844
431537
1887458
371777
680604
705531
428354
504036
1814026
1211433
1938591
1569381
1600938
1737672
387242
1427697
40236
720425
133490
283500
355583
973999
1681058
690667
1843387
32974
1224844
1209304
1076509
1034826
199934
447686
1808686
1488983
670969
1070920
1067821
625291
1409673
806111
1000850
542188
1459808
876474
1132314
1956573
231523
646156
1936244
610265
1459968
601746
1744654
1467172
1424748
960755
272652
1654086
1559025
911218
1067308
931561
528417
746267
792351
383296
1177983
1576550
1491597
382592
300739
106181
60649
274703
371195
1029599
352634
1434308
892857
329155
948058
1683740
230959
670148
374875
1754892
1641278
1902664
1732634
381455
941122
1174573
914180
1252905
1235572
286238
840484
1266655
1962031
256667
1476956
364363
1511673
378376
1043391
243589
1565799
481280
1281164
391812
902379
1449285
48700
704665
480598
907541
1658409
1285899
1931228
1876774
1721832
217654
1448892
480795
687596
426028
1305847
1938927
1525010
43226
558672
1228975
812980
199374
13428
894140
1062522
983913
1583423
1500200
1540574
234952
1711265
1616003
994061
1356743
509413
1024482
1298062
84185
881879
1275451
1844088
1190481
1365498
1019890
1280476
417434
1081730
438834
559689
82495
392129
259964
1843315
1505978
110467
1397473
1956448
188879
303086
1874892
1798025
184690
1729588
606314
1056829
459891
1639523
637633
652404
651755
694246
913499
1962548
1678870
1863328
1749532
762015
1283815
1066605
1973712
506131
1573322
177253
1906105
676728
1114895
1837984
336990
1754725
579930
158501
1868188
432334
1181711
490808
979277
800904
1461000
674778
1153942
550887
46145
1721023
1387458
248108
672949
1566513
1707866
639710
766310
1542587
1525436
1298972
1967025
414124
350044
142520
1209671
1637984
1657321
581226
1849493
557442
348385
746681
602374
1124925
1333807
455119
1139800
1544022
1903004
384294
655341
1244785
690931
960393
128323
521627
1488306
727549
1745952
758375
299894
1641001
1350234
223802
968247
1924851
1296596
1305721
1123433
611584
1226947
370675
638299
1456255
366602
1409808
1691805
1760390
602668
619918
1662328
1321170
819889
176101
1310761
831235
1854482
375064
285751
815939
913780
1318911
619284
721518
502930
824776
1431640
364178
1249288
803303
522220
872156
1602893
1460790
1525237
1438890
726273
1760353
1606454
1739195
517565
1189483
1292218
574824
1726978
704337
591006
246469
212178
316604
1897944
1780325
1832240
1131439
1897251
1948255
240903
908332
1524730
283131
924962
375526
556108
705263
923115
698472
1411435
534761
291915
1224316
1657010
830014
737038
1810291
1335826
622984
555322
225662
1068829
755843
506424
960955
844468
1449946
1357342
1669952
830977
944770
246633
1002801
348204
1537776
86382
353518
1224928
1744607
433975
268244
1370231
1426514
1645032
31694
1689670
543276
844509
1838783
946855
725185
1273983
68934
938636
721642
1067345
1233735
440670
1131989
205975
1072856
440455
51179
1868999
280405
427951
1205754
1495928
852993
1955420
1860224
528406
279923
965155
766187
1178967
1791930
1412653
1778918
91607
1942082
318911
47847
873805
582696
742603
972352
1569630
519791
132445
592572
241175
883510
1080188
896878
1351573
604544
224098
26847
877233
1265277
1967876
499710
672715
256393
234504
813631
1490145
1933638
1819481
834178
996957
41023
734922
583026
1318023
1159911
505969
1477512
1057334
1861246
467707
1125094
1493323
1360683
1386369
1897231
1604312
148746
846283
1199671
1391983
1419266
661946
681914
697337
24389
1001330
968624
683424
7864
954897
1656020
1053957
344015
6026
1234075
1541259
649046
1145674
926665
52957
1209365
1351790
1669099
1327053
1309136
929732
1805037
1044415
1975854
209241
1412148
487028
1140011
1904813
230216
1773248
19075
1471808
1745534
1738112
1950914
1755037
360123
208174
1942630
923518
1931144
586514
884513
1994935
982221
1760041
1160653
1116612
1602367
931473
608074
1630092
1281832
572263
86914
1962966
1520161
1302607
956706
1848634
877818
1250528
4946
1243246
1433827
349684
1793653
581001
667497
432185
404537
42849
1499950
1224630
678260
1086158
1204841
963780
1130527
1340793
332393
1372418
909240
1642343
697533
1200950
1352881
692364
896430
1784358
365073
18970
555830
132500
693914
28210
799092
330359
1045132
1174645
1572321
1416360
1326267
175968
184955
1303607
1327975
1447642
743530
186130
982315
1692971
1892484
1798796
1472320
1542686
459518
1939500
1172121
1478687
719881
1282
923683
680477
1857399
564735
743971
592263
401080
1674370
1835806
1175623
1627585
1871329
263103
1492101
783735
861373
1857161
1038589
1916279
40615
698373
1994509
946638
556359
481459
1914602
1943135
327632
639777
270262
139084
662458
1108143
1644806
996197
454808
595220
150879
1587534
564714
153615
1940070
110588
177048
1395895
170178
460286
964416
1976282
1461515
656947
290565
341681
1907906
1261765
1509659
1052075
986575
1964097
556034
327082
713655
1288174
655794
1377877
741388
1323841
1832491
897909
420661
601287
264176
672978
491265
633638
777535
633850
1316193
937128
1582917
35522
1065671
827532
204418
1461010
1639010
445466
189416
97901
1094517
1149478
1685997
1741958
557979
975604
1539648
1541813
1160337
538299
862810
220150
387307
572727
1974527
1009257
859780
772205
560522
121512
359563
1789311
963516
290685
1622341
897123
1628065
850121
1121507
1489895
770235
286801
730278
572760
1658544
1263471
1792564
511763
1353032
794289
1995566
763777
1257330
526060
681755
1487866
934841
1630421
406077
80901
1601540
473852
99468
1419389
477425
525481
1961669
1286067
702322
251448
1946782
1669318
493291
578793
272692
1842874
1505106
1817025
549457
213881
1546331
1095632
294188
572872
1355406
913675
151978
1466364
100240
1066234
1832162
1673099
377375
1398646
610301
1304161
217019
1941478
493981
941975
779447
1608887
528418
1437912
861574
1017328
1352847
181340
399211
385270
1352870
858338
376603
1895515
1270154
485581
392270
1057791
909382
1777225
1807464
1007547
967816
34768
394493
1771243
767868
1676078
984968
1652134
1879642
570154
1839287
1532921
1679405
62839
1581076
675478
762634
1250328
1138739
1085499
744114
1573184
1087888
261208
1320963
1922943
1812921
1512041
1769555
1219091
148066
646322
1689505
747646
1112878
201725
108080
1784907
1163620
49638
1855327
1957667
226092
371354
1660282
987062
1602346
409116
275538
511107
1414856
412160
1039675
1576456
1646540
632177
1752173
566464
1709422
1676508
282575
1100661
1782739
1542358
1452081
1948514
286488
1380055
1621813
261432
414998
1974055
1962259
842378
512188
1280325
480181
532796
482910
955454
1212353
16908
896769
264515
1065578
277256
1908515
1903986
823568
1051036
516796
85946
775447
104169
1631694
841229
1491127
829680
125376
1816229
617883
279589
1989162
597405
441531
1150486
1904468
1992195
1637613
234241
218261
203165
1510349
1205372
216920
1099103
102227
1204679
590311
1770431
546118
1746825
625968
738489
1613111
1497418
916072
620552
1146506
978358
1400473
329315
143512
142771
483192
267876
322883
1659588
1455846
1556570
82843
866685
565309
1906423
905136
1466822
1023464
77497
1155085
1239069
129605
1804349
799624
218149
1599531
1291780
430187
1112092
1952619
630049
1594926
120589
52593
55605
1794219
81308
931326
304329
564221
984849
1683934
813834
1639302
1958318
1096107
1638627
691925
1247786
758272
1006805
728058
1292032
1916755
455885
1133387
313633
392352
1370491
1596449
1864290
201922
1264223
102655
669455
474969
540570
716128
1977247
623567
1868375
1761197
1779798
779233
1932455
1220981
302457
1859705
469862
564408
100521
10339
836934
232107
403226
348360
691483
1032202
1026166
599601
578590
1742325
447228
149481
420258
1974718
1115294
287447
1513408
1176585
272498
1022340
812372
940640
343860
1738191
1180222
1324886
356073
1943613
439799
775385
772297
1961923
1061145
1901212
264629
1509988
138145
1046108
465820
1908079
430548
38215
148944
1128353
773071
1145283
1243138
1662972
1511050
348427
1489625
534443
822092
640759
159488
735184
1974022
1626197
1242440
1621744
229325
1925951
1793732
1108008
633468
964016
1712529
1731924
199946
874024
1419113
672668
40342
1927470
555239
147357
412401
1186331
1071818
1563293
1251039
374618
1629876
318041
1896871
1801864
242459
319315
1856726
1402124
902123
1190589
1303192
62119
1937717
1568859
1117554
1134205
1874264
1786201
1549370
1818997
1684712
928657
508407
434254
1835776
1871583
1620216
1558913
1449368
1381851
1099481
250512
1751308
1717373
1210831
1022048
904229
849175
1378809
1001643
1135149
133091
1292170
1656785
285258
1198517
603636
1789254
1379428
814770
1033762
973107
1251989
1890606
1900658
127070
1326252
357059
233840
1042705
1440008
964604
1185477
672364
1647557
1810647
1272492
299580
1188655
61172
169322
1776035
1293004
448265
1726756
1934134
727745
1232723
1633256
237060
1885768
421316
1632451
1904512
588088
65744
132979
1124355
1514520
775007
452717
1417368
1727717
1406195
850577
475265
1386826
1219405
639162
589387
1566348
1738503
913741
19638
885327
1815767
1373976
1764814
704812
1242677
1500902
71530
272100
1382633
1528810
423752
4657
1249095
1833586
1126575
1815123
1749543
1852893
631104
1984003
255239
255305
261466
105861
458850
529424
759396
265511
590202
1581170
714068
1254111
1188490
742061
1773252
45172
896991
1655102
1096864
134024
22812
1742455
1924569
388416
1388392
1739269
46046
531097
336148
726123
1613259
1383953
733633
1176152
883885
1740586
1493327
1505644
1050063
1257617
95816
391059
1193248
190853
171776
1695653
230077
1256774
216749
716481
1295401
1180744
925165
1621360
1495358
879307
985740
738885
785247
1499766
568959
478048
509720
1512739
1874095
1816578
710885
1687762
431821
1566346
1962622
36811
136768
1023842
1025903
1923522
1148980
342034
329250
325897
1707540
709638
523944
1182168
1595050
850947
428687
1152905
538400
1752563
1926179
1251242
313014
333224
1010574
1691692
754638
1787870
558795
94847
1765803
1282783
188978
1536485
1622861
752420
1143065
1454665
270191
286588
15919
1613138
1339206
1117104
1707439
1761621
478527
1666510
1309657
582568
1384234
1086802
1123419
1772753
761683
1826047
956463
479346
1318451
565706
1759898
1200511
435521
91578
535064
1146410
605929
907838
1738384
1029474
552051
1546128
92027
415361
1316799
419046
265082
1893503
1733543
689756
1542426
1455159
1664869
243001
531208
420099
1695331
1134598
560794
1112457
1946038
771276
215765
1257320
641074
1546245
381657
1388076
1521658
1550865
37022
1273394
1092682
1352994
1312968
1012872
1206718
1446647
345233
1750865
1655462
993984
918390
489617
12227
1478540
1351635
1988914
1519700
1344688
125175
1496261
1560907
1288086
609324
222092
618688
1392009
1956257
778351
1164043
1020244
1298044
1317987
99183
430154
1014458
1858606
506215
1235110
1541272
975965
1585711
1628379
230740
1257215
1946472
696656
1505390
202694
1102041
1684511
1290089
1342840
72526
1906602
889642
1296356
748280
242317
1205526
1172250
1368016
1295564
1938054
924224
1930284
1053807
1847351
1151282
1525505
1479456
768459
858714
1414602
509268
1391340
1470399
94696
751345
961286
1893235
758342
1502978
255182
1285071
1184731
1556108
180979
1615127
1356791
1272868
300220
941277
402828
1373821
192811
1265463
1381831
1061566
923990
1214489
1106585
1945071
873771
1978388
1392219
1539940
1110224
277477
491850
1629501
341432
396813
1265822
980991
1705664
1154462
1770937
1985065
1532100
474441
1071930
1072297
1988487
369442
280899
1537818
1120788
59303
509090
1605314
853676
77286
1488653
1979659
749913
1949583
1449957
1120082
715405
1985855
952483
1527944
983337
1992117
1844733
1392367
1159595
970203
1049851
1375307
1816294
107972
1455334
1607781
1802026
1461406
456585
524313
479643
986442
607251
43601
1128689
1465026
1956211
1346602
1809861
953315
1877252
260098
1034639
557613
1979894
989906
699625
1841529
440476
235345
264422
1256770
1770516
187347
1775070
178096
1402938
976961
1954673
1290697
326349
1372431
803591
1808396
1871808
1547032
1384021
1142670
224620
1415667
1516743
1528943
1987557
16859
436794
456014
251119
568043
1028843
1460230
1229321
1889368
1334704
514697
105829
1414377
1717182
1534835
989592
562378
1911932
1960308
824200
310758
992248
1829352
1227095
205119
380791
479764
1760436
1078399
235762
363807
954663
880279
1437494
1677934
1933771
1861622
1556639
779220
1024748
181608
1554051
1196118
753484
629989
1346905
466846
1576112
719323
1075460
1875803
1150233
1869202
475420
1952130
1219475
303957
115366
917847
1070034
1607567
439807
305788
129981
1438139
1754817
1354874
730239
1577625
150403
1246876
221455
1725456
198546
301903
1340961
1171926
1116929
271806
775312
976396
966456
118237
1514294
539505
1187659
1590452
221295
1314210
98686
1839958
180541
1316346
146963
95084
213151
649816
1938861
603406
157937
629946
678065
87447
137879
1669468
436022
517518
1590692
581676
494137
1109699
1643038
844182
1892432
201742
76580
587108
1631781
235730
1100196
1686073
1140746
79565
1896952
73574
1966303
1371947
1136136
277196
791205
1462338
47633
535477
812944
689035
1454086
1793584
1439857
1337780
452631
1925138
1338073
294213
774176
868401
1895740
408040
254028
475204
353173
1957185
1110103
1623599
1656067
398982
1576206
910112
349548
1890369
166647
996967
331495
775882
1788719
1413481
1886001
1344024
60161
1686516
1130570
409464
923474
995709
1486194
860160
1162567
330120
1891743
46209
187932
1570140
254051
1344812
477522
370573
1976744
99583
1778525
629349
1301966
1771831
214276
1902945
224403
97650
1339607
1519717
643206
724192
1850922
841292
1999736
1596863
1033681
1225899
1402490
1765172
1216819
1781198
1666524
914801
1588348
987407
1511045
623985
1310796
386887
1179273
1360672
972833
1272636
1827897
199174
1418575
457204
1579825
838084
52430
121833
453590
1094292
1312187
1042612
884584
606034
694335
1538675
708948
1580737
1701018
1986474
769334
1257069
875431
207663
1135956
1671633
617377
781744
1126535
1898719
1847260
298159
1623411
953767
1696019
524507
1799165
1081846
1436123
594878
1066348
391717
577003
869776
21674
1022920
1057892
597135
564394
1245948
1538584
320760
77082
953084
1196563
1358723
1992557
687195
1270758
369623
581544
1342089
1365959
44223
1561463
1736292
1475302
577267
1399312
196889
1081809
1380226
1530467
1300251
1841827
135415
1436230
786316
576079
1782556
1788214
625940
421653
592642
723494
1040153
1988236
969602
1547491
206442
19241
464265
86586
1266141
1372010
155688
1082479
1852431
729104
480325
1210178
1824809
1907880
1107846
1971293
887301
839999
815907
1735925
1129786
529011
430735
724901
1556246
480860
1692274
372054
1755015
30734
823413
942761
1167893
1977510
1450041
1817424
1874202
1458062
767272
196683
1671953
1095344
1744955
1046212
380118
314663
1007308
1389832
319941
483929
1888722
438498
1277184
1520979
1332801
323084
201132
872586
989332
17800
1898929
658779
1511795
929126
492812
658240
946804
1694850
273975
423794
895789
1841187
7132
1746863
1388069
807649
1985778
1799242
384867
35835
620474
732670
1416004
1612687
820513
422362
1370984
169190
1956083
988910
126686
1957782
1660642
1296910
1133326
1849915
1804923
1748690
816226
77838
607857
158333
1646507
978193
1977598
281596
216144
1146005
465404
1775455
615396
1095533
915906
1604019
846415
1940907
928746
450882
60270
934645
1615882
438936
1988388
77846
1717247
1878173
453520
1573188
1264097
1377419
1243837
104614
261547
1616890
62296
670876
340859
1846342
1529694
194477
1029836
184847
1757794
1108921
550707
98375
452617
748054
1684953
541321
909523
821468
1026255
166779
920258
1185931
432186
365179
83407
1180262
1676208
1619975
514814
1806505
616043
654708
921026
1512451
126255
849709
1654753
1292577
1170621
502386
1369682
670838
1694592
1756122
452509
1926096
353305
427809
1269497
1796908
1409649
1791641
1961322
1854019
1201241
872385
1618978
1105175
1111896
1575920
385740
556370
1816412
552539
1421875
1837725
588846
24495
591861
1956910
338080
390851
1533861
1911228
1338350
1932485
120623
1933037
1465864
104027
1742332
1951919
1609126
273613
1238111
1608761
653213
1603612
415072
1103984
617845
168227
1914317
1442902
1665007
266728
1269438
1482573
103410
439076
1749148
1888963
1441206
465289
1506653
709073
495964
1155157
171089
1053862
1826223
1382109
1139033
499936
1761449
1948254
1407839
1346722
881110
1098209
1666627
687231
269682
1549826
205822
237676
1144719
633648
82839
1912510
695838
1896005
228659
1344040
872933
191717
408442
488855
1478384
1140358
1057742
1835190
507708
439584
106686
1966202
173778
1055451
648952
301226
1997168
1600493
1870962
662365
617300
1202165
267014
852759
1839379
1599239
715936
338642
1857284
272785
1963445
108766
1390072
651962
1144393
165925
140855
1097643
779078
1680989
1569612
1800383
1041693
195760
24629
392759
26350
1692355
1667815
842268
256646
1082912
123880
155675
1260455
1230498
1540428
981149
1965511
668869
1700912
939460
1898386
1151364
1935920
1927058
464102
1719210
1407372
491133
1512537
1201684
299553
467265
115572
765910
36733
1546236
305985
1106402
31604
1230744
926123
384558
399721
17969
1639834
545960
824511
1809415
421559
191446
864350
1738143
1497686
951945
1264504
1722797
208263
811374
1153320
137020
431055
949938
906352
1351829
176697
730923
1839889
810581
1489372
562766
584427
1410310
1234609
775749
133165
1384191
1623556
1720834
862238
739609
722670
1174075
270013
1181486
1707753
19277
81564
593515
1072747
1560841
946549
13366
1558431
591739
150917
1663018
1535482
102081
597390
119668
771544
1222027
605052
1782682
893695
1835318
1539262
118658
1067657
1443482
1215010
1093090
1080498
1466088
260404
1363624
1257389
398686
1942469
48534
1816289
204744
935477
1636283
329602
1639707
683821
118685
1518873
1453126
1705817
649080
441706
1702251
1292713
133876
85181
1290208
1925399
398048
1176649
332962
908842
677407
1165749
1492376
1697665
1535065
72990
969585
1987495
905632
541818
1944301
1380635
206761
627651
805939
595751
547687
1052105
24993
780044
505145
1326288
1178592
695154
1268990
503547
1820433
1214825
1322386
1406312
1700024
262592
839021
1472825
1161298
1306045
1687474
168651
1618974
927788
1408785
1353453
79262
12522
1473579
888136
763176
387131
421546
301468
666759
361357
433973
1590199
1126807
44296
1302573
224116
991993
1335734
886941
1905913
277374
1772492
949533
1885764
1697372
286653
369286
1733080
677397
1616152
931198
694498
1742639
317650
39242
1256619
1541876
397593
1845240
125474
130231
1472671
1866742
1591336
134913
187381
466156
893571
871963
1741906
1978357
482664
664773
887989
1710949
1602667
1444710
1941420
850873
492598
644366
1353560
1873410
1959799
923840
1393452
1462520
714878
1995854
214503
1573755
768724
677538
598667
1271184
1811488
1724615
1650230
975673
332052
1092785
946586
129456
549832
258000
234585
568992
1978926
631648
1398333
608346
1264484
539184
1045858
418493
339551
728969
70700
601944
956757
690684
512550
1461285
1741225
1059878
1324194
927395
1826385
1514884
366829
294604
812905
1446469
687424
251968
802929
1902426
1686082
103768
77723
544359
336771
1315522
543516
1991971
1196117
1497571
130408
124886
1157738
1005227
1216042
753873
679929
91875
314151
792993
796632
1621916
143507
1954079
836966
573291
1157779
31660
1349652
364236
1048896
1688379
1896311
1225303
866692
142209
1124676
1386355
941734
1760939
1822255
495776
1692067
1826767
45345
195134
1675364
926279
424214
1601833
2579
911820
1337152
1150461
970985
1749997
1568409
997036
13400
1918139
1370606
1154099
557849
1784388
562136
877093
792369
1102804
1671457
1704712
1723198
1595695
1658815
373802
641930
1792594
298726
32562
1396609
1391459
25060
814527
472184
1523886
1065532
809296
697358
571434
227695
1383760
1230714
1062120
1510040
1392353
1268095
1787688
165013
162008
726219
183635
828160
517881
865792
1820270
975709
289370
1426577
1368414
905826
253171
1898772
483265
1069062
291806
146
1888645
94388
458633
1349791
436689
587739
1432560
1644562
563926
1705088
673898
1672999
735893
1715890
1455964
101784
1430570
327835
746154
1228973
1079251
1721110
1876561
1362488
1477558
555109
1792028
1910324
1399546
1653610
726413
152783
1743168
1100103
561647
409537
148189
1075024
1617971
769441
727702
620579
1146154
1718344
1137390
1373139
663975
973129
602131
1247666
488188
1257990
290138
322261
1054481
393973
291192
288959
572273
1125860
2900
1081462
1540608
1973784
962231
1829863
39078
1683909
387396
669282
10114
99954
1939269
1136402
159018
1370209
1057385
279945
1652419
1758207
1811743
1030845
1979414
1210848
37124
1891506
798823
510530
1995081
573729
1831130
1092241
469217
1974209
1542472
1806139
757433
939178
1598686
504685
796314
1079064
1377144
149440
698191
481649
1693192
509973
1999893
998863
1186108
1711922
1515804
987428
109737
1997019
1552178
770438
1636652
581936
164444
896183
868229
546612
562851
1819948
640570
736413
733940
1284149
890609
1584253
77163
1431562
512070
778944
861055
1876963
100590
1820749
1850474
369358
866301
1073041
1701881
941813
502972
1661934
251215
1442051
469648
1297239
1950672
1363290
397715
1546938
1596843
473782
1878945
457930
1212645
688861
683035
1619462
1860426
160168
167659
1525539
990415
245657
1335225
10657
492829
1039004
1336750
342187
1449601
599541
794745
311591
1725738
109445
949949
1868060
29320
1135740
1817889
1823059
674635
1593216
1370679
366588
1338936
771331
825425
1781314
238611
1608055
1680006
1307087
215939
1740674
1087221
1273198
133313
90487
1900435
1824429
1820206
424371
2162
1983372
975389
1212594
1883997
792283
1594343
1492026
1921134
1378617
1528029
1552817
400104
656214
996076
919590
580988
1648198
569311
531891
709518
1788554
1877281
762525
258545
806266
593417
605903
1824504
1927392
337468
839890
1183275
209047
1947543
1770677
288012
710802
1334322
1531690
793411
477094
1763713
1491208
687470
101179
824345
1686612
1273440
1944741
742766
1980534
1561849
303569
349734
860047
1123122
1980941
1733196
726248
445896
78386
613686
921120
1023611
700375
836151
1177887
1227243
1988744
1157331
1472040
319954
495966
991564
695631
1220379
208881
815520
340710
952318
1857045
1548943
1089962
121978
1248525
1821799
1730765
134614
954604
1716741
687681
1173916
832075
577403
1269236
104861
1172351
180847
803415
430775
1692771
1913580
1257579
631408
443091
1264129
1144813
760941
688801
1333093
514557
793967
1127858
706404
674654
360517
1661034
388846
1120691
416628
185554
1610749
649491
1861199
1636253
1808246
1549613
722254
1796607
1371422
703709
1836842
974191
1111457
243240
1471306
977085
246444
1384870
1721544
326588
517583
614336
1966523
1164549
1767934
956873
364751
1455264
781284
409811
1060894
1218015
971100
33211
713790
618636
341248
1438452
1002821
1780862
1677074
990782
957780
770373
319684
194348
1178482
1983035
477504
1570369
662106
1813794
1144882
826716
993537
56238
1881157
1344773
1607505
325259
140348
1833444
1071003
629844
324673
533921
684550
1351800
1455418
1333310
801055
1685066
1308774
317881
364210
1260075
1394812
1594617
1485087
229679
1279718
10883
615857
560775
826243
1892371
1302771
1845710
116754
595340
1577017
344509
1677376
104578
1759218
341876
857206
665829
1466734
230981
1714815
283150
1479486
1477390
502275
57683
772892
1455820
427613
1700037
222235
1806481
946526
420009
198820
506063
937636
923289
1061414
1389751
65900
1501505
1586002
1817419
651561
799965
1922331
803697
1707481
1645075
662113
388750
1802290
130169
1948635
1993590
122629
1050275
1172953
267725
830214
1812986
857637
1693440
1315400
128677
1798597
1450186
904498
1982260
1347533
1665562
1335469
1994665
1809835
1614629
744331
952166
1608868
1298857
137932
635432
1859584
425766
1133493
839217
1516480
1678953
1101969
1298274
1760753
966168
726924
705375
1491872
1695395
929178
1586532
715688
42633
1441655
1684937
1759815
657005
179155
315231
263484
1717044
1059649
1630779
1854252
505945
139802
1788249
534679
1155508
1458508
253396
1884614
1128831
1720411
1844459
396636
1368390
1961418
1394688
1900579
1630088
1221871
1210415
1796971
1869442
524726
1791702
910829
852062
21418
802704
1073071
1715616
6271
1670538
1871296
59496
815920
201614
1767815
312893
1700792
54375
493662
694536
1488677
762472
1362749
1834571
930167
1474935
1583859
331437
1833519
1183034
1052733
1348744
1425228
1154765
1238024
795449
1127584
3279
1635058
646763
37152
329936
67575
1481005
581657
1959808
1231550
334749
172981
913684
24782
1041903
346585
1631003
1339938
152652
1411429
763097
1535695
170972
1515475
1100449
348240
1923381
1417183
1834541
1757109
717898
828666
1674171
1910541
79810
1977110
1511452
411574
1067499
66159
1457198
1700546
1619679
1894000
1378819
1767600
189790
1679585
862980
1160902
1904249
708587
1186496
825633
1432837
1982853
493093
667527
132812
1601080
299961
173579
1414537
1932734
1549819
1011895
868337
511178
910864
1681098
941847
222690
464636
1237168
1692808
1178419
1790179
37616
679084
1708589
819596
1613787
1242952
1312541
807011
431951
30198
789992
1761909
570333
1563342
1614940
726944
685129
265644
480686
500833
1627697
1126466
626497
1342272
1851806
240152
1141442
1375705
1979347
1958334
1756535
307885
1383951
1448836
249380
953729
1468266
671697
485244
1543939
1271153
941753
662862
620712
619676
1028355
1416285
17545
587717
760468
100097
1921768
136353
1593956
1968785
784955
182234
1572346
810724
629138
506014
1155429
1546650
310874
1553241
393561
679299
1437458
1385689
964042
997907
50374
1504517
1969405
1817243
1898849
110221
1418629
1455703
1178725
227505
169447
170948
1513305
1556247
1652977
1868108
927187
617761
904721
521852
1088424
1546299
303102
199465
1297926
212010
1155614
1073399
203519
1000410
111440
907523
1989679
1209437
1577651
1043739
188557
1209305
1673121
462298
313814
76540
1038819
1400953
1623924
1230325
1205289
1993321
1438914
663279
1699313
170948
1721474
351088
297647
349271
1545831
133356
1718649
807990
623360
299353
470145
798623
1114477
831725
1255802
1702477
1304465
228670
1197469
599289
1983020
1809838
1996966
509882
920106
863547
1324935
1901340
281358
1715214
1428053
438429
1020397
936511
1862829
694590
1423175
1454932
520473
370801
463681
1328345
1010392
347630
1655281
1495587
1756798
398868
758212
398463
1374581
411031
1776752
1892818
1997487
1501873
1359182
835908
974981
1692134
1454418
185130
873734
1179581
1213958
351772
1818829
1407541
235278
1685813
1202773
1394534
1138305
1496757
1454267
151986
622438
1786410
267015
1837917
514096
1168503
509519
1947207
1216335
1057383
606194
572504
563749
248585
642533
1580162
601225
838470
394053
798602
385098
621798
670379
1749022
471381
383011
1482371
909425
430370
1074816
183291
284199
10052
1804714
389376
1932178
972723
730683
1387395
99331
1642728
1395860
668370
1494456
233622
1459969
1288575
1634714
236956
734476
1177174
593770
1522147
75800
1010740
27283
134557
241355
1473806
243023
783561
943611
1878578
71479
1350542
1372228
1544780
1569160
1639437
1578379
91722
1494586
168736
427276
1507490
1933804
570880
1520293
1211783
1371188
259638
1346079
1359851
1148150
504697
574887
705357
1412138
1953135
1637064
1579130
1913630
653078
763135
1865392
658731
92459
1322503
357808
1885965
879550
125042
1353773
1334352
1999035
1652071
479404
1983857
1210516
1079180
1950346
260970
610417
1754652
1743957
1923855
436824
1587573
619730
1373533
623044
260670
583812
832587
1778223
792424
1328622
868544
1931800
1970382
1270747
1127844
765357
1036670
1386093
997989
233725
195570
16691
1396653
54025
24696
1595615
1831009
1102188
1123900
1404840
1979160
1270976
35482
1067505
178317
430502
880255
843773
1233336
79036
197211
838753
531296
1227545
1919988
553298
1770444
692643
448910
484639
40052
311744
1756158
702813
1287041
796494
189636
1512320
1222126
1284274
759538
1034216
525474
55201
1086857
962792
687171
1616228
1557603
542518
83506
500244
553743
956868
1079922
899653
1830125
121763
1217729
26411
1317177
1854004
448259
643006
1767116
464266
1467138
470288
1935013
521444
1524439
1981571
66983
1452164
1914502
1771079
647552
1041243
1006590
1391074
747327
979304
1289758
965166
97052
13374
1010216
949289
1292650
99170
1428320
1289211
486289
1244196
1085253
955830
669824
1900093
