14403
1155446
688235
1893363
1643068
1427909
1939302
579860
1148449
1209353
1556592
1288309
129837
868835
988906
1836022
458513
1160219
1946074
1080560
1244477
856944
693373
244489
1977754
1770464
268614
1427365
773495
1949669
1166299
426519
73296
1871036
637943
73663
820223
1587113
1252178
88135
606149
285554
762024
1452456
1358129
768776
651968
1129139
1707187
1740378
843067
31142
903533
1932693
1294074
1384342
1288056
366239
1394364
257186
1960004
1286740
1601633
740112
1381865
1908542
712773
561713
1378381
68617
112993
1256984
1145538
279514
1961187
1686639
1369079
1831412
1142038
1205094
1625695
474848
1348334
1517523
289518
1147529
438028
456055
929575
1533396
134086
1511869
61140
1273254
527097
1994592
1040350
500577
1979389
1618641
564611
1620170
1453500
1736918
1746346
1496978
597435
1154715
723572
691369
346065
1305434
500730
955186
1985178
1077136
1123732
141292
710114
182784
722720
851303
642703
1954890
423349
1020028
1046632
409076
799625
1677885
1968907
1425724
388816
39565
1692509
937602
790029
946204
632910
511991
1406512
672313
1615109
117678
1245884
1023165
1402674
552087
1868894
794730
681738
965151
368474
1879107
1082267
355845
334210
941734
258638
174747
1684913
1111372
1469946
1514954
1341475
68079
1063678
1442307
657120
34394
1197813
1546660
1895269
60271
553152
670982
1355056
916952
1107161
871354
99843
997905
155326
880715
1358471
1100649
147651
1077080
438438
1441646
99253
1557610
1026978
1328494
1682500
1104985
671015
1531858
101102
1551959
1063525
763297
1984641
1932029
840553
1849659
1533443
1870130
1150962
542667
1555208
1084320
103321
1287513
1234199
530100
767226
860195
78686
559566
1945240
111497
919167
1458956
1171871
1385643
1531037
133572
391988
1392358
1391175
1292019
1815037
1281254
1424117
847632
1134994
80263
1303459
1252407
1897386
1584154
993337
1145142
401715
568114
865481
501087
1767699
922221
1140224
1441876
1466297
420525
916986
21268
1206517
529371
1520732
1432052
1514274
256961
1113950
1908960
1592444
1439859
776276
1289920
961514
1581504
714015
79042
1805837
1656428
1374963
613374
1337336
1419604
665909
1678930
1892264
199620
1575014
720483
1486090
1567068
682953
57546
779877
448541
1314588
913382
1779629
608379
895149
913511
46661
393275
637186
467317
1852023
1388515
480580
764749
1542572
1498056
136006
1059473
410782
24242
318914
1643595
1830582
1956110
1595271
75730
122202
829846
837000
758919
339600
257723
76106
610495
1803964
512139
1960970
598859
232077
1249743
1040428
1874670
968220
1378510
127537
1646787
1302345
1713801
665082
333260
719340
179855
356109
362186
1955488
1094779
843061
1065242
1334372
1452043
129251
1495627
351544
587636
1032055
798897
1997271
380078
607365
802141
1496737
577198
88472
1326175
897387
1180826
880798
462230
1761082
1684013
226069
1926844
166269
126092
891137
1371196
1447984
355631
931845
1591038
607589
340025
1289650
229229
683746
1168091
1745406
916089
653626
1524352
1318942
135770
975943
226128
117054
1028153
181687
1104453
981427
1625274
527542
1847034
426332
757406
1094671
443995
510737
837771
1567595
57192
1715161
1530845
665787
1763022
718015
199671
1191338
905688
543041
832270
38492
71007
416083
452094
1267148
35658
1431222
1689936
1189661
993383
362518
1697455
903958
809287
169558
1673326
199116
1516707
662534
1655005
849540
2529
63875
1174227
1622793
1765502
461822
268444
402914
1941484
1507099
685761
1952603
1352217
774270
170501
1042226
1997226
49754
768415
1686721
1359028
7181
798137
815336
1450532
691362
837260
1694802
447799
573797
682885
1472081
330256
1791751
129565
721892
1784453
961980
70737
1941360
496041
1978980
850048
663501
361965
982901
587134
37040
983135
471354
1849489
795165
1990051
893340
1480481
844115
890804
1364054
404203
1768432
1527458
1302739
443376
301273
1766952
1128952
1036452
708082
1931978
738509
974746
1917935
1815417
186222
1173812
1335004
816976
411434
1912214
158070
1849898
918929
1078659
1475733
1582428
552599
1609221
1340710
1287823
729798
1568087
1273458
1334890
411412
1343940
174312
128556
144797
1885771
145581
1592609
1358449
1393652
573305
18942
221501
183665
859507
544481
404559
1361010
1067242
1109538
1831466
1225682
1023790
341549
1165201
350654
215911
1054589
4439
759954
238580
903565
1901509
906075
1985495
1814079
50465
739842
1759807
1937796
558772
1877348
1811149
31489
759059
1005187
65030
1116842
24265
563172
1212877
139162
117141
1493732
521784
261981
107024
627134
1039866
1061660
1823064
52784
364281
1591521
951142
411758
203086
1219781
1877169
1171766
290255
1147925
1446386
857517
307530
28130
1959557
1106921
1029974
681225
305175
89544
785056
474039
1134467
650538
683821
1629617
1289340
195813
782186
1796539
983610
848719
1826277
1151969
1037923
1790999
1951695
345000
457766
1805732
1018757
1806707
969364
237916
666634
1292261
97673
1597137
31010
471029
936684
1679633
908088
269987
1088199
1762896
1471819
1180418
782311
427768
1704858
22221
1218560
1722694
1322998
1941687
1366241
1557325
1006931
400691
1820809
667160
1965101
1064253
451688
1723266
1323923
43040
733296
1712956
350139
364954
306186
1992680
179279
1154866
1979995
1714086
1461672
1343648
519564
1947266
1792595
1970788
781213
1329429
1992236
1140849
186144
1406994
1633801
348072
537384
1160305
1480641
804787
1786847
984322
344152
1298410
333494
1993079
803258
336434
408940
33966
647254
892629
479650
1809730
1709306
857672
1879099
1874145
1644521
1318471
330937
1356857
1799635
1079932
1005678
152849
575958
1719303
1800389
971956
1928473
888927
1461616
59583
1747066
343061
665838
1815198
333685
1490681
595081
1690987
1342007
1441115
1359151
719981
925592
1044585
1577001
764597
278062
1014694
147565
1974616
9919
504496
142645
921997
1644937
1061237
1743358
1112518
904857
1456640
1967277
371867
1550740
992104
554602
829075
1486763
529158
1205457
390516
1446483
1280534
1120751
1144673
422612
1088218
680430
1840351
153382
1495108
493899
537713
140144
332994
532966
1053710
1746559
205510
489395
1324317
740580
14290
379214
1910697
1055605
1755749
799404
1533036
1735568
1436856
674855
431325
1391528
368166
1453627
185438
381356
964514
396324
1345620
976186
298620
756802
95498
1656685
957324
21989
1114089
1815201
1654784
902071
366410
1480540
518756
8734
373827
966764
1519332
1151327
1809043
66788
94095
146165
1903320
419239
1491900
504160
1191160
1295592
989459
1672158
24941
80985
813507
90218
1532086
1118926
1199568
1599727
650500
1080240
1371181
1697535
1753287
1185341
1524150
1142647
1190385
339016
1562968
756748
1098147
449639
1615745
1387384
1602116
1158869
1637076
899091
84743
1762703
937972
1887024
1260293
344417
1243427
266553
222667
1151279
1977256
625230
1540123
1290986
1720127
1232956
601775
1598188
747159
781848
1078181
1569641
921083
1236586
636791
1328096
483239
1563039
1497307
376063
836419
1551324
268904
243072
681303
153692
555739
1714574
435003
820405
1772125
1667934
1837536
324769
337388
172428
590680
1733854
508099
781860
752600
1699627
1583407
1816953
1478027
498541
1814120
131897
271816
1351085
633880
1816636
877813
1810656
1268857
1190991
876717
1083514
305535
579728
529031
1095863
1620360
1203797
572896
922078
1503432
1107415
400476
175809
1337332
906879
1506053
1592722
11029
1567040
1438358
1661220
1773013
1677391
913931
126585
1577031
980124
1834612
1312108
521700
1743571
501888
1558911
514673
544714
522927
1885905
1466565
198972
147918
1243267
1312717
1153522
1919258
1818955
178732
14152
1741233
1348349
1470043
1685117
983852
1852512
1976300
977327
1080297
137173
1672888
360351
526565
1712000
1718944
667448
1444874
950723
1657862
646348
1168676
1182137
1077293
950897
419737
1068049
1708429
307528
602522
983224
412303
261828
275953
1176312
468587
82238
1904631
1901723
1109041
491206
1544704
160731
1800611
967259
916175
390459
568273
563154
455482
809348
1752039
232695
1070584
1810972
1172298
530346
377617
527014
1572505
768453
1237842
1201501
541576
980466
1606375
553589
1935846
586107
1970616
144019
232765
828585
1024491
1811623
473202
912204
467390
603685
878893
1494585
773999
1621065
574281
129961
1715375
126700
1209553
734264
634631
1970146
760844
1606091
586201
997198
555350
1314868
710982
430159
1402682
513746
1623918
679044
921530
507015
800035
714930
67130
1633895
490282
949801
1539233
1131115
966238
621958
802501
787083
58182
1948434
1685966
1819435
1067681
1345605
570652
1605017
320332
1838028
1691062
1112794
1220440
1931256
195121
194852
1798815
516499
1712142
1557350
1857620
1937459
1678226
1953227
1827124
738732
1093504
443320
1682341
769214
462404
1165581
1548592
938257
1554322
1878109
408987
218945
261047
1144605
1030991
1379886
1297828
607161
2499
1368347
223270
1074760
1589001
1021533
715719
396474
893596
1688753
1368859
1337527
1574350
840022
1828696
198591
1431470
688354
543731
640279
340375
1896109
649182
457175
1839399
877782
1626736
1331909
413925
1852767
1598856
196728
1725783
636207
466769
500735
1263675
1582048
1434788
586380
1895075
1188862
469961
766491
334122
1696841
1906665
1238343
1696495
1483242
1115701
1306656
1503972
689279
1875507
1726055
424806
1013119
363637
560048
1706690
1791145
321540
197971
1993449
1613945
640712
6221
750304
877651
1141628
389758
539702
1513855
1868092
1759105
1124967
186618
1007590
1825116
1621486
390215
181085
377902
1893552
925539
1855773
1453846
613314
541543
1715582
797756
1340248
1314480
358363
849014
1551202
159770
612289
1565186
595049
1835370
1304550
1272175
1585523
1426071
200617
1774698
778788
837226
1587119
675831
1145900
147331
1689075
1228229
362436
1853449
1256588
1265204
1361619
1403048
307366
330181
1574556
393097
1233812
593126
437071
1108550
923992
783778
1023648
1134727
1440593
1274097
1993797
1829727
1871721
1641123
1502987
1913696
1932633
1868074
1462137
320278
100219
688179
508729
1747068
1944409
840175
301105
439574
772198
1072300
478484
394137
1200907
1548206
555538
1967947
1199125
10638
666283
40775
1304756
1557884
1832696
1749846
855198
1980498
838195
1575800
143161
1900452
1881701
1741116
783301
1070881
512498
1135715
1934678
1024018
1818408
1585513
579765
1635088
393717
1022038
881857
612344
391062
1374471
1916266
1254964
947163
1582639
266027
1656494
1015359
1881526
1409948
733238
1642070
7715
748057
99082
740937
535694
1171709
1530415
1904160
1075022
1794990
1789705
543804
1458024
1946537
363622
453351
646517
391944
1029121
371978
1776931
1046821
50143
478959
1136151
177432
1166500
804737
1340737
1197132
248320
50017
205544
1799883
1966982
1469995
1665803
776957
682853
1379867
162788
1100082
687741
498461
1850627
69994
1513457
1550859
1553717
1209941
311747
383672
1770612
176592
1549483
1326904
1606964
1638905
522533
1215724
314099
1697106
970688
1468210
219440
1219071
1534339
131013
1188903
331696
766387
157621
1664608
1013955
157247
1890705
1051201
968299
481151
1154183
1432319
65043
1639366
1202066
1109395
291694
533279
1306462
1877568
1819016
980499
995493
515226
740006
505316
1492396
515211
1721989
345427
250678
71647
1732026
1791958
1386683
90200
65433
546564
1448917
232800
931375
143485
1263814
668839
891292
776099
1664714
796082
445236
267983
1463187
282751
448861
1572448
222129
672335
1628592
316707
1949347
1055911
1671614
1017455
1299310
1440438
63808
947889
1649585
1343289
1354714
1074299
281979
1329035
261754
1822588
1702717
576228
208578
893465
258192
1139035
549574
956547
1676281
76183
941488
416617
543372
655133
334579
1934699
107960
248528
920798
832157
490045
554046
911106
537825
26520
1865731
1109258
1791113
1920010
903598
1873475
873688
151336
663829
1101760
1054165
402275
1411788
236480
21363
1941034
1469813
586644
1792852
746542
923700
540962
1618753
1681309
1572643
934669
785419
640400
1223579
274441
1607932
1948510
520474
1457625
820081
803667
1218963
1967752
1704687
1398349
79150
1247433
526804
1956036
789460
587572
549765
350386
1744603
1400151
1257481
472235
433734
988149
836240
1335984
302558
1240473
1888075
1280556
1529626
66975
1832550
1188922
1296902
1788011
1565251
665614
1294288
1628274
112538
1720289
353926
804978
1818369
1229216
530139
1558151
1380914
657692
1914549
1864285
1321253
1366854
1493699
282585
1095064
1576364
270847
1955380
879059
88930
248259
531087
670382
1239432
694497
1641911
283585
1948582
388773
318741
382017
645513
1179358
1850587
979937
8523
241526
1969086
1394182
1257102
654749
1869585
154423
85331
519853
1176407
474302
1842503
1709050
1346142
617842
1583543
802072
359502
957396
1247628
531590
93302
1986514
88275
542768
281733
646488
546341
1093739
647100
534887
1138213
286054
1079451
624280
1951524
1188746
292444
161411
1140434
1244308
753781
658053
1245292
1845586
1562585
373811
1017314
1916203
141984
1125405
375220
667976
754016
530367
1434229
1593345
73204
270391
438333
292750
22148
314886
746357
261572
1212902
1597148
296550
1983359
1585525
1748881
93753
1493272
1480048
1762017
1007315
1519718
1912118
980002
264362
1228091
1997757
208305
112734
1782350
968572
1039534
1533153
1076013
892619
1961837
1125993
1308833
921973
1974329
1024110
95500
1845064
1119911
1399359
837179
1227133
1321063
1005406
1442838
1795981
477920
990097
46173
708512
1481903
826962
1202048
1307696
1008896
835398
1767624
1447611
462242
1086698
927335
952075
1967164
1931593
1067452
1964923
229495
593928
1935645
420266
1992402
1333056
1949224
959278
1966973
1059345
1112800
1097756
241168
1669189
9637
1622348
302882
445716
1416848
571509
1211378
1408455
884334
1919281
371239
1826947
10095
191650
1707717
1530560
1590422
1758744
1652039
1922694
181767
1391220
959408
1553811
465247
553643
860739
818340
63431
1011257
1205723
147813
1264342
1765736
25534
1230278
742087
57924
1403092
368693
1954102
501820
657358
1295077
509257
1588875
824949
1348184
720820
910426
1667412
1216264
1030613
1482110
193682
1007663
356176
902912
1195504
788680
1490094
998158
622528
627440
576714
396631
1285817
1482805
1926668
1214142
1683145
915654
291171
1719793
591934
1536709
219405
508471
1094346
902610
188851
401594
1256409
1730572
625742
39194
1270690
553398
1288234
1778956
988088
807243
827831
682145
780875
86216
573157
827940
1750372
1752703
1222823
565008
1320095
644024
1241149
257629
1573972
1026794
1049112
583122
402237
392017
152354
268654
1595974
906842
691210
548640
1326531
941571
662397
658768
159817
1495758
546146
795268
1875357
530551
1433631
761689
107155
876020
955453
1685868
1074174
1627498
136124
1089181
879619
1719070
1067371
575267
685007
351033
714433
1511389
1457923
423349
439479
572375
284767
1841540
1205175
8680
1280068
1753996
594379
1714615
867842
1362600
809098
123751
162831
1539869
983199
1060180
1493039
1215738
646364
1088483
405999
1479259
1361398
1466014
1987756
1411310
1654066
1863072
309786
28651
712071
1216890
997714
466960
1448002
1913157
771650
1289954
358488
405703
912897
996385
1037381
1109409
307879
59756
45136
1636266
1675351
1477167
392870
308607
1166495
371382
1775680
1142041
1124258
294558
849667
463928
1284723
1739787
1559317
1600988
1985607
1108202
826986
222498
1812070
1863695
350961
182762
90370
239346
1148856
1535367
729050
1788438
1722698
1784561
1768295
328830
969013
1223946
1147108
943868
1588462
1266581
817535
1026013
1652605
268448
477271
656899
1762946
1228472
1835051
1805480
825191
717936
718662
408729
1839973
64638
990461
1903002
1942378
725871
419432
351374
1054920
430531
1459730
668522
1086769
25387
1004125
30246
194723
1176142
862327
1531073
1086951
1071753
660637
1021177
1159634
1057201
1060235
1081753
907385
1302350
312331
424587
627798
1633157
1720961
1062019
309313
169838
1966943
207946
533639
1058687
377402
766296
884333
616094
314819
42002
1169897
1682915
959548
1722107
1023730
1541739
1936477
1563995
1355515
1172161
1734380
1732245
778349
536254
466568
1045567
1377529
197465
1543825
1333069
767189
1329717
249678
189092
1716996
494929
1435377
1254595
243849
761899
625636
1027039
906692
238106
1020896
1021665
1731005
248334
1632014
189778
676759
299749
6438
1250668
545801
451828
1989648
683834
346276
1027557
284459
1525739
512469
767958
1698242
450779
998188
459506
566481
836453
945010
1352052
538995
1247178
745252
1796356
450294
886669
538431
1940267
190674
1177670
1594708
1306633
1487801
616074
604473
681415
200690
1357359
811518
383911
696786
1845153
310752
508395
1692061
244581
560622
471739
1425213
1376506
558439
723421
700717
1799586
1680434
592594
262683
1094646
1332024
1526154
943807
1302838
652177
174134
892480
193014
1831844
1580807
733396
1404235
1031465
615525
1040049
483767
1362454
286776
1250121
578150
169270
1504460
1338413
1848030
822730
1754039
679166
1845133
1356611
737673
1198121
1589814
554757
1900365
1734111
41046
231705
935145
1068725
1143296
1756346
33786
532840
1813840
1617862
800291
1527109
1638304
771381
1925851
338813
832952
1219082
1888851
818947
1726988
588045
317994
1298869
1046540
1953467
487031
311823
131915
462093
1340602
636555
1199373
1009555
1977688
1127056
1520551
1968799
1350221
963513
924641
537499
1731770
138887
220152
563548
589833
1106990
755910
1953164
386826
1146826
1347245
1863960
707314
319342
1109172
104159
1407074
926772
841445
1828768
1555452
1474817
1109298
279460
1393284
36868
908171
33519
1761886
1520554
1375589
1989714
894276
866112
1532786
1850840
37192
1960897
460799
1142803
301458
1196283
106932
59332
600987
50619
610341
1835188
502226
1195792
1176737
455865
90390
225768
1450231
1179723
1640025
1001324
1527186
1894406
1257924
592807
1988912
837613
1063769
864970
1139299
1130503
787655
1279681
1414816
261137
270648
1414356
1736226
297935
73399
905148
1624088
926348
1837931
1222838
1332052
1849105
829872
1333041
557857
529409
1544008
1172550
1201311
1276849
1381863
1082101
842645
1091570
1248136
1191795
501844
474251
1703517
1390562
573530
771494
244279
1739758
688679
1924214
695985
1413267
1045969
866057
1579745
1580153
1235354
1415788
479898
1452286
1541104
940531
1349530
1200524
1396349
672584
1376585
1694545
794430
1606644
1067092
1421642
694049
851902
1699898
1011981
473926
228408
951714
1479228
417706
731765
45401
1342943
1016333
1692890
794600
741056
823680
367459
449748
862626
305212
1950299
432533
1819656
891352
238361
1152723
1965464
1115650
797649
1048947
413107
501979
1426516
588298
1406587
165749
281990
1502632
708574
325921
232752
1958597
1192194
611973
183802
1112327
1869235
1596010
1100007
538578
1475258
1844887
1496832
198952
595686
438030
1951577
170452
1866013
1450178
349588
1111906
1607592
1125395
1851731
1031895
1108266
1326758
354910
1371061
1322076
1930587
1903231
1729963
578424
474052
1713663
1365196
1623629
70829
463782
1714374
1362820
1273612
377088
1880471
339904
938308
1310800
542270
1512101
3903
1185404
735250
1272479
1319840
1003670
2482
1388479
660577
2368
1270548
609466
717592
127515
889030
129491
41579
713304
1418091
747309
355030
603034
541494
1517299
460502
833422
173459
1290896
544214
1087506
761158
1154290
1017149
1429138
1690227
524703
221952
1156089
1785920
1373778
725226
916675
1875244
764001
1267638
850345
1705144
115002
1837926
175658
519316
1461929
548664
1914121
1736613
1128878
1584029
607980
440639
162294
95400
1171561
565139
1146259
461257
1694592
490511
584656
1338073
27355
1391376
51704
876203
157123
524632
586297
484171
1482520
1770095
1567257
719280
1106334
121407
1731413
352411
1091561
67911
1926911
234271
114693
737190
347393
1952014
1100486
68025
1145312
1844878
915313
1539129
134932
1772297
857579
1859738
1344457
143974
153100
1902591
1855466
1337302
1726973
200693
741489
1799388
286812
268900
1250372
933844
1581631
159203
1038856
250894
1944667
1126328
820893
749261
1986540
833720
557792
1705528
682202
732049
1167212
481444
485867
207157
1552685
1651249
214503
872901
393608
1585153
1544462
438224
326216
1676101
447274
1831192
840888
1265113
159841
1905849
239049
1065987
176416
1847943
229573
871429
968969
1682158
515750
1114529
501230
1344335
598198
1956195
1169913
1047970
1345938
1027445
62795
1643430
1887936
1690044
266957
1831777
212129
553209
1502883
489721
1547870
1667210
1054118
314429
116382
703277
1675585
698039
1279752
571528
608428
649169
462759
97772
1224280
1318137
1043575
1111849
82760
1274497
160433
1939950
1847136
1537777
1692354
1006588
236595
1554473
1213650
1794790
623337
690143
1472440
902723
1265654
1336877
870855
1168998
1726735
1431550
282245
489624
1330931
930266
1349208
1211387
1551369
1356932
832360
129119
824654
1244975
993400
86437
1097863
450822
1372305
197290
1221323
734542
322308
1062152
1136224
994507
483213
473464
706331
358653
1600560
1160864
1723159
875963
1459422
1188599
681448
127911
114712
852991
1091221
128195
355812
1644517
946776
1208730
1349293
153030
648623
1416775
968844
489182
1969695
1739715
243947
1737214
993823
586137
1919206
486032
1152717
386255
1647136
830380
888170
728897
1956908
1279280
187597
1539328
1314719
664862
1891751
634525
1987011
714493
1589017
1164832
1346165
760928
698248
1750681
1498780
474972
507536
1178467
488202
347501
1019225
35012
1314642
1142560
1085815
441979
258931
1934622
1348461
331036
775315
95146
109900
628312
1275459
1025300
1800511
132886
621801
1767800
1396453
745785
1929584
703145
440052
585682
1641715
858388
968832
1306651
1896528
835033
58735
1361676
1473316
987597
1464019
845804
622114
873564
608957
1963577
614495
1471525
303042
668389
1201730
257268
151513
758659
838777
1739205
1084841
1564483
876276
1953123
1696657
1837852
374257
1775997
948126
1458454
1247528
416068
188480
1436180
669075
1011600
570429
715111
922195
1634083
363294
762799
532865
609110
378280
1156541
1190629
1274775
803155
432162
1308958
13903
1187382
1883036
318355
488562
1377246
1158294
1557158
1935191
1610807
1564456
1205776
1684195
63836
497331
251735
59809
1313301
1235472
615894
1292655
402248
1132459
1921087
1967413
1276318
365153
1533017
380959
658368
1703457
1822634
307710
453330
1415438
1060043
1831592
1924217
660067
1766034
1510524
1787513
690433
467483
572937
128128
1356975
821656
173172
1153448
1652842
420891
383705
1919558
305463
559484
1925357
699991
1678709
1014115
1033294
1050112
1984666
489013
1976852
179586
1995732
1053382
1250628
183366
1999470
573857
349410
1950933
1303555
308098
1062117
1267481
559025
1633453
1026895
1459334
1285996
1780677
1694048
780487
923292
805774
40342
1969787
1146319
878411
1653745
1696632
283920
1386192
146681
1654075
1785398
1815063
1874727
1607372
125377
1499794
1277168
1246159
747318
245841
1257681
722906
1791223
164387
1376373
1277630
123398
1652879
1799765
1911130
696371
1677176
271318
928497
1455355
1984577
1596598
535330
1650302
95669
317934
132312
1593826
583184
1370727
717560
900243
1836708
1899917
31488
188076
1296789
19493
1759766
1760302
874998
1182311
551843
1104673
717161
1368
593904
989492
1087212
372168
1264066
96239
678897
1082591
402940
1740743
65217
1307857
884686
694945
1833889
1884654
42606
1206189
1439593
341533
1044493
388503
323101
1127963
1589897
772682
1350457
67930
743716
1962124
1334324
192661
1822945
398356
856039
1434161
1146900
97088
1424603
326343
738542
1233028
445470
646832
1644324
1097061
427268
1207729
17302
1128323
1299791
212176
1577675
1615132
826515
1783232
578677
965627
1971126
1510504
1393492
1346768
491015
1660286
743855
210240
1836241
327238
453463
660394
674439
697160
56883
1891481
1509917
1188490
329404
690773
20745
795747
440655
1226038
1785886
1460050
1380690
88801
1524405
37950
96018
934875
1547942
1562148
897248
1744573
1457565
1343644
1021789
814774
536764
1626815
1637734
847183
1448968
334915
1215924
1861107
1259784
1786136
353341
1378183
75378
984975
675388
1761415
1386790
1852907
1192200
198917
1309928
162510
327956
973444
226180
242669
154626
26042
620886
1382493
102301
845823
629594
1462945
1211677
1123511
1200452
1852760
1226623
1038123
1141155
1080548
461536
1700628
1186456
1406994
1766286
1213689
1723157
603520
350069
905258
1150582
1852058
1655988
906789
733372
476426
1940548
979980
1076847
1040579
1760060
524396
1830051
1070911
1702524
1204871
738156
603316
182271
1876484
735533
1611682
865077
1730674
1771427
1626207
1269180
1627367
298360
652424
656204
1433286
1224776
1875513
655
1162711
630637
277540
839524
479964
1601910
771749
882601
1772040
903952
1233886
682653
1677484
1156961
1268413
264988
465521
411574
1681428
1234574
1746463
1816386
574734
6539
1117169
1303912
1556008
221458
1465637
166051
470551
856643
164722
65507
1813929
642932
356512
1229270
1403164
1373611
1705787
1575401
733824
1647330
1275374
1156580
152468
1897862
21601
125704
996562
325214
326922
1561601
1656640
1752028
1776564
949667
1327300
728394
1375529
1208511
414557
224078
528746
1972965
200433
676622
1634678
799116
757579
33627
1661250
1578406
1644646
492669
1287165
923085
1098297
1776340
1729748
1635849
1623736
1245588
1418655
1939856
745420
445077
717330
737585
1792491
1670054
894722
233627
341460
1698485
854342
428503
59797
208174
606017
838131
749290
1842207
958471
388442
1612518
159063
281226
449427
454896
835064
1782255
162900
791336
1724130
666449
930938
195198
1998570
1036705
1572743
1290965
656177
738845
577878
445848
1728788
652162
1155462
673673
1736704
1062216
315237
1293919
1555014
1652028
1907901
837529
1335567
1284984
352438
785477
192972
1123789
62180
317997
1510759
1280616
1536965
149153
1059015
1065067
1465810
492824
648855
1312875
659862
419132
794164
205071
1662096
1842657
365971
655211
975900
1695186
377000
1590001
386783
1801550
1880959
740122
1381959
1038082
89250
462053
998411
1574457
1416408
511205
1517990
52885
1798242
365118
1952186
1901390
301565
499811
1482730
811268
1834632
1882046
732979
1709910
281416
972145
1885931
1427615
1172206
505800
1210413
1948778
167575
430418
1346263
25691
742862
1246776
1880993
202792
1633888
1120152
792699
496936
1556768
468165
805523
10213
1713439
1508669
1597569
916949
1047230
97909
1881922
843297
1334914
721098
1670045
1133116
384031
404137
627300
621211
569533
1139746
1890220
1537739
298870
764230
366967
1181266
1937302
1359162
1387706
798867
1344187
1722754
1781422
1407943
1514456
765687
785343
584884
1509895
1304240
1386826
942711
1135630
1113080
1764288
1816262
1012229
1493018
1089004
385469
943005
610053
265078
73269
1344805
1108059
1187061
705137
1227964
813093
643463
1600542
804699
1469080
932204
601663
1974747
1860487
1282328
472685
722234
657068
837680
388049
1891851
254624
393501
412081
722985
47754
1601145
1845251
1870181
1273249
814564
1868800
672375
1426508
211767
202460
869683
1395845
965566
406738
1064693
1704811
40161
1292229
1354114
1097762
1277086
1104076
591460
365129
174130
1654200
396929
49742
586178
1914974
1892454
112603
131280
84563
949907
424044
1518164
228226
1192310
1447425
877083
673214
919215
1415176
1041254
1989796
1623420
1866920
1588563
299320
1278308
399008
610841
121376
974391
354544
663513
1384121
914201
1051744
72719
1568342
1019271
158101
285730
942255
129669
143556
1561170
1628475
1552510
1881483
1940764
285393
12927
1672802
629042
535858
1263149
850036
162449
1963436
262647
9605
956658
389019
374912
1387181
1514787
1113449
1201711
1927213
686811
488991
395827
143120
1989277
1462078
1230942
1344330
1836592
47400
1713692
1328921
671905
700769
367467
1489341
737490
141946
835298
960953
801630
499611
844378
481556
105826
987975
1319976
1586813
1648949
1239157
330506
1278621
1313971
529164
1938946
1086605
839336
1750648
796293
385165
805348
1208197
1066286
207421
1908478
1116944
1015262
1333762
51207
337335
41485
1062454
1188174
1198412
1167553
1882794
1272538
343448
55672
98489
1099472
441185
1637274
754395
1318954
1665569
1095340
1305883
1070362
561926
1923331
613000
1405403
1910746
296736
1878661
38279
1892731
1813655
647563
1289850
160482
1904156
422874
985399
1520856
1468850
819290
607248
716705
1821687
700334
1321403
1744698
468228
1068059
1407524
1281117
41804
733624
749691
706757
1308967
1249696
339657
1078153
508163
816048
1130313
1801280
315680
1177055
864193
559521
915815
1042985
213316
385513
682216
1538665
44694
1260603
1907222
752898
931770
1553281
1537042
483050
1182971
1617175
681742
1665401
281466
1914082
1490003
42376
74992
1505486
867552
662167
188824
1229039
1122133
1350761
835759
1924019
1817422
217444
682916
1328123
860844
1664299
834766
16213
182903
1874246
696337
11836
538433
1049399
266142
1893728
467160
700639
1506326
482820
1130550
1646630
1698866
1126866
444933
146816
35430
1358782
925231
650778
1954157
1067156
1843598
175077
1321664
1324066
1176377
1666301
1296105
1179326
1896605
314150
1882903
916702
1523119
1692071
1882116
1242990
1757402
714793
1648704
109536
914103
1334639
1478694
1900846
630584
535232
1438113
14808
1580063
616921
101540
1812667
361241
1709239
227761
1857650
782037
1782026
566072
1792388
991840
1449987
1981933
1172599
1315514
1521427
1419589
1499617
457883
1081123
1212697
1354874
379743
1991461
1602611
969309
361334
369449
340192
1412741
1420680
1201858
214112
1441331
1695712
757813
1262030
1637845
1655541
1379337
900722
1676218
1825959
1795781
708928
414702
1711520
888920
1742575
1269301
100060
1623540
1259118
1853570
428599
1287574
1263665
964846
309628
59278
136603
882700
1603996
777089
131936
1259108
211390
563367
332898
3493
1571951
1578353
389479
917350
1050195
543282
943773
659836
1786596
646130
592168
137178
247329
147494
1525378
114880
459972
486827
1329217
191271
817687
1945583
864126
487258
1110536
816003
1697103
270065
1604970
1241728
1942683
727439
1985006
609875
1061719
1906710
740734
693361
1591769
1337243
1011088
366493
1801113
839660
1418516
384007
1759215
965162
573781
160641
757555
682213
1538601
904483
1030270
606595
1726616
1670359
210574
795676
250311
699613
172770
1381739
1337208
1549451
913907
742846
1533906
942495
1363338
128500
1911173
1090437
1290918
1254625
989645
860869
24694
1349421
1695414
650226
1697971
1852079
1441116
154885
226111
474566
1215017
28092
1379774
1668699
1469285
1072308
1014547
976701
357572
1575065
1467778
774096
1283215
1967577
440960
1582930
1328173
1980513
1639887
1429032
1635196
299208
946356
1682286
794259
1318085
944066
1479580
529430
1942554
227795
278813
83164
816723
738909
754359
1686111
1249363
1990359
65640
1630860
351973
1620650
700050
1248740
610322
1959694
1937003
1986535
951977
312824
1772591
419560
1744205
1373432
1646365
235165
683950
1568963
1724342
1656625
1315277
262874
624457
1852189
1413302
1461459
206677
1513865
395623
343228
1547752
514581
1922132
1788615
1716886
1811191
1993167
166904
1310287
47670
1981847
51022
722492
392594
1842137
1903326
876527
1777139
652176
1968212
1051991
729945
939161
640948
1645914
479808
1818969
232709
549862
425834
997848
110991
1406209
173187
1464291
944551
246214
1842533
1332201
290685
858082
1484887
354077
193542
436338
1683547
894925
1193651
1092599
1225535
1743049
60308
885308
1823416
434828
38554
1551921
416977
1122445
814559
855632
376676
400373
1023601
217868
383401
97103
148619
780175
571946
1548288
1994311
777369
981854
964385
327013
1736654
1501199
1784431
1301755
1240913
62949
1929280
27817
1027097
1334999
204116
1840165
1461652
627003
1795593
1518291
1172933
774127
887010
769664
1063344
418476
189147
429402
1927352
1050044
75601
347929
197038
1243156
1827350
903659
1938847
1865490
1874158
820751
410593
520364
1623811
708990
1838576
1289498
230524
1025112
797599
1727330
1372268
1899931
694427
553296
1682592
194853
766987
1250665
1241695
1870770
213151
1515446
1964320
1722183
1339799
117504
1802011
1752187
1981430
156145
1220719
1569223
472311
542980
346599
1251807
554403
1212820
1614230
957189
1556498
1343976
865511
393984
68693
401075
1752957
631835
676207
1284616
70723
376984
1158075
442169
608776
967563
808463
1181150
1975068
84381
1996706
1405435
1211111
410896
147692
644478
249780
61036
1829086
741336
675292
891519
409937
677328
519297
1687403
348343
336348
338376
1404076
36475
303606
800387
217339
1340529
27428
1744872
304894
971994
1039620
587153
892145
1672956
1961904
412135
1652923
601448
1042522
506320
1185505
1007462
247835
1932809
1270519
1602480
585161
44763
1360882
396512
199755
581066
323877
501178
866840
777556
64623
113267
1321350
1714675
696591
1583268
1893963
1118818
1709177
181936
319442
1373580
151687
86943
1013074
104858
646804
953463
672986
316760
971657
1958748
1366136
1217359
821764
204946
1936160
319613
94491
296461
1160054
1221574
573191
483774
419108
665659
1365569
350787
1881543
1469134
1806960
1735506
771988
1267213
258744
833953
744408
756403
1951843
127646
1115499
1892543
1298140
1375997
261901
1625759
674316
1597712
481383
817225
1936931
757884
400245
1975313
1824757
1757997
433566
47938
1630851
1898480
713963
863873
214503
1174010
1019597
547988
913188
1568260
1363389
952565
26041
1374727
1937878
316599
774600
1358448
1331712
1894475
302862
824056
178403
1028452
1290961
1797075
1722500
1443664
1540068
290231
1204689
1728531
159434
1256624
246685
665911
833214
1693751
319966
1713022
40634
846035
953330
555373
1705035
456012
1673189
543404
1394489
1633209
1245096
991062
551487
1651020
746708
233811
1525318
1632394
28111
1074906
931049
1128168
172728
944524
1587248
1109060
730857
1918883
675893
1582961
640878
833336
1433275
388432
281477
1008830
1966986
1615251
714351
208579
1745886
228295
375191
1187007
108071
978872
1149613
1489683
13615
666503
265418
925889
1844756
132673
853488
1607686
940843
1528684
1599686
1396503
756894
1917679
1427160
88339
1985339
1649553
985216
1782170
1846143
117733
1826187
1314565
65024
1892362
747786
422360
1596045
852114
530111
1651917
142839
87328
47668
1526031
508090
1883386
404172
1049241
1495904
1576092
812806
290788
787244
1506998
394935
615053
573840
1386380
733157
653152
56010
1572200
1944568
1968388
454969
1669599
1622645
561618
820467
9306
202614
970869
878151
1609224
1537713
1200934
95340
283687
442905
686365
296024
14164
588272
1679914
1799117
395714
346944
1064392
138643
242988
1089988
547667
35808
1207019
730416
950087
1219263
106207
939599
145326
1223191
1293819
521730
1099689
1568929
1558095
1756377
1868985
1510331
1371316
495998
9217
1387899
1381047
1731265
44282
779989
1373347
413671
337142
612745
1274396
1077110
374517
1966404
1533666
1827043
1900260
447378
1919124
947782
1854900
66827
1557500
988412
1268498
1510395
1898635
381636
1168710
891588
683045
1650722
1555996
717466
630110
1574234
1918010
894796
1050642
103691
669880
233358
111509
648001
537370
1083125
1868257
443708
1533260
357768
783371
1739718
1982785
1769437
386006
1568268
943451
1544394
1064046
1306474
1860275
1127872
612266
711601
1446805
1031999
5216
1341856
471822
1401825
1814858
1514427
728374
439555
767318
853375
1130265
1503242
1299435
622942
1227849
682866
495907
141761
1401802
165434
260554
1951341
704867
74460
5551
1064199
1945668
1050780
307905
970119
1626784
1713814
1351821
1117691
1549115
436332
1851284
1813183
175376
158718
1084872
1437820
1922326
473092
1903750
847209
30966
1693113
1015924
1693022
884621
560902
1353747
1985571
1351832
909370
915530
820295
759620
1994276
1377027
1537019
1290734
1762414
606861
1128648
1113918
1583100
1231887
1299661
1102024
1321915
1905538
491399
1952298
621744
1873409
214598
951668
1368413
54754
1874325
1783594
800543
1459579
1068123
1641836
257570
1789673
544643
1490890
1217389
1514799
854414
479036
1013855
127528
227769
841509
644867
1955282
980575
852871
413999
644856
388881
269027
1021707
216954
754925
387261
1589284
1725500
828497
1823698
1600299
600656
995262
1911514
935378
1456881
1141387
908821
1271622
161384
1344088
1016488
389831
1032997
1170829
1600229
1966777
1995865
74996
266543
1061800
711053
962266
277320
1068218
693275
1442645
961541
281098
854975
817267
160580
1395809
1994825
276887
770272
600368
110935
820733
1803428
321205
498209
794987
1309477
601480
884831
243095
798672
1607759
1204020
68362
299832
706685
308286
35397
1916954
1045341
906460
583141
518449
426247
310037
637886
1419337
1124042
794233
1823081
1012879
1662649
1757889
1904369
1119407
1651785
528393
1308704
578791
943887
1297592
718372
1172854
1575712
546028
1349531
1691210
1169217
950268
1413458
571324
1261790
285863
1616125
705846
653041
527796
1111509
1381546
409380
1497572
1940253
1670931
1452101
715673
234057
1311039
753164
384709
1294204
1749199
1102362
862605
542356
538155
838142
26513
1658142
1106587
975289
611768
1922750
828069
212691
1978515
651565
494470
1907620
613806
928268
1342822
455573
1259577
685270
1313812
1048888
701567
281483
1611911
103111
1351380
1886152
1255624
566113
448163
1012254
1090941
1161115
1118339
1315493
881979
1536206
759544
1519539
1262540
6048
1781118
643922
173463
105401
4556
923240
99598
1351974
1955002
1044208
1581514
504879
516086
141082
828140
671006
1207160
1091834
1405112
430837
902656
156734
452978
1118683
1310495
959398
1384619
1454400
488562
78499
169822
1196993
154153
342636
517943
159584
682362
1752213
981309
583221
765770
1364677
49561
772270
63618
1310611
1492935
1680398
1006642
839125
875590
1019887
70942
468946
310017
246990
235524
739988
1862054
1553579
1570085
1823685
1720417
60374
1672487
575482
691608
475503
1794059
80472
178683
1175160
1899713
1131319
496872
558697
1442575
1697811
650702
1289872
331341
411644
893079
1526197
859202
1796815
1057695
276439
207857
804055
137091
1509589
497978
1771206
1886311
1433856
285530
1064326
1119776
122384
1939309
1335011
735521
448125
1379154
1366972
951014
888150
705779
584528
512423
254484
9549
1740575
1469879
1810701
502537
1947459
1677235
1927381
883644
1513109
1825298
164406
1013250
1826292
942420
1496256
1275958
766330
1626584
1580435
392546
1367138
1031454
1233866
1113519
1860752
1790931
1936298
821390
642096
1602114
1018074
1451252
96280
878994
460164
129767
1092593
739059
356373
431372
1779435
277257
1178237
1753960
1015538
467412
1970924
658374
111918
139416
