4859 ms..
655
1368
2368
2482
2499
2529
3493
3903
4439
4556
5216
5551
6048
6221
6438
6539
7181
7715
8523
8680
8734
9217
9306
9549
9605
9637
9919
10095
10213
10638
11029
11836
12927
13615
13903
14152
14164
14290
14403
14808
16213
17302
18942
19493
20745
21268
21363
21601
21989
22148
22221
24242
24265
24694
24941
25387
25534
25691
26041
26042
26513
26520
27355
27428
27817
28092
28111
28130
28651
30246
30966
31010
31142
31488
31489
33519
33627
33786
33966
34394
35012
35397
35430
35658
35808
36475
36868
37040
37192
37950
38279
38492
38554
39194
39565
40161
40342
40634
40775
41046
41485
41579
41804
42002
42376
42606
43040
44282
44694
44763
45136
45401
46173
46661
47400
47668
47670
47754
47938
49561
49742
49754
50017
50143
50465
50619
51022
51207
51704
52784
52885
54754
55672
56010
56883
57192
57546
57924
58182
58735
59278
59332
59583
59756
59797
59809
60271
60308
60374
61036
61140
62180
62795
62949
63431
63618
63808
63836
63875
64623
64638
65024
65030
65043
65217
65433
65507
65640
66788
66827
66975
67130
67911
67930
68025
68079
68362
68617
68693
69994
70723
70737
70829
70942
71007
71647
72719
73204
73269
73296
73399
73663
74460
74992
74996
75378
75601
75730
76106
76183
78499
78686
79042
79150
80263
80472
80985
82238
82760
83164
84381
84563
84743
85331
86216
86437
86943
87328
88135
88275
88339
88472
88801
88930
89250
89544
90200
90218
90370
90390
93302
93753
94095
94491
95146
95340
95400
95498
95500
95669
96018
96239
96280
97088
97103
97673
97772
97909
98489
99082
99253
99598
99843
100060
100219
101102
101540
102301
103111
103321
103691
104159
104858
105401
105826
106207
106932
107024
107155
107960
108071
109536
109900
110935
110991
111497
111509
111918
112538
112603
112734
112993
113267
114693
114712
114880
115002
116382
117054
117141
117504
117678
117733
121376
121407
122202
122384
123398
123751
125377
125704
126092
126585
126700
127515
127528
127537
127646
127911
128128
128195
128500
128556
129119
129251
129491
129565
129669
129767
129837
129961
131013
131280
131897
131915
131936
132312
132673
132886
133572
134086
134932
135770
136006
136124
136603
137091
137173
137178
138643
138887
139162
139416
140144
141082
141292
141761
141946
141984
142645
142839
143120
143161
143485
143556
143974
144019
144797
145326
145581
146165
146681
146816
147331
147494
147565
147651
147692
147813
147918
148619
149153
151336
151513
151687
152354
152468
152849
153030
153100
153382
153692
154153
154423
154626
154885
155326
156145
156734
157123
157247
157621
158070
158101
158718
159063
159203
159434
159584
159770
159817
159841
160433
160482
160580
160641
160731
161384
161411
162294
162449
162510
162788
162831
162900
164387
164406
164722
165434
165749
166051
166269
166904
167575
169270
169558
169822
169838
170452
170501
172428
172728
172770
173172
173187
173459
173463
174130
174134
174312
174747
175077
175376
175658
175809
176416
176592
177432
178403
178683
178732
179279
179586
179855
181085
181687
181767
181936
182271
182762
182784
182903
183366
183665
183802
185438
186144
186222
186618
187597
188076
188480
188824
188851
189092
189147
189778
190674
191271
191650
192661
192972
193014
193542
193682
194723
194852
194853
195121
195198
195813
196728
197038
197290
197465
197971
198591
198917
198952
198972
199116
199620
199671
199755
200433
200617
200690
200693
202460
202614
202792
203086
204116
204946
205071
205510
205544
206677
207157
207421
207857
207946
208174
208305
208578
208579
210240
210574
211390
211767
212129
212176
212691
213151
213316
214112
214503
214503
214598
215911
216954
217339
217444
217868
218945
219405
219440
220152
221458
221501
221952
222129
222498
222667
223270
224078
225768
226069
226111
226128
226180
227761
227769
227795
228226
228295
228408
229229
229495
229573
230524
231705
232077
232695
232709
232752
232765
232800
233358
233627
233811
234057
234271
235165
235524
236480
236595
237916
238106
238361
238580
239049
239346
241168
241526
242669
242988
243072
243095
243849
243947
244279
244489
244581
245841
246214
246685
246990
247329
247835
248259
248320
248334
248528
249678
249780
250311
250678
250894
251735
254484
254624
256961
257186
257268
257570
257629
257723
258192
258638
258744
258931
260554
261047
261137
261572
261754
261828
261901
261981
262647
262683
262874
264362
264988
265078
265418
266027
266142
266543
266553
266957
267983
268444
268448
268614
268654
268900
268904
269027
269987
270065
270391
270648
270847
271318
271816
274441
275953
276439
276887
277257
277320
277540
278062
278813
279460
279514
281098
281226
281416
281466
281477
281483
281733
281979
281990
282245
282585
282751
283585
283687
283920
284459
284767
285393
285530
285554
285730
285863
286054
286776
286812
289518
290231
290255
290685
290788
291171
291694
292444
292750
294558
296024
296461
296550
296736
297935
298360
298620
298870
299208
299320
299749
299832
301105
301273
301458
301565
302558
302862
302882
303042
303606
304894
305175
305212
305463
305535
306186
307366
307528
307530
307710
307879
307905
308098
308286
308607
309313
309628
309786
310017
310037
310752
311747
311823
312331
312824
314099
314150
314429
314819
314886
315237
315680
316599
316707
316760
317934
317994
317997
318355
318741
318914
319342
319442
319613
319966
320278
320332
321205
321540
322308
323101
323877
324769
325214
325921
326216
326343
326922
327013
327238
327956
328830
329404
330181
330256
330506
330937
331036
331341
331696
332898
332994
333260
333494
333685
334122
334210
334579
334915
336348
336434
337142
337335
337388
338376
338813
339016
339600
339657
339904
340025
340192
340375
341460
341533
341549
342636
343061
343228
343448
344152
344417
345000
345427
346065
346276
346599
346944
347393
347501
347929
348072
348343
349410
349588
350069
350139
350386
350654
350787
350961
351033
351374
351544
351973
352411
352438
353341
353926
354077
354544
354910
355030
355631
355812
355845
356109
356176
356373
356512
357572
357768
358363
358488
358653
359502
360351
361241
361334
361965
362186
362436
362518
363294
363622
363637
364281
364954
365118
365129
365153
365971
366239
366410
366493
366967
367459
367467
368166
368474
368693
369449
371239
371382
371867
371978
372168
373811
373827
374257
374517
374912
375191
375220
376063
376676
376984
377000
377088
377402
377617
377902
378280
379214
379743
380078
380959
381356
381636
382017
383401
383672
383705
383911
384007
384031
384709
385165
385469
385513
386006
386255
386783
386826
387261
388049
388432
388442
388503
388773
388816
388881
389019
389479
389758
389831
390215
390459
390516
391062
391944
391988
392017
392546
392594
392870
393097
393275
393501
393608
393717
393984
394137
394935
395623
395714
395827
396324
396474
396512
396631
396929
398356
399008
400245
400373
400476
400691
401075
401594
401715
402237
402248
402275
402914
402940
404137
404172
404203
404559
405703
405999
406738
408729
408940
408987
409076
409380
409937
410593
410782
410896
411412
411434
411574
411644
411758
412081
412135
412303
413107
413671
413925
413999
414557
414702
416068
416083
416617
416977
417706
418476
419108
419132
419239
419432
419560
419737
420266
420525
420891
422360
422612
422874
423349
423349
424044
424587
424806
425834
426247
426332
426519
427268
427768
428503
428599
429402
430159
430418
430531
430837
431325
431372
432162
432533
433566
433734
434828
435003
436332
436338
437071
438028
438030
438224
438333
438438
439479
439555
439574
440052
440639
440655
440960
441185
441979
442169
442905
443320
443376
443708
443995
444933
445077
445236
445470
445716
445848
447274
447378
447799
448125
448163
448541
448861
449427
449639
449748
450294
450779
450822
451688
451828
452094
452978
453330
453351
453463
454896
454969
455482
455573
455865
456012
456055
457175
457766
457883
458513
459506
459972
460164
460502
460799
461257
461536
461822
462053
462093
462230
462242
462404
462759
463782
463928
465247
465521
466568
466769
466960
467160
467317
467390
467412
467483
468165
468228
468587
468946
469961
470551
471029
471354
471739
471822
472235
472311
472685
473092
473202
473464
473926
474039
474052
474251
474302
474566
474848
474972
475503
476426
477271
477920
478484
478959
479036
479650
479808
479898
479964
480580
481151
481383
481444
481556
482820
483050
483213
483239
483767
483774
484171
485867
486032
486827
487031
487258
488202
488562
488562
488991
489013
489182
489395
489624
489721
490045
490282
490511
491015
491206
491399
492669
492824
493899
494470
494929
495907
495998
496041
496872
496936
497331
497978
498209
498461
498541
499611
499811
500577
500730
500735
501087
501178
501230
501820
501844
501888
501979
502226
502537
504160
504496
504879
505316
505800
506320
507015
507536
508090
508099
508163
508395
508471
508729
509257
510737
511205
511991
512139
512423
512469
512498
513746
514581
514673
515211
515226
515750
516086
516499
517943
518449
518756
519297
519316
519564
519853
520364
520474
521700
521730
521784
522533
522927
524396
524632
524703
526565
526804
527014
527097
527542
527796
528393
528746
529031
529158
529164
529371
529409
529430
530100
530111
530139
530346
530367
530551
531087
531590
532840
532865
532966
533279
533639
534887
535232
535330
535694
535858
536254
536764
537370
537384
537499
537713
537825
538155
538431
538433
538578
538995
539702
540962
541494
541543
541576
542270
542356
542667
542768
542980
543041
543282
543372
543404
543731
543804
544214
544481
544643
544714
545801
546028
546146
546341
546564
547667
547988
548640
548664
549574
549765
549862
551487
551843
552087
552599
553152
553209
553296
553398
553589
553643
554046
554403
554602
554757
555350
555373
555538
555739
557792
557857
558439
558697
558772
559025
559484
559521
559566
560048
560622
560902
561618
561713
561926
563154
563172
563367
563548
564611
565008
565139
566072
566113
566481
568114
568273
569533
570429
570652
571324
571509
571528
571946
572375
572896
572937
573157
573191
573305
573530
573781
573797
573840
573857
574281
574734
575267
575482
575958
576228
576714
577198
577878
578150
578424
578677
578791
579728
579765
579860
581066
583122
583141
583184
583221
584528
584656
584884
585161
585682
586107
586137
586178
586201
586297
586380
586644
587134
587153
587572
587636
588045
588272
588298
589833
590680
591460
591934
592168
592594
592807
593126
593904
593928
594379
595049
595081
595686
597435
598198
598859
600368
600656
600987
601448
601480
601663
601775
602522
603034
603316
603520
603685
604473
606017
606149
606595
606861
607161
607248
607365
607589
607980
608379
608428
608776
608957
609110
609466
609875
610053
610322
610341
610495
610841
611768
611973
612266
612289
612344
612745
613000
613314
613374
613806
614495
615053
615525
615894
616074
616094
616921
617842
620886
621211
621744
621801
621958
622114
622528
622942
623337
624280
624457
625230
625636
625742
627003
627134
627300
627440
627798
628312
629042
629594
630110
630584
630637
631835
632910
633880
634525
634631
636207
636555
636791
637186
637886
637943
640279
640400
640712
640878
640948
642096
642703
642932
643463
643922
644024
644478
644856
644867
645513
646130
646348
646364
646488
646517
646804
646832
647100
647254
647563
648001
648623
648855
649169
649182
650226
650500
650538
650702
650778
651565
651968
652162
652176
652177
652424
653041
653152
653626
654749
655133
655211
656177
656204
656899
657068
657120
657358
657692
658053
658368
658374
658768
659836
659862
660067
660394
660577
660637
662167
662397
662534
663501
663513
663829
664862
665082
665614
665659
665787
665838
665909
665911
666283
666449
666503
666634
667160
667448
667976
668389
668522
668839
669075
669880
670382
670982
671006
671015
671905
672313
672335
672375
672584
672986
673214
673673
674316
674439
674855
675292
675388
675831
675893
676207
676622
676759
677328
678897
679044
679166
680430
681225
681303
681415
681448
681738
681742
682145
682202
682213
682216
682362
682653
682853
682866
682885
682916
682953
683045
683746
683821
683834
683950
685007
685270
685761
686365
686811
687741
688179
688235
688354
688679
689279
690143
690433
690773
691210
691362
691369
691608
693275
693361
693373
694049
694427
694497
694945
695985
696337
696371
696591
696786
697160
698039
698248
699613
699991
700050
700334
700639
700717
700769
701567
703145
703277
704867
705137
705779
705846
706331
706685
706757
707314
708082
708512
708574
708928
708990
710114
710982
711053
711601
712071
712773
713304
713963
714015
714351
714433
714493
714793
714930
715111
715673
715719
716705
717161
717330
717466
717560
717592
717936
718015
718372
718662
719280
719340
719981
720483
720820
721098
721892
722234
722492
722720
722906
722985
723421
723572
725226
725871
727439
728374
728394
728897
729050
729798
729945
730416
730857
731765
732049
732979
733157
733238
733296
733372
733396
733624
733824
734264
734542
735250
735521
735533
737190
737490
737585
737673
738156
738509
738542
738732
738845
738909
739059
739842
739988
740006
740112
740122
740580
740734
740937
741056
741336
741489
742087
742846
742862
743716
743855
744408
745252
745420
745785
746357
746542
746708
747159
747309
747318
747786
748057
749261
749290
749691
750304
752600
752898
753164
753781
754016
754359
754395
754925
755910
756403
756748
756802
756894
757406
757555
757579
757813
757884
758659
758919
759059
759544
759620
759954
760844
760928
761158
761689
761899
762024
762799
763297
764001
764230
764597
764749
765687
765770
766296
766330
766387
766491
766987
767189
767226
767318
767958
768415
768453
768776
769214
769664
770272
771381
771494
771650
771749
771988
772198
772270
772682
773495
773999
774096
774127
774270
774600
775315
776099
776276
776957
777089
777369
777556
778349
778788
779877
779989
780175
780487
780875
781213
781848
781860
782037
782186
782311
783301
783371
783778
785056
785343
785419
785477
787083
787244
787655
788680
789460
790029
791336
792699
794164
794233
794259
794430
794600
794730
794987
795165
795268
795676
795747
796082
796293
797599
797649
797756
798137
798672
798867
798897
799116
799404
799625
800035
800291
800387
800543
801630
802072
802141
802501
803155
803258
803667
804055
804699
804737
804787
804978
805348
805523
805774
807243
808463
809098
809287
809348
811268
811518
812806
813093
813507
814559
814564
814774
815336
816003
816048
816723
816976
817225
817267
817535
817687
818340
818947
819290
820081
820223
820295
820405
820467
820733
820751
820893
821390
821656
821764
822730
823680
824056
824654
824949
825191
826515
826962
826986
827831
827940
828069
828140
828497
828585
829075
829846
829872
830380
832157
832270
832360
832952
833214
833336
833422
833720
833953
834766
835033
835064
835298
835398
835759
836240
836419
836453
837000
837179
837226
837260
837529
837613
837680
837771
838131
838142
838195
838777
839125
839336
839524
839660
840022
840175
840553
840888
841445
841509
842645
843061
843067
843297
844115
844378
845804
845823
846035
847183
847209
847632
848719
849014
849540
849667
850036
850048
850345
851303
851902
852114
852871
852991
853375
853488
854342
854414
854975
855198
855632
856039
856643
856944
857517
857579
857672
858082
858388
859202
859507
860195
860739
860844
860869
862327
862605
862626
863873
864126
864193
864970
865077
865481
865511
866057
866112
866840
867552
867842
868835
869683
870855
871354
871429
872901
873564
873688
874998
875590
875963
876020
876203
876276
876527
876717
877083
877651
877782
877813
878151
878411
878893
878994
879059
879619
880715
880798
881857
881979
882601
882700
883644
884333
884334
884621
884686
884831
885308
886669
887010
888150
888170
888920
888927
889030
890804
891137
891292
891352
891519
891588
892145
892480
892619
892629
893079
893340
893465
893596
894276
894722
894796
894925
895149
897248
897387
899091
900243
900722
902071
902610
902656
902723
902912
903533
903565
903598
903659
903952
903958
904483
904857
905148
905258
905688
906075
906460
906692
906789
906842
906879
907385
908088
908171
908821
909370
910426
911106
912204
912897
913188
913382
913511
913907
913931
914103
914201
915313
915530
915654
915815
916089
916175
916675
916702
916949
916952
916986
917350
918929
919167
919215
920798
921083
921530
921973
921997
922078
922195
922221
923085
923240
923292
923700
923992
924641
925231
925539
925592
925889
926348
926772
927335
928268
928497
929575
930266
930938
931049
931375
931770
931845
932204
933844
934669
934875
935145
935378
936684
937602
937972
938257
938308
939161
939599
940531
940843
941488
941571
941734
942255
942420
942495
942711
943005
943451
943773
943807
943868
943887
944066
944524
944551
945010
946204
946356
946776
947163
947782
947889
948126
949667
949801
949907
950087
950268
950723
950897
951014
951142
951668
951714
951977
952075
952565
953330
953463
955186
955453
956547
956658
957189
957324
957396
958471
959278
959398
959408
959548
960953
961514
961541
961980
962266
963513
964385
964514
964846
965151
965162
965566
965627
966238
966764
967259
967563
968220
968299
968572
968832
968844
968969
969013
969309
969364
970119
970688
970869
971657
971956
971994
972145
973444
974391
974746
975289
975900
975943
976186
976701
977327
978872
979937
979980
980002
980124
980466
980499
980575
981309
981427
981854
982901
983135
983199
983224
983610
983852
984322
984975
985216
985399
987597
987975
988088
988149
988412
988906
989459
989492
989645
990097
990461
991062
991840
992104
993337
993383
993400
993823
994507
995262
995493
996385
996562
997198
997714
997848
997905
998158
998188
998411
1001324
1003670
1004125
1005187
1005406
1005678
1006588
1006642
1006931
1007315
1007462
1007590
1007663
1008830
1008896
1009555
1011088
1011257
1011600
1011981
1012229
1012254
1012879
1013074
1013119
1013250
1013855
1013955
1014115
1014547
1014694
1015262
1015359
1015538
1015924
1016333
1016488
1017149
1017314
1017455
1018074
1018757
1019225
1019271
1019597
1019887
1020028
1020896
1021177
1021533
1021665
1021707
1021789
1022038
1023165
1023601
1023648
1023730
1023790
1024018
1024110
1024491
1025112
1025300
1026013
1026794
1026895
1026978
1027039
1027097
1027445
1027557
1028153
1028452
1029121
1029974
1030270
1030613
1030991
1031454
1031465
1031895
1031999
1032055
1032997
1033294
1036452
1036705
1037381
1037923
1038082
1038123
1038856
1039534
1039620
1039866
1040049
1040350
1040428
1040579
1041254
1042226
1042522
1042985
1043575
1044208
1044493
1044585
1045341
1045567
1045969
1046540
1046632
1046821
1047230
1047970
1048888
1048947
1049112
1049241
1049399
1050044
1050112
1050195
1050642
1050780
1051201
1051744
1051991
1053382
1053710
1054118
1054165
1054589
1054920
1055605
1055911
1057201
1057695
1058687
1059015
1059345
1059473
1060043
1060180
1060235
1061237
1061660
1061719
1061800
1062019
1062117
1062152
1062216
1062454
1063344
1063525
1063678
1063769
1064046
1064199
1064253
1064326
1064392
1064693
1065067
1065242
1065987
1066286
1067092
1067156
1067242
1067371
1067452
1067681
1068049
1068059
1068123
1068218
1068725
1070362
1070584
1070881
1070911
1071753
1072300
1072308
1074174
1074299
1074760
1074906
1075022
1076013
1076847
1077080
1077110
1077136
1077293
1078153
1078181
1078659
1079451
1079932
1080240
1080297
1080548
1080560
1081123
1081753
1082101
1082267
1082591
1083125
1083514
1084320
1084841
1084872
1085815
1086605
1086698
1086769
1086951
1087212
1087506
1088199
1088218
1088483
1089004
1089181
1089988
1090437
1090941
1091221
1091561
1091570
1091834
1092593
1092599
1093504
1093739
1094346
1094646
1094671
1094779
1095064
1095340
1095863
1097061
1097756
1097762
1097863
1098147
1098297
1099472
1099689
1100007
1100082
1100486
1100649
1101760
1102024
1102362
1104076
1104453
1104673
1104985
1106334
1106587
1106921
1106990
1107161
1107415
1108059
1108202
1108266
1108550
1109041
1109060
1109172
1109258
1109298
1109395
1109409
1109538
1110536
1111372
1111509
1111849
1111906
1112327
1112518
1112794
1112800
1113080
1113449
1113519
1113918
1113950
1114089
1114529
1115499
1115650
1115701
1116842
1116944
1117169
1117691
1118339
1118683
1118818
1118926
1119407
1119776
1119911
1120152
1120751
1122133
1122445
1123511
1123732
1123789
1124042
1124258
1124967
1125395
1125405
1125993
1126328
1126866
1127056
1127872
1127963
1128168
1128323
1128648
1128878
1128952
1129139
1130265
1130313
1130503
1130550
1131115
1131319
1132459
1133116
1134467
1134727
1134994
1135630
1135715
1136151
1136224
1138213
1139035
1139299
1139746
1140224
1140434
1140849
1141155
1141387
1141628
1142038
1142041
1142560
1142647
1142803
1143296
1144605
1144673
1145142
1145312
1145538
1145900
1146259
1146319
1146826
1146900
1147108
1147529
1147925
1148449
1148856
1149613
1150582
1150962
1151279
1151327
1151969
1152717
1152723
1153448
1153522
1154183
1154290
1154715
1154866
1155446
1155462
1156089
1156541
1156580
1156961
1158075
1158294
1158869
1159634
1160054
1160219
1160305
1160864
1161115
1162711
1164832
1165201
1165581
1166299
1166495
1166500
1167212
1167553
1168091
1168676
1168710
1168998
1169217
1169897
1169913
1170829
1171561
1171709
1171766
1171871
1172161
1172206
1172298
1172550
1172599
1172854
1172933
1173812
1174010
1174227
1175160
1176142
1176312
1176377
1176407
1176737
1177055
1177670
1178237
1178467
1179326
1179358
1179723
1180418
1180826
1181150
1181266
1182137
1182311
1182971
1185341
1185404
1185505
1186456
1187007
1187061
1187382
1188174
1188490
1188599
1188746
1188862
1188903
1188922
1189661
1190385
1190629
1190991
1191160
1191338
1191795
1192194
1192200
1192310
1193651
1195504
1195792
1196283
1196993
1197132
1197813
1198121
1198412
1199125
1199373
1199568
1200452
1200524
1200907
1200934
1201311
1201501
1201711
1201730
1201858
1202048
1202066
1203797
1204020
1204689
1204871
1205094
1205175
1205457
1205723
1205776
1206189
1206517
1207019
1207160
1207729
1208197
1208511
1208730
1209353
1209553
1209941
1210413
1211111
1211378
1211387
1211677
1212697
1212820
1212877
1212902
1213650
1213689
1214142
1215017
1215724
1215738
1215924
1216264
1216890
1217359
1217389
1218560
1218963
1219071
1219082
1219263
1219781
1220440
1220719
1221323
1221574
1222823
1222838
1223191
1223579
1223946
1224280
1224776
1225535
1225682
1226038
1226623
1227133
1227849
1227964
1228091
1228229
1228472
1229039
1229216
1229270
1230278
1230942
1231887
1232956
1233028
1233812
1233866
1233886
1234199
1234574
1235354
1235472
1236586
1237842
1238343
1239157
1239432
1240473
1240913
1241149
1241695
1241728
1242990
1243156
1243267
1243427
1244308
1244477
1244975
1245096
1245292
1245588
1245884
1246159
1246776
1247178
1247433
1247528
1247628
1248136
1248740
1249363
1249696
1249743
1250121
1250372
1250628
1250665
1250668
1251807
1252178
1252407
1254595
1254625
1254964
1255624
1256409
1256588
1256624
1256984
1257102
1257481
1257681
1257924
1259108
1259118
1259577
1259784
1260293
1260603
1261790
1262030
1262540
1263149
1263665
1263675
1263814
1264066
1264342
1265113
1265204
1265654
1266581
1267148
1267213
1267481
1267638
1268413
1268498
1268857
1269180
1269301
1270519
1270548
1270690
1271622
1272175
1272479
1272538
1273249
1273254
1273458
1273612
1274097
1274396
1274497
1274775
1275374
1275459
1275958
1276318
1276849
1277086
1277168
1277630
1278308
1278621
1279280
1279681
1279752
1280068
1280534
1280556
1280616
1281117
1281254
1282328
1283215
1284616
1284723
1284984
1285817
1285996
1286740
1287165
1287513
1287574
1287823
1288056
1288234
1288309
1289340
1289498
1289650
1289850
1289872
1289920
1289954
1290734
1290896
1290918
1290961
1290965
1290986
1292019
1292229
1292261
1292655
1293819
1293919
1294074
1294204
1294288
1295077
1295592
1296105
1296789
1296902
1297592
1297828
1298140
1298410
1298869
1299310
1299435
1299661
1299791
1301755
1302345
1302350
1302739
1302838
1303459
1303555
1303912
1304240
1304550
1304756
1305434
1305883
1306462
1306474
1306633
1306651
1306656
1307696
1307857
1308704
1308833
1308958
1308967
1309477
1309928
1310287
1310495
1310611
1310800
1311039
1312108
1312717
1312875
1313301
1313812
1313971
1314480
1314565
1314588
1314642
1314719
1314868
1315277
1315493
1315514
1318085
1318137
1318471
1318942
1318954
1319840
1319976
1320095
1321063
1321253
1321350
1321403
1321664
1321915
1322076
1322998
1323923
1324066
1324317
1326175
1326531
1326758
1326904
1327300
1328096
1328123
1328173
1328494
1328921
1329035
1329217
1329429
1329717
1330931
1331712
1331909
1332024
1332052
1332201
1333041
1333056
1333069
1333762
1334324
1334372
1334639
1334890
1334914
1334999
1335004
1335011
1335567
1335984
1336877
1337208
1337243
1337302
1337332
1337336
1337527
1338073
1338413
1339799
1340248
1340529
1340602
1340710
1340737
1341475
1341856
1342007
1342822
1342943
1343289
1343644
1343648
1343940
1343976
1344088
1344187
1344330
1344335
1344457
1344805
1345605
1345620
1345938
1346142
1346165
1346263
1346768
1347245
1348184
1348334
1348349
1348461
1349208
1349293
1349421
1349530
1349531
1350221
1350457
1350761
1351085
1351380
1351821
1351832
1351974
1352052
1352217
1353747
1354114
1354714
1354874
1355056
1355515
1356611
1356857
1356932
1356975
1357359
1358129
1358448
1358449
1358471
1358782
1359028
1359151
1359162
1360882
1361010
1361398
1361619
1361676
1362454
1362600
1362820
1363338
1363389
1364054
1364677
1365196
1365569
1366136
1366241
1366854
1366972
1367138
1368347
1368413
1368859
1369079
1370727
1371061
1371181
1371196
1371316
1372268
1372305
1373347
1373432
1373580
1373611
1373778
1374471
1374727
1374963
1375529
1375589
1375997
1376373
1376506
1376585
1377027
1377246
1377529
1378183
1378381
1378510
1379154
1379337
1379774
1379867
1379886
1380690
1380914
1381047
1381546
1381739
1381863
1381865
1381959
1382493
1384121
1384342
1384619
1385643
1386192
1386380
1386683
1386790
1386826
1387181
1387384
1387706
1387899
1388479
1388515
1390562
1391175
1391220
1391376
1391528
1392358
1393284
1393492
1393652
1394182
1394364
1394489
1395809
1395845
1396349
1396453
1396503
1398349
1399359
1400151
1401802
1401825
1402674
1402682
1403048
1403092
1403164
1404076
1404235
1405112
1405403
1405435
1406209
1406512
1406587
1406994
1406994
1407074
1407524
1407943
1408455
1409948
1411310
1411788
1412741
1413267
1413302
1413458
1414356
1414816
1415176
1415438
1415788
1416408
1416775
1416848
1418091
1418516
1418655
1419337
1419589
1419604
1420680
1421642
1424117
1424603
1425213
1425724
1426071
1426508
1426516
1427160
1427365
1427615
1427909
1429032
1429138
1431222
1431470
1431550
1432052
1432319
1433275
1433286
1433631
1433856
1434161
1434229
1434788
1435377
1436180
1436856
1437820
1438113
1438358
1439593
1439859
1440438
1440593
1441115
1441116
1441331
1441646
1441876
1442307
1442575
1442645
1442838
1443664
1444874
1446386
1446483
1446805
1447425
1447611
1447984
1448002
1448917
1448968
1449987
1450178
1450231
1450532
1451252
1452043
1452101
1452286
1452456
1453500
1453627
1453846
1454400
1455355
1456640
1456881
1457565
1457625
1457923
1458024
1458454
1458956
1459334
1459422
1459579
1459730
1460050
1461459
1461616
1461652
1461672
1461929
1462078
1462137
1462945
1463187
1464019
1464291
1465637
1465810
1466014
1466297
1466565
1467778
1468210
1468850
1469080
1469134
1469285
1469813
1469879
1469946
1469995
1470043
1471525
1471819
1472081
1472440
1473316
1474817
1475258
1475733
1477167
1478027
1478694
1479228
1479259
1479580
1480048
1480481
1480540
1480641
1481903
1482110
1482520
1482730
1482805
1483242
1484887
1486090
1486763
1487801
1489341
1489683
1490003
1490094
1490681
1490890
1491900
1492396
1492935
1493018
1493039
1493272
1493699
1493732
1494585
1495108
1495627
1495758
1495904
1496256
1496737
1496832
1496978
1497307
1497572
1498056
1498780
1499617
1499794
1501199
1502632
1502883
1502987
1503242
1503432
1503972
1504460
1505486
1506053
1506326
1506998
1507099
1508669
1509589
1509895
1509917
1510331
1510395
1510504
1510524
1510759
1511389
1511869
1512101
1513109
1513457
1513855
1513865
1514274
1514427
1514456
1514787
1514799
1514954
1515446
1516707
1517299
1517523
1517990
1518164
1518291
1519332
1519539
1519718
1520551
1520554
1520732
1520856
1521427
1523119
1524150
1524352
1524405
1525318
1525378
1525739
1526031
1526154
1526197
1527109
1527186
1527458
1528684
1529626
1530415
1530560
1530845
1531037
1531073
1531858
1532086
1532786
1533017
1533036
1533153
1533260
1533396
1533443
1533666
1533906
1534339
1535367
1536206
1536709
1536965
1537019
1537042
1537713
1537739
1537777
1538601
1538665
1539129
1539233
1539328
1539869
1540068
1540123
1541104
1541739
1542572
1543825
1544008
1544394
1544462
1544704
1546660
1547752
1547870
1547942
1548206
1548288
1548592
1549115
1549451
1549483
1550740
1550859
1551202
1551324
1551369
1551921
1551959
1552510
1552685
1553281
1553579
1553717
1553811
1554322
1554473
1555014
1555208
1555452
1555996
1556008
1556498
1556592
1556768
1557158
1557325
1557350
1557500
1557610
1557884
1558095
1558151
1558911
1559317
1561170
1561601
1562148
1562585
1562968
1563039
1563995
1564456
1564483
1565186
1565251
1567040
1567068
1567257
1567595
1568087
1568260
1568268
1568342
1568929
1568963
1569223
1569641
1570085
1571951
1572200
1572448
1572505
1572643
1572743
1573972
1574234
1574350
1574457
1574556
1575014
1575065
1575401
1575712
1575800
1576092
1576364
1577001
1577031
1577675
1578353
1578406
1579745
1580063
1580153
1580435
1580807
1581504
1581514
1581631
1582048
1582428
1582639
1582930
1582961
1583100
1583268
1583407
1583543
1584029
1584154
1585153
1585513
1585523
1585525
1586813
1587113
1587119
1587248
1588462
1588563
1588875
1589001
1589017
1589284
1589814
1589897
1590001
1590422
1591038
1591521
1591769
1592444
1592609
1592722
1593345
1593826
1594708
1595271
1595974
1596010
1596045
1596598
1597137
1597148
1597569
1597712
1598188
1598856
1599686
1599727
1600229
1600299
1600542
1600560
1600988
1601145
1601633
1601910
1602114
1602116
1602480
1602611
1603996
1604970
1605017
1606091
1606375
1606644
1606964
1607372
1607592
1607686
1607759
1607932
1609221
1609224
1610807
1611682
1611911
1612518
1613945
1614230
1615109
1615132
1615251
1615745
1616125
1617175
1617862
1618641
1618753
1620170
1620360
1620650
1621065
1621486
1622348
1622645
1622793
1623420
1623540
1623629
1623736
1623811
1623918
1624088
1625274
1625695
1625759
1626207
1626584
1626736
1626784
1626815
1627367
1627498
1628274
1628475
1628592
1629617
1630851
1630860
1632014
1632394
1633157
1633209
1633453
1633801
1633888
1633895
1634083
1634678
1635088
1635196
1635849
1636266
1637076
1637274
1637734
1637845
1638304
1638905
1639366
1639887
1640025
1641123
1641715
1641836
1641911
1642070
1643068
1643430
1643595
1644324
1644517
1644521
1644646
1644937
1645914
1646365
1646630
1646787
1647136
1647330
1648704
1648949
1649553
1649585
1650302
1650722
1651020
1651249
1651785
1651917
1652028
1652039
1652605
1652842
1652879
1652923
1653745
1654066
1654075
1654200
1654784
1655005
1655541
1655988
1656428
1656494
1656625
1656640
1656685
1657862
1658142
1660286
1661220
1661250
1662096
1662649
1664299
1664608
1664714
1665401
1665569
1665803
1666301
1667210
1667412
1667934
1668699
1669189
1669599
1670045
1670054
1670359
1670931
1671614
1672158
1672487
1672802
1672888
1672956
1673189
1673326
1675351
1675585
1676101
1676218
1676281
1677176
1677235
1677391
1677484
1677885
1678226
1678709
1678930
1679633
1679914
1680398
1680434
1681309
1681428
1682158
1682286
1682341
1682500
1682592
1682915
1683145
1683547
1684013
1684195
1684913
1685117
1685868
1685966
1686111
1686639
1686721
1687403
1688753
1689075
1689936
1690044
1690227
1690987
1691062
1691210
1692061
1692071
1692354
1692509
1692890
1693022
1693113
1693751
1694048
1694545
1694592
1694802
1695186
1695414
1695712
1696495
1696632
1696657
1696841
1697103
1697106
1697455
1697535
1697811
1697971
1698242
1698485
1698866
1699627
1699898
1700628
1702524
1702717
1703457
1703517
1704687
1704811
1704858
1705035
1705144
1705528
1705787
1706690
1707187
1707717
1708429
1709050
1709177
1709239
1709306
1709910
1711520
1712000
1712142
1712956
1713022
1713439
1713663
1713692
1713801
1713814
1714086
1714374
1714574
1714615
1714675
1715161
1715375
1715582
1716886
1716996
1718944
1719070
1719303
1719793
1720127
1720289
1720417
1720961
1721989
1722107
1722183
1722500
1722694
1722698
1722754
1723157
1723159
1723266
1724130
1724342
1725500
1725783
1726055
1726616
1726735
1726973
1726988
1727330
1728531
1728788
1729748
1729963
1730572
1730674
1731005
1731265
1731413
1731770
1732026
1732245
1733854
1734111
1734380
1735506
1735568
1736226
1736613
1736654
1736704
1736918
1737214
1739205
1739715
1739718
1739758
1739787
1740378
1740575
1740743
1741116
1741233
1742575
1743049
1743358
1743571
1744205
1744573
1744603
1744698
1744872
1745406
1745886
1746346
1746463
1746559
1747066
1747068
1748881
1749199
1749846
1750372
1750648
1750681
1752028
1752039
1752187
1752213
1752703
1752957
1753287
1753960
1753996
1754039
1755749
1756346
1756377
1757402
1757889
1757997
1758744
1759105
1759215
1759766
1759807
1760060
1760302
1761082
1761415
1761886
1762017
1762414
1762703
1762896
1762946
1763022
1764288
1765502
1765736
1766034
1766286
1766952
1767624
1767699
1767800
1768295
1768432
1769437
1770095
1770464
1770612
1771206
1771427
1772040
1772125
1772297
1772591
1773013
1774698
1775680
1775997
1776340
1776564
1776931
1777139
1778956
1779435
1779629
1780677
1781118
1781422
1782026
1782170
1782255
1782350
1783232
1783594
1784431
1784453
1784561
1785398
1785886
1785920
1786136
1786596
1786847
1787513
1788011
1788438
1788615
1789673
1789705
1790931
1790999
1791113
1791145
1791223
1791751
1791958
1792388
1792491
1792595
1792852
1794059
1794790
1794990
1795593
1795781
1795981
1796356
1796539
1796815
1797075
1798242
1798815
1799117
1799388
1799586
1799635
1799765
1799883
1800389
1800511
1800611
1801113
1801280
1801550
1802011
1803428
1803964
1805480
1805732
1805837
1806707
1806960
1809043
1809730
1810656
1810701
1810972
1811149
1811191
1811623
1812070
1812667
1813183
1813655
1813840
1813929
1814079
1814120
1814858
1815037
1815063
1815198
1815201
1815417
1816262
1816386
1816636
1816953
1817422
1818369
1818408
1818955
1818969
1819016
1819435
1819656
1820809
1821687
1822588
1822634
1822945
1823064
1823081
1823416
1823685
1823698
1824757
1825116
1825298
1825959
1826187
1826277
1826292
1826947
1827043
1827124
1827350
1828696
1828768
1829086
1829727
1830051
1830582
1831192
1831412
1831466
1831592
1831777
1831844
1832550
1832696
1833889
1834612
1834632
1835051
1835188
1835370
1836022
1836241
1836592
1836708
1837536
1837852
1837926
1837931
1838028
1838576
1839399
1839973
1840165
1840351
1841540
1842137
1842207
1842503
1842533
1842657
1843598
1844756
1844878
1844887
1845064
1845133
1845153
1845251
1845586
1846143
1847034
1847136
1847943
1848030
1849105
1849489
1849659
1849898
1850587
1850627
1850840
1851284
1851731
1852023
1852058
1852079
1852189
1852512
1852760
1852767
1852907
1853449
1853570
1854900
1855466
1855773
1857620
1857650
1859738
1860275
1860487
1860752
1861107
1862054
1863072
1863695
1863960
1864285
1865490
1865731
1866013
1866920
1868074
1868092
1868257
1868800
1868894
1868985
1869235
1869585
1870130
1870181
1870770
1871036
1871721
1873409
1873475
1874145
1874158
1874246
1874325
1874670
1874727
1875244
1875357
1875507
1875513
1876484
1877169
1877348
1877568
1878109
1878661
1879099
1879107
1880471
1880959
1880993
1881483
1881526
1881543
1881701
1881922
1882046
1882116
1882794
1882903
1883036
1883386
1884654
1885771
1885905
1885931
1886152
1886311
1887024
1887936
1888075
1888851
1890220
1890705
1891481
1891751
1891851
1892264
1892362
1892454
1892543
1892731
1893363
1893552
1893728
1893963
1894406
1894475
1895075
1895269
1896109
1896528
1896605
1897386
1897862
1898480
1898635
1899713
1899917
1899931
1900260
1900365
1900452
1900846
1901390
1901509
1901723
1902591
1903002
1903231
1903320
1903326
1903750
1904156
1904160
1904369
1904631
1905538
1905849
1906665
1906710
1907222
1907620
1907901
1908478
1908542
1908960
1910697
1910746
1911130
1911173
1911514
1912118
1912214
1913157
1913696
1914082
1914121
1914549
1914974
1916203
1916266
1916954
1917679
1917935
1918010
1918883
1919124
1919206
1919258
1919281
1919558
1920010
1921087
1922132
1922326
1922694
1922750
1923331
1924019
1924214
1924217
1925357
1925851
1926668
1926844
1926911
1927213
1927352
1927381
1928473
1929280
1929584
1930587
1931256
1931593
1931978
1932029
1932633
1932693
1932809
1934622
1934678
1934699
1935191
1935645
1935846
1936160
1936298
1936477
1936931
1937003
1937302
1937459
1937796
1937878
1938847
1938946
1939302
1939309
1939856
1939950
1940253
1940267
1940548
1940764
1941034
1941360
1941484
1941687
1942378
1942554
1942683
1944409
1944568
1944667
1945240
1945583
1945668
1946074
1946537
1947266
1947459
1948434
1948510
1948582
1948778
1949224
1949347
1949669
1950299
1950933
1951341
1951524
1951577
1951695
1951843
1952014
1952186
1952298
1952603
1953123
1953164
1953227
1953467
1954102
1954157
1954890
1955002
1955282
1955380
1955488
1956036
1956110
1956195
1956908
1958597
1958748
1959557
1959694
1960004
1960897
1960970
1961187
1961837
1961904
1962124
1963436
1963577
1964320
1964923
1965101
1965464
1966404
1966777
1966943
1966973
1966982
1966986
1967164
1967277
1967413
1967577
1967752
1967947
1968212
1968388
1968799
1968907
1969086
1969695
1969787
1970146
1970616
1970788
1970924
1971126
1972965
1974329
1974616
1974747
1975068
1975313
1976300
1976852
1977256
1977688
1977754
1978515
1978980
1979389
1979995
1980498
1980513
1981430
1981847
1981933
1982785
1983359
1984577
1984641
1984666
1985006
1985178
1985339
1985495
1985571
1985607
1986514
1986535
1986540
1987011
1987756
1988912
1989277
1989648
1989714
1989796
1990051
1990359
1991461
1992236
1992402
1992680
1993079
1993167
1993449
1993797
1994276
1994311
1994592
1994825
1995732
1995865
1996706
1997226
1997271
1997757
1998570
1999470
