234 ms..
146
1282
2162
2579
2900
3279
3511
4657
4946
5535
6026
6271
6296
6313
7132
7864
8844
10052
10114
10339
10657
10883
12227
12522
13248
13366
13374
13400
13428
14657
15034
15919
16691
16859
16908
17036
17545
17800
17969
18970
19075
19191
19241
19277
19638
21336
21418
21478
21674
22677
22812
23008
24389
24495
24554
24629
24696
24782
24993
25060
26350
26411
26847
27159
27283
28210
28680
29320
29816
30198
30734
31604
31660
31694
32562
32974
33211
34768
34967
35482
35522
35622
35835
36180
36733
36811
37022
37124
37152
37616
38215
39078
39227
39242
40052
40236
40342
40615
40867
41023
42633
42654
42849
42932
43005
43028
43226
43275
43601
44095
44152
44223
44296
45172
45345
45543
46046
46145
46209
47633
47847
48534
48700
49290
49638
50374
51179
52430
52593
52957
54025
54375
54801
55146
55201
55605
55993
56238
57683
58258
59303
59496
59873
60119
60161
60270
60649
61172
62119
62296
62839
63844
64167
65744
65900
66159
66296
66983
67575
67870
68934
69240
69343
70700
71479
71530
71770
72156
72526
72990
73574
73635
74737
74759
74929
75800
76489
76540
76580
76857
77082
77163
77192
77286
77361
77497
77723
77838
77846
78054
78386
78675
79036
79262
79565
79810
80901
81308
81497
81564
82495
82839
82843
83407
83506
84185
84940
85181
85277
85946
86382
86586
86914
87447
88589
89718
90487
91578
91607
91722
91875
92027
92459
93441
94388
94696
94847
95084
95816
96511
97052
97650
97901
98054
98375
98686
99170
99183
99331
99468
99583
99657
99861
99933
99954
100097
100240
100521
100590
100730
101179
101306
101784
102081
102227
102655
103410
103768
104027
104169
104197
104578
104614
104861
105829
105861
106181
106292
106686
106946
107073
107375
107624
107972
108080
108766
109445
109737
110221
110467
110588
110926
111440
111938
113356
114974
114975
115366
115572
115648
116728
116754
117041
117051
118237
118658
118685
119668
120275
120287
120589
120623
121512
121763
121833
121978
122629
123880
123953
124134
124886
125042
125175
125376
125474
126255
126686
127070
127648
127736
128323
128677
129456
129605
129981
130169
130231
130408
132445
132500
132812
132979
133091
133165
133313
133356
133490
133876
134024
134557
134614
134913
135415
136353
136768
137020
137757
137879
137932
138145
138734
139084
139790
139802
140348
140817
140855
142209
142520
142771
143507
143512
144540
144658
145671
146286
146963
147247
147357
148066
148189
148746
148944
149440
149481
149951
150403
150879
150917
151978
151986
152652
152783
153615
155675
155688
155918
156876
157937
157938
158333
158501
159018
159488
160168
161791
162008
162012
163602
163999
164324
164444
165013
165069
165602
165719
165925
166647
166779
167262
167659
168227
168651
168736
169190
169322
169447
170178
170948
170948
170972
171089
171776
172148
172842
172981
173077
173579
173591
173778
175433
175968
176101
176697
177048
177253
177285
178096
178299
178317
178536
178814
178993
179026
179155
180541
180847
180979
181340
181608
182234
183291
183635
184266
184439
184690
184847
184955
185130
185554
186130
186222
187347
187381
187932
188557
188879
188978
189416
189636
189790
190853
191446
191717
191760
192132
192153
192811
193182
194198
194348
194477
195134
195162
195570
195760
196010
196683
196889
197080
197211
198546
198610
198820
199174
199213
199233
199374
199465
199934
199946
200055
200280
201069
201132
201614
201725
201742
201922
202694
202896
203165
203519
204378
204400
204418
204744
205111
205119
205822
205975
206442
206761
207663
208174
208263
208881
209047
209241
209477
212010
212178
212317
213043
213151
213881
214276
214503
214919
215765
215939
216144
216572
216736
216749
216920
217019
217566
217654
218149
218261
218325
218339
220150
220425
221295
221455
222075
222092
222235
222514
222690
223608
223802
224098
224116
224290
224403
224620
225662
226092
227505
227695
228151
228659
228670
229325
229679
230077
230216
230740
230959
230981
231523
232042
232107
233048
233622
233675
233725
233840
234241
234504
234585
234605
234952
235278
235345
235730
235762
236956
237060
237676
238611
240152
240903
241175
241241
241355
242317
242459
243001
243023
243240
243589
243682
244399
245657
246444
246469
246484
246633
248108
248585
249042
249322
249380
250512
251119
251215
251219
251448
251480
251687
251968
253171
253396
254028
254051
255182
255204
255239
255305
256393
256446
256646
256667
257632
257853
258000
258180
258545
259638
259964
260098
260404
260670
260970
261208
261432
261466
261547
261767
262592
263103
263484
264176
264422
264515
264629
264888
265082
265511
265644
266728
267014
267015
267061
267725
267876
268244
268287
269682
270013
270071
270191
270262
270972
271130
271260
271806
272100
272498
272652
272692
272785
272854
272860
273600
273613
273975
274703
274965
275101
275372
275538
276331
277122
277196
277256
277374
277477
277939
279589
279923
279945
280405
280715
280899
281358
281596
282575
283065
283131
283150
283500
283509
284199
285258
285751
286238
286488
286588
286653
286801
287447
288012
288959
289370
290138
290333
290565
290685
291192
291633
291806
291915
292342
294057
294188
294213
294604
294687
296229
297647
298076
298159
298726
299353
299553
299580
299885
299894
299961
300220
300739
300875
301226
301468
301903
302457
303086
303102
303569
303625
303957
304261
304329
305788
305985
307885
308796
308814
309548
310758
310874
310969
311591
311744
312174
312404
312893
313014
313616
313633
313814
314151
314663
315231
315414
316604
317650
317881
318041
318388
318749
318911
319315
319623
319684
319941
319954
320760
322252
322261
322883
323084
323601
324110
324673
325259
325897
326349
326588
327082
327422
327632
327835
328991
329155
329250
329315
329602
329936
330120
330359
331437
331495
332052
332393
332962
333224
334749
336148
336734
336771
336990
337468
337627
338080
338101
338642
339465
339551
340295
340710
340859
341248
341432
341565
341681
341876
342034
342187
342595
343149
343605
343860
343873
344015
344415
344509
345067
345233
345855
346585
347416
347630
348204
348240
348360
348385
348427
349271
349355
349548
349609
349684
349734
349806
350044
351088
351772
352634
352739
353173
353305
353518
354053
355583
355833
356073
356275
356348
357059
357808
358564
358584
359563
359948
360123
360517
361357
363022
363451
363807
364178
364210
364236
364363
364751
365073
365179
365309
366588
366602
366815
366829
367599
368167
368364
368865
369286
369358
369442
369623
370465
370573
370675
370801
371162
371195
371354
371777
372054
373802
374071
374618
374723
374875
374957
375064
375526
376603
377022
377375
378376
380118
380791
381455
381657
382592
383011
383296
383424
384294
384558
384645
384854
384867
385098
385270
385363
385473
385740
386887
387131
387242
387307
387396
387733
388342
388416
388750
388846
389376
389409
390520
390729
390851
391059
391717
391812
392129
392191
392270
392352
392759
393561
393973
394053
394493
395954
396280
396636
396813
397593
397715
398048
398463
398686
398868
398982
399211
399721
400104
400923
401080
401379
401688
401877
402828
402976
403226
404537
404832
406077
406853
407350
407815
407850
408040
408442
409116
409464
409537
409811
411031
411574
411670
412160
412401
414124
414998
415072
415361
416628
417434
417499
417796
418493
418540
419046
420009
420099
420185
420258
420661
420759
421316
421546
421559
421653
421833
421883
422362
423487
423714
423752
423794
424214
424371
425430
425745
425766
426028
427276
427349
427525
427613
427809
427951
428354
428687
430154
430187
430370
430502
430548
430550
430735
430775
431055
431537
431821
431951
432185
432186
432334
433973
433975
434254
434813
435521
436022
436689
436794
436824
438429
438498
438658
438834
438936
439076
439584
439799
439807
439889
440455
440476
440644
440670
441531
441706
443091
445466
445896
446438
447228
447365
447571
447686
448259
448265
448832
448910
449028
449688
450882
450888
451021
451366
452462
452509
452617
452631
452717
453327
453459
453520
453590
454808
455106
455119
455885
456014
456538
456544
456585
457204
457930
458235
458633
458850
459518
459856
459857
459891
459960
460286
460986
461666
462298
462851
463681
464102
464265
464266
464513
464636
465289
465404
465820
466044
466057
466156
466846
467265
467707
469217
469324
469412
469648
469862
470145
470288
471381
472177
472184
473782
473852
474441
474969
475204
475265
475420
476098
477094
477423
477425
477504
477522
478048
478527
478578
479346
479404
479643
479764
480181
480325
480598
480686
480795
480860
481280
481459
481649
482664
482910
483192
483265
483929
484420
484639
484711
484954
485244
485581
486218
486289
487028
487739
488188
488696
488854
488855
488922
489617
490808
491014
491133
491265
491850
492598
492812
492829
493093
493291
493316
493662
493981
494137
495048
495776
495854
495964
495966
496741
498207
499534
499710
499936
500151
500244
500833
502275
502386
502930
502972
503547
503853
504036
504615
504685
504697
505145
505421
505945
505969
505982
506014
506063
506131
506215
506424
507268
507391
507708
508407
509090
509268
509413
509519
509720
509882
509973
510530
511107
511178
511763
512070
512188
512550
513566
514096
514557
514697
514814
515855
515918
516796
517518
517565
517583
517881
518418
519791
520473
521444
521592
521627
521852
522000
522220
523944
524313
524507
524726
525474
525481
525650
526060
527446
528406
528417
528418
529011
529424
531097
531208
531296
531891
532796
533921
534443
534679
534761
535064
535477
536054
538299
538400
538928
539184
539450
539505
540570
541321
541818
542188
542518
543276
543516
544359
545678
545747
545908
545960
546118
546612
547687
549457
549832
549846
550707
550887
550894
551401
551800
551931
552051
552539
552699
552700
553298
553534
553743
553781
553975
555109
555239
555322
555830
556034
556108
556168
556359
556370
556985
557442
557613
557849
557979
557984
558639
558672
558795
559689
560359
560522
560775
560794
561318
561578
561647
562136
562378
562766
562851
563564
563682
563749
563926
564221
564394
564408
564714
564735
565309
565505
565706
566464
566707
568043
568959
568992
569311
569718
570154
570333
570506
570880
571434
572263
572273
572504
572727
572760
572872
573291
573474
573729
574429
574824
574887
576079
576100
577003
577267
577403
577556
578590
578793
579766
579930
580988
581001
581226
581544
581657
581676
581936
582046
582568
582696
583026
583812
584427
584583
584680
584999
585856
586514
586810
587108
587504
587664
587717
587739
588088
588846
589387
590202
590311
590567
591006
591739
591861
592263
592572
592642
593062
593417
593515
593770
594378
594878
595220
595340
595751
597135
597390
597405
598667
599273
599289
599541
599601
600819
601225
601287
601746
601944
602131
602374
602668
602873
603299
603406
603636
603886
604374
604544
605052
605903
605929
606034
606194
606314
606889
607251
607857
608074
608346
609324
610241
610265
610301
610417
610907
611584
613686
613834
614336
614409
615396
615737
615857
616043
617300
617377
617761
617845
617883
618636
618688
618776
619284
619507
619676
619730
619918
620005
620474
620552
620579
620712
621369
621798
622438
622984
623044
623360
623567
623985
624873
625185
625291
625940
625968
626497
627651
628796
629138
629349
629844
629946
629989
630049
630622
631104
631179
631228
631408
631648
631721
632177
633468
633638
633648
633850
635432
635677
636127
637633
637953
638299
638820
638935
639162
639710
639777
639940
640238
640570
640759
641074
641930
642533
643006
643206
644366
645274
646156
646322
646763
647023
647552
648952
649003
649046
649080
649491
649816
650243
650867
651143
651338
651561
651755
651962
652404
653078
653213
654708
655341
655794
656214
656947
657005
658240
658731
658779
660224
661946
662106
662113
662282
662365
662458
662862
663279
663767
663975
664580
664773
664955
665829
666759
667497
667527
668370
668869
668977
669282
669455
669745
669824
670078
670148
670379
670393
670838
670876
670969
671323
671697
672340
672364
672668
672715
672949
672978
673898
674635
674654
674778
675478
675947
676728
677397
677407
677538
677990
678065
678260
678465
678747
679084
679299
679929
680477
680604
681755
681914
682279
682639
683035
683424
683821
684550
684939
685129
687019
687171
687195
687231
687424
687470
687596
687681
688801
688861
689035
689756
690667
690684
690931
691483
691925
692364
692643
693914
694246
694335
694498
694512
694536
694590
695154
695370
695631
695634
695838
696656
697050
697337
697358
697533
698191
698373
698472
699625
700232
700375
701388
701434
702322
702563
702813
703709
704337
704665
704812
705263
705357
705360
705375
705531
705920
706319
706404
706800
707538
708587
708948
709073
709518
709638
710802
710885
711744
712943
713655
713790
714068
714878
715405
715688
715936
716128
716481
717898
719323
719881
720003
720425
720769
721518
721642
722254
722670
723067
723494
724192
724901
725185
726123
726219
726248
726273
726413
726924
726944
727549
727702
727745
728058
728969
729057
729104
730239
730278
730683
730923
731541
732670
733345
733633
733940
734243
734476
734856
734922
735184
735335
735893
736040
736413
736720
737038
737153
738489
738885
739468
739609
741388
741753
742061
742603
742766
743424
743530
743971
744046
744114
744331
746154
746267
746681
747327
747646
748054
748280
749755
749913
751345
752417
752420
753258
753484
753873
754207
754638
754696
755045
755843
757433
758212
758272
758342
758344
758375
759396
759538
760468
760941
761217
761683
762015
762472
762525
762634
763097
763135
763141
763176
763777
763844
765357
765527
765733
765910
766187
766310
766380
767272
767868
768459
768724
769334
769441
770235
770373
770438
771220
771247
771276
771331
771544
772205
772297
772383
772892
773071
774176
775007
775312
775385
775447
775514
775749
775882
777535
778074
778351
778944
779078
779220
779233
779447
780044
781284
781744
783561
783735
784955
785247
785428
786316
786319
788845
789046
789258
789992
791205
792283
792351
792369
792424
792993
793411
793967
794289
794342
794745
795449
795673
796314
796494
796632
798305
798602
798623
798823
799092
799376
799624
799965
800904
801055
802704
802929
803303
803415
803591
803697
804178
805509
805939
806111
806266
806423
807011
807616
807649
807990
809296
809929
810581
810724
811374
811457
811872
812372
812905
812944
812980
813631
813834
814527
814770
815520
815595
815907
815920
815939
815958
816226
817870
818705
818737
819399
819596
819623
819889
820513
821468
821792
822092
823413
823568
823844
824200
824243
824345
824511
824776
825241
825425
825633
826243
826428
826716
827532
828160
828187
828666
828750
829680
829983
830014
830214
830836
830977
831235
831594
831601
831725
832075
832167
832587
834178
835908
836151
836934
836966
838084
838470
838753
839021
839217
839890
839999
840429
840484
841229
841292
842211
842268
842378
842751
843773
844182
844468
844509
845614
846157
846283
846415
847063
847152
849175
849371
849709
850121
850577
850660
850873
850947
852062
852728
852759
852993
853676
855149
855168
855649
856980
857206
857637
858158
858338
858714
859337
859780
860047
860160
861055
861373
861574
862238
862810
862980
863547
864005
864350
865792
866301
866685
866692
867382
867620
868229
868236
868337
868401
868544
869188
869700
869776
871676
871963
872156
872385
872586
872933
873734
873771
873805
874024
874054
874176
874349
875431
875777
876474
876536
877093
877233
877818
879307
879389
879534
879550
880255
880279
881110
881674
881879
882691
883510
883885
884513
884584
885327
885981
886356
886873
886941
887301
887989
888136
889642
889843
890609
890710
892307
892857
893571
893695
893923
894140
895789
896183
896430
896769
896878
896991
897123
897634
897909
899653
901284
901340
902123
902379
903552
904229
904428
904498
904721
905136
905632
905826
906352
907523
907541
907838
908332
908842
909240
909382
909425
909523
910112
910829
910864
911218
911820
913499
913580
913675
913684
913726
913741
913780
914180
914735
914801
915686
915906
916072
916278
916560
917235
917847
918390
918589
919590
920106
920258
921026
921120
921789
922117
922145
922515
923115
923289
923474
923518
923683
923840
923990
924224
924645
924962
925165
926123
926279
926381
926665
926860
926997
927187
927233
927395
927788
928021
928657
928746
929126
929178
929188
929732
930167
930221
931198
931326
931473
931561
931742
933124
933171
933922
934645
934841
935477
936511
937128
937636
938636
939178
939460
940120
940640
941122
941277
941734
941753
941813
941847
941975
942761
943309
943611
944770
946526
946549
946586
946638
946804
946855
947866
948058
949289
949533
949938
949949
951173
951945
952166
952318
952483
952978
953084
953315
953729
953767
954604
954663
954897
955454
955830
956114
956463
956502
956706
956757
956868
956873
957780
958485
959618
960393
960636
960755
960955
961286
962231
962325
962792
963516
963780
964016
964042
964416
964604
965155
965166
966168
966456
966462
967150
967816
968035
968086
968247
968624
969585
969602
970203
970443
970985
971100
971324
971424
972352
972723
972833
973107
973129
973999
974191
974981
975306
975389
975604
975673
975709
975965
976396
976961
977085
977142
978193
978358
978905
979277
979304
980041
980991
981149
982057
982221
982292
982315
982611
982838
983080
983337
983913
984203
984849
984968
985008
985740
986167
986442
986517
986575
987062
987407
987428
988211
988910
989332
989455
989592
989906
990415
990782
991564
991579
991993
992248
993303
993311
993537
993984
994061
994137
994473
995709
996076
996197
996957
996967
997036
997526
997907
997989
998150
998446
998532
998540
998863
999656
1000410
1000850
1001330
1001643
1002304
1002801
1002821
1005175
1005227
1006590
1006805
1007308
1007547
1008399
1009257
1009403
1009484
1009669
1010083
1010216
1010392
1010574
1010740
1011591
1011895
1012872
1014458
1016354
1017269
1017328
1017491
1018842
1019890
1020244
1020294
1020397
1020543
1020558
1022048
1022340
1022920
1023464
1023611
1023842
1024482
1024748
1025903
1026166
1026255
1026369
1027814
1028056
1028355
1028843
1028939
1029474
1029599
1029836
1030845
1032202
1033681
1033762
1034184
1034216
1034639
1034710
1034826
1036361
1036670
1036713
1038354
1038581
1038589
1038819
1039004
1039675
1040153
1041228
1041243
1041693
1041903
1042612
1042705
1043391
1043716
1043739
1043859
1043951
1044415
1045132
1045420
1045858
1045956
1046108
1046212
1048160
1048896
1049851
1050063
1050275
1050750
1051036
1052075
1052105
1052733
1053807
1053807
1053862
1053957
1054481
1054954
1055451
1056829
1057334
1057383
1057385
1057742
1057791
1057892
1058130
1058840
1059649
1059878
1060894
1060940
1061145
1061414
1061566
1062120
1062522
1063226
1065532
1065578
1065671
1066234
1066348
1066605
1067308
1067345
1067499
1067505
1067657
1067821
1068829
1069062
1070034
1070048
1070920
1071003
1071590
1071818
1071930
1072297
1072747
1072856
1072966
1073041
1073071
1073399
1074816
1075024
1075460
1075882
1076509
1078399
1079064
1079180
1079251
1079922
1080188
1080234
1080498
1080541
1081462
1081730
1081809
1081846
1081852
1082479
1082912
1083212
1085253
1085499
1086158
1086802
1086857
1087109
1087221
1087888
1088424
1089962
1091444
1092241
1092682
1092785
1093090
1093402
1093480
1093537
1094292
1094517
1095238
1095344
1095533
1095632
1096107
1096864
1097643
1098209
1099103
1099481
1099975
1100103
1100196
1100449
1100661
1101969
1102041
1102188
1102804
1103264
1103597
1103984
1105075
1105175
1105864
1105900
1106402
1106585
1107301
1107846
1108008
1108143
1108805
1108921
1109699
1110103
1110224
1110479
1111457
1111833
1111896
1112092
1112457
1112824
1112878
1113606
1114477
1114895
1115294
1115456
1116612
1116929
1117104
1117554
1118234
1118384
1118741
1119104
1120082
1120691
1120788
1121507
1121706
1121903
1123122
1123264
1123419
1123433
1123900
1124355
1124676
1124776
1124925
1125094
1125860
1126163
1126466
1126535
1126575
1126807
1127584
1127844
1127858
1128353
1128689
1128831
1129786
1130402
1130527
1130570
1131439
1131989
1132314
1133326
1133387
1133493
1134205
1134598
1135149
1135740
1135956
1136136
1136402
1137390
1138305
1138739
1139033
1139657
1139800
1139959
1140011
1140358
1140746
1140749
1141328
1141442
1142670
1143065
1143253
1143771
1144393
1144719
1144756
1144813
1144882
1145062
1145283
1145604
1145643
1145674
1146005
1146154
1146410
1146506
1147485
1147742
1148150
1148980
1149478
1149800
1150233
1150461
1150486
1151282
1151364
1152145
1152440
1152905
1153320
1153942
1154099
1154462
1154765
1155085
1155157
1155429
1155508
1155614
1156586
1157331
1157738
1157779
1159595
1159661
1159693
1159911
1160240
1160337
1160653
1160902
1161298
1161724
1162044
1162567
1163620
1164043
1164046
1164549
1165749
1166709
1167105
1167251
1167893
1168296
1168503
1169345
1170223
1170621
1171813
1171926
1172121
1172250
1172351
1172842
1172953
1173916
1174075
1174573
1174645
1175623
1176152
1176585
1176649
1177174
1177887
1177983
1178128
1178419
1178482
1178592
1178725
1178967
1179273
1179303
1179581
1179683
1180222
1180262
1180453
1180744
1181486
1181711
1182168
1182409
1183034
1183275
1183898
1184731
1185477
1185495
1185931
1185975
1186108
1186331
1186496
1186967
1187183
1187639
1187659
1188490
1188655
1189483
1189803
1189922
1190481
1190589
1191807
1191993
1192117
1193011
1193248
1196094
1196117
1196118
1196563
1197084
1197469
1198517
1199671
1200511
1200705
1200950
1201241
1201684
1202165
1202773
1203389
1204316
1204679
1204841
1205289
1205372
1205526
1205598
1205754
1206718
1207240
1207724
1209304
1209305
1209365
1209437
1209671
1210178
1210415
1210516
1210739
1210831
1210848
1211433
1211783
1212353
1212594
1212645
1213264
1213280
1213653
1213958
1214261
1214489
1214565
1214825
1215010
1216042
1216335
1216693
1216819
1217729
1218015
1219091
1219405
1219475
1219566
1219894
1219978
1220379
1220981
1221333
1221871
1222027
1222126
1222813
1224316
1224630
1224844
1224928
1225303
1225464
1225616
1225899
1226947
1227095
1227243
1227262
1227545
1228601
1228973
1228975
1229321
1230325
1230498
1230714
1230744
1230952
1231550
1232319
1232723
1233190
1233336
1233547
1233735
1234075
1234609
1235110
1235572
1236985
1237168
1237686
1238024
1238111
1238196
1239069
1242440
1242677
1242952
1243138
1243246
1243837
1243911
1244196
1244785
1245458
1245754
1245948
1246876
1247666
1247786
1248525
1249095
1249288
1249902
1250215
1250328
1250528
1251039
1251242
1251989
1252905
1253286
1253446
1254111
1255802
1255854
1256454
1256619
1256770
1256774
1257069
1257215
1257320
1257330
1257389
1257579
1257617
1257745
1257990
1259379
1260075
1260455
1261765
1263351
1263471
1264097
1264129
1264223
1264484
1264504
1265225
1265277
1265463
1265822
1266141
1266524
1266655
1267174
1268095
1268990
1269236
1269438
1269497
1270124
1270154
1270747
1270758
1270976
1271153
1271184
1272005
1272492
1272527
1272636
1272868
1273198
1273394
1273440
1273824
1273983
1274518
1274700
1275451
1275751
1276543
1277141
1277184
1278303
1279718
1280127
1280325
1280476
1281164
1281832
1282107
1282783
1283815
1284149
1284274
1284777
1285071
1285899
1286067
1287041
1287619
1288086
1288174
1288575
1289211
1289758
1290089
1290208
1290697
1291723
1291780
1292032
1292170
1292218
1292577
1292650
1292713
1292940
1293004
1294512
1295401
1295564
1296356
1296596
1296910
1297022
1297239
1297798
1297926
1298040
1298044
1298062
1298274
1298857
1298954
1298972
1300074
1300251
1301041
1301887
1301966
1302573
1302607
1302771
1302882
1303192
1303607
1304161
1304465
1305103
1305721
1305847
1306045
1307087
1307829
1308187
1308774
1309136
1309657
1310021
1310761
1310796
1311723
1312187
1312541
1312968
1313152
1314210
1315400
1315522
1316193
1316346
1316773
1316799
1317177
1317987
1318023
1318451
1318911
1319172
1320963
1321170
1322386
1322503
1323518
1323841
1324194
1324779
1324886
1324935
1326252
1326267
1326288
1327053
1327060
1327656
1327975
1328345
1328545
1328622
1329680
1329866
1330245
1331008
1332801
1332842
1332977
1333093
1333310
1333464
1333612
1333807
1334322
1334352
1334704
1335225
1335347
1335469
1335567
1335734
1335826
1336671
1336750
1337152
1337780
1337934
1338073
1338350
1338522
1338936
1339206
1339607
1339938
1340793
1340844
1340961
1341784
1342089
1342272
1342840
1343375
1343559
1344024
1344040
1344688
1344773
1344812
1346057
1346079
1346602
1346660
1346671
1346722
1346805
1346905
1346997
1347533
1348744
1348808
1349652
1349791
1349799
1350234
1350542
1351573
1351635
1351790
1351800
1351829
1352847
1352870
1352881
1352974
1352994
1353032
1353453
1353560
1353773
1354328
1354581
1354874
1355269
1355406
1356743
1356791
1356852
1357342
1358723
1359182
1359410
1359659
1359851
1360672
1360683
1361801
1362282
1362488
1362749
1363259
1363290
1363624
1365498
1365959
1368016
1368390
1368414
1369682
1370209
1370231
1370491
1370606
1370679
1370984
1371014
1371188
1371422
1371947
1372010
1372228
1372418
1372431
1373139
1373533
1373733
1373821
1373976
1374371
1374581
1374676
1375307
1375705
1377144
1377419
1377877
1378617
1378684
1378809
1378819
1379428
1380055
1380226
1380635
1381831
1381851
1382109
1382633
1383307
1383760
1383951
1383953
1384021
1384054
1384191
1384234
1384870
1385048
1385689
1386093
1386210
1386355
1386369
1386826
1387395
1387458
1388069
1388076
1388392
1388966
1389751
1389832
1390072
1390906
1391074
1391340
1391459
1391983
1392009
1392219
1392353
1392367
1392455
1393452
1394255
1394534
1394688
1394812
1395860
1395895
1396609
1396653
1397473
1398333
1398646
1399171
1399312
1399546
1400030
1400473
1400550
1400953
1402124
1402490
1402938
1403382
1403685
1404840
1405238
1405989
1406195
1406312
1406877
1407264
1407265
1407372
1407541
1407839
1407925
1408276
1408785
1409649
1409673
1409708
1409808
1410310
1411429
1411435
1412138
1412148
1412620
1412653
1413111
1413481
1414377
1414409
1414537
1414602
1414856
1415667
1416004
1416285
1416360
1416462
1417183
1417368
1418575
1418629
1418767
1419113
1419266
1419389
1421301
1421875
1423175
1423765
1424748
1424792
1424858
1425228
1425707
1426316
1426514
1426577
1427648
1427697
1428053
1428320
1428862
1430283
1430570
1431562
1431640
1432560
1432837
1433546
1433827
1434308
1435219
1435536
1436123
1436230
1436623
1436738
1437458
1437494
1437912
1438139
1438391
1438452
1438528
1438890
1438914
1439857
1440008
1441206
1441655
1442051
1442214
1442902
1443482
1443495
1444710
1445935
1446278
1446469
1446647
1447060
1447642
1448836
1448892
1449285
1449368
1449601
1449946
1449957
1450041
1450186
1452081
1452164
1453126
1454086
1454267
1454418
1454665
1454932
1455057
1455159
1455264
1455334
1455418
1455703
1455820
1455846
1455964
1456255
1457198
1458062
1458508
1458721
1459808
1459968
1459969
1460230
1460790
1460915
1461000
1461010
1461285
1461406
1461515
1461941
1462338
1462520
1465026
1465812
1465864
1466088
1466364
1466734
1466822
1467138
1467172
1468266
1468589
1470399
1471306
1471808
1471864
1472040
1472320
1472671
1472825
1473219
1473579
1473806
1474935
1475302
1476956
1477390
1477512
1477558
1478384
1478540
1478687
1478849
1478963
1479456
1479486
1481005
1482185
1482371
1482573
1482805
1483098
1483242
1483362
1485087
1485586
1486194
1486897
1487866
1488306
1488653
1488677
1488983
1489372
1489625
1489883
1489895
1490014
1490145
1490592
1490884
1491127
1491208
1491597
1491872
1492026
1492101
1492376
1493323
1493327
1493402
1494390
1494456
1494586
1495358
1495587
1495604
1495928
1496128
1496261
1496757
1497418
1497571
1497573
1497686
1499353
1499766
1499950
1500200
1500750
1500902
1501505
1501873
1502978
1504517
1505106
1505390
1505644
1505978
1506114
1506653
1506710
1507490
1509659
1509805
1509988
1510040
1510349
1511045
1511050
1511055
1511325
1511452
1511673
1511795
1512041
1512320
1512451
1512537
1512739
1513305
1513408
1513718
1514294
1514520
1514884
1515058
1515140
1515475
1515804
1516480
1516743
1517372
1518873
1519700
1519717
1520161
1520293
1520979
1521658
1522147
1522791
1523886
1524130
1524439
1524730
1525010
1525237
1525436
1525505
1525539
1526770
1527547
1527944
1528029
1528810
1528943
1528973
1529694
1529807
1530467
1531522
1531690
1532100
1532375
1532921
1533861
1534835
1535065
1535350
1535482
1535695
1536485
1537455
1537520
1537776
1537818
1537877
1538584
1538675
1539262
1539648
1539940
1540377
1540428
1540574
1540608
1541008
1541259
1541272
1541813
1541876
1542358
1542426
1542472
1542587
1542686
1543350
1543939
1544022
1544780
1545831
1545940
1546128
1546236
1546245
1546299
1546331
1546351
1546360
1546650
1546938
1547032
1547491
1547830
1548943
1549370
1549613
1549672
1549819
1549826
1549995
1550865
1552178
1552817
1553241
1554051
1555089
1555108
1556108
1556246
1556247
1556570
1556639
1557603
1558431
1558913
1559025
1559067
1559786
1560265
1560584
1560841
1560907
1561463
1561849
1563293
1563342
1564827
1565799
1566346
1566348
1566513
1568409
1568859
1568930
1569160
1569381
1569612
1569630
1570140
1570369
1570872
1571822
1572321
1572346
1573058
1573092
1573184
1573188
1573322
1573363
1573755
1574668
1575110
1575920
1576112
1576206
1576456
1576550
1577017
1577354
1577625
1577651
1577710
1578379
1578771
1579130
1579179
1579825
1580162
1580337
1580737
1581076
1581170
1582121
1582253
1582285
1582917
1583057
1583423
1583859
1584253
1585711
1585763
1586002
1586532
1587534
1587573
1588208
1588348
1589894
1590199
1590452
1590692
1591336
1591684
1592576
1592939
1593216
1593233
1593769
1593956
1594343
1594617
1594926
1595050
1595615
1595695
1596040
1596449
1596843
1596863
1597468
1597731
1598686
1599239
1599242
1599531
1600086
1600493
1600938
1601080
1601294
1601540
1601833
1602194
1602346
1602367
1602667
1602893
1603612
1604019
1604312
1605314
1606454
1607505
1607567
1607781
1607874
1608055
1608761
1608868
1608887
1609126
1610749
1611902
1612687
1613111
1613138
1613259
1613753
1613787
1614629
1614940
1615127
1615882
1616003
1616152
1616228
1616890
1617134
1617215
1617971
1618727
1618974
1618978
1619462
1619679
1619975
1620216
1621360
1621744
1621813
1621916
1622341
1622861
1623411
1623556
1623599
1623924
1624601
1625167
1625321
1625441
1626197
1627585
1627697
1627908
1628065
1628153
1628379
1629501
1629876
1630088
1630092
1630421
1630687
1630779
1631003
1631694
1631781
1632451
1633256
1634455
1634714
1635058
1635907
1636253
1636283
1636652
1637064
1637613
1637984
1638627
1639010
1639302
1639437
1639523
1639624
1639707
1639834
1641001
1641278
1642343
1642728
1643038
1643238
1644558
1644562
1644806
1645032
1645075
1645537
1646458
1646507
1646540
1647557
1647968
1648136
1648198
1649261
1649878
1650226
1650230
1650246
1650584
1651067
1652037
1652071
1652134
1652419
1652762
1652977
1653139
1653610
1654086
1654753
1655102
1655281
1655462
1656020
1656067
1656785
1657010
1657321
1658409
1658544
1658680
1658815
1659360
1659588
1660282
1660330
1660642
1661034
1661934
1662328
1662972
1663018
1663878
1664204
1664263
1664869
1665007
1665562
1666436
1666510
1666524
1666627
1666750
1667815
1668369
1668600
1669099
1669318
1669468
1669823
1669952
1670327
1670538
1670587
1671457
1671633
1671953
1672698
1672999
1673099
1673121
1673401
1673539
1674033
1674055
1674166
1674171
1674370
1674634
1675364
1676078
1676208
1676508
1677074
1677376
1677441
1677517
1677934
1678753
1678870
1678953
1679405
1679585
1680006
1680989
1681058
1681098
1683740
1683909
1683934
1684511
1684712
1684937
1684953
1685066
1685224
1685813
1685985
1685997
1686073
1686082
1686516
1686544
1686612
1687026
1687474
1687762
1688358
1688379
1689505
1689670
1691131
1691466
1691605
1691692
1691805
1692067
1692134
1692274
1692355
1692548
1692771
1692808
1692971
1693192
1693440
1694592
1694850
1695331
1695395
1695653
1696019
1697372
1697665
1699313
1699689
1700024
1700037
1700546
1700792
1700912
1701018
1701881
1702251
1702477
1704303
1704466
1704712
1704723
1704813
1705088
1705537
1705664
1705667
1705689
1705817
1707439
1707481
1707540
1707753
1707866
1708217
1708589
1708594
1709415
1709422
1710949
1711265
1711922
1712529
1713789
1714815
1715214
1715236
1715616
1715890
1716228
1716741
1717044
1717182
1717201
1717247
1717373
1718344
1718649
1718662
1719210
1719718
1719832
1720411
1720834
1721023
1721110
1721474
1721500
1721544
1721832
1722306
1722797
1722870
1723198
1724615
1725456
1725738
1726756
1726978
1727717
1728122
1729374
1729588
1730765
1731789
1731924
1732634
1733080
1733196
1733543
1734371
1735925
1736192
1736292
1737672
1737784
1738112
1738143
1738191
1738333
1738384
1738495
1738503
1738756
1739195
1739269
1739885
1740586
1740674
1741225
1741906
1741958
1742325
1742332
1742455
1742639
1743168
1743957
1744453
1744607
1744654
1744955
1745534
1745952
1746825
1746863
1748690
1749022
1749148
1749532
1749543
1749924
1749997
1750117
1750468
1750865
1751308
1752173
1752563
1754652
1754725
1754817
1754892
1755015
1755037
1756122
1756158
1756535
1756798
1757109
1757794
1758207
1759218
1759815
1759898
1760041
1760353
1760390
1760436
1760753
1760939
1761197
1761449
1761621
1761909
1763713
1763968
1764814
1765172
1765803
1767116
1767600
1767815
1767934
1768150
1769555
1769719
1770431
1770444
1770516
1770677
1770709
1770937
1771079
1771243
1771436
1771831
1771889
1772492
1772753
1773248
1773252
1775070
1775402
1775455
1775693
1776035
1776631
1776752
1777225
1777376
1777658
1777739
1778223
1778524
1778525
1778918
1779798
1780247
1780325
1780862
1780999
1781198
1781216
1781314
1781951
1782556
1782682
1782739
1783687
1784320
1784358
1784388
1784907
1785126
1786201
1786410
1787404
1787688
1787870
1788214
1788249
1788554
1788719
1789254
1789298
1789311
1789428
1790179
1790794
1790802
1791641
1791702
1791930
1792028
1792564
1792594
1793584
1793653
1793732
1794219
1795065
1796607
1796908
1796971
1798025
1798597
1798796
1799165
1799242
1799306
1799965
1800383
1801864
1802026
1802290
1804349
1804714
1804923
1805037
1806139
1806423
1806481
1806505
1807062
1807464
1808246
1808383
1808396
1808686
1809000
1809043
1809415
1809835
1809838
1809861
1810291
1810647
1811483
1811488
1811743
1812921
1812986
1813311
1813319
1813794
1814026
1815123
1815767
1816229
1816289
1816294
1816412
1816578
1817025
1817099
1817243
1817419
1817424
1817889
1818829
1818997
1819481
1819924
1819948
1820206
1820270
1820433
1820595
1820749
1820998
1821125
1821302
1821799
1822016
1822255
1822856
1823025
1823059
1824429
1824504
1824643
1824809
1826040
1826047
1826223
1826376
1826385
1826680
1826767
1827557
1827897
1829352
1829863
1830125
1830696
1831009
1831130
1832162
1832240
1832431
1832491
1833444
1833519
1833586
1834541
1834571
1835190
1835296
1835318
1835546
1835634
1835776
1835806
1836842
1837676
1837717
1837725
1837917
1837984
1838783
1839287
1839379
1839889
1839958
1841187
1841438
1841529
1841827
1842282
1842874
1843315
1843387
1844088
1844459
1844733
1845240
1845691
1845710
1845841
1846087
1846342
1847260
1847351
1848634
1849337
1849493
1849684
1849915
1850474
1850691
1850873
1850922
1851806
1852431
1852893
1854004
1854019
1854252
1854482
1854759
1855110
1855327
1855772
1856726
1857045
1857161
1857284
1857399
1858606
1858897
1859584
1859705
1860224
1860426
1860724
1861199
1861246
1861622
1862248
1862829
1863328
1864290
1865392
1866742
1868060
1868108
1868188
1868375
1868999
1869202
1869442
1870962
1871296
1871329
1871583
1871766
1871808
1872156
1872375
1872946
1872993
1873410
1874095
1874202
1874264
1874892
1875803
1876561
1876774
1876963
1877252
1877281
1878173
1878578
1878945
1879642
1880636
1881157
1882325
1882614
1883997
1884614
1885547
1885764
1885768
1885889
1885965
1886001
1887458
1888476
1888645
1888722
1888963
1888980
1889368
1890369
1890606
1891144
1891506
1891743
1891791
1892371
1892432
1892484
1892818
1893235
1893503
1894000
1895515
1895717
1895740
1896005
1896311
1896585
1896871
1896952
1897231
1897251
1897485
1897944
1898386
1898719
1898772
1898849
1898929
1900093
1900292
1900435
1900579
1900658
1900864
1901212
1901340
1902426
1902664
1902945
1903004
1903986
1904008
1904249
1904286
1904468
1904512
1904813
1905913
1906105
1906423
1906602
1907333
1907880
1907906
1908002
1908079
1908515
1910324
1910541
1911228
1911614
1911932
1912278
1912510
1913580
1913630
1914317
1914502
1914602
1916279
1916755
1918057
1918139
1919988
1921134
1921768
1922331
1922943
1923381
1923522
1923855
1924569
1924851
1925104
1925138
1925399
1925478
1925951
1926040
1926096
1926179
1926670
1926675
1926835
1927058
1927392
1927470
1930284
1931144
1931228
1931415
1931800
1931817
1932178
1932455
1932485
1932734
1933037
1933638
1933771
1933804
1934125
1934134
1934561
1935013
1935920
1936244
1937717
1938054
1938482
1938591
1938861
1938927
1939269
1939330
1939500
1939698
1940070
1940691
1940907
1941420
1941478
1942082
1942469
1942630
1943135
1943613
1944301
1944741
1944757
1945071
1946038
1946472
1946782
1947207
1947543
1948240
1948254
1948255
1948514
1948635
1949583
1950174
1950346
1950672
1950914
1951485
1951603
1951919
1952130
1952454
1952619
1953135
1953175
1954079
1954673
1955420
1956083
1956211
1956257
1956448
1956573
1956910
1957185
1957667
1957782
1957829
1957855
1958318
1958334
1959799
1959808
1960308
1960641
1961322
1961418
1961669
1961923
1962031
1962073
1962259
1962548
1962622
1962966
1963445
1964097
1964396
1965511
1966202
1966303
1966450
1966523
1966668
1967025
1967092
1967876
1968785
1969405
1970382
1970559
1971293
1972543
1973712
1973784
1974022
1974055
1974209
1974527
1974651
1974718
1974863
1974895
1975521
1975854
1976282
1976744
1977110
1977247
1977510
1977598
1977737
1978357
1978388
1978926
1978983
1979160
1979347
1979414
1979659
1979894
1980534
1980769
1980941
1981571
1981948
1982260
1982853
1983020
1983035
1983317
1983372
1983857
1984003
1985065
1985778
1985855
1986474
1987495
1987557
1988216
1988236
1988388
1988487
1988744
1988804
1988914
1988994
1989162
1989679
1990107
1991382
1991828
1991971
1992117
1992195
1992557
1993304
1993321
1993590
1994509
1994665
1994935
1995081
1995566
1995854
1996882
1996966
1997019
1997168
1997487
1997643
1999035
1999736
1999893
