219 ms..
311
1261
2575
2715
3096
3402
3679
4357
4493
4969
5568
5626
6127
6981
7773
7854
8031
8042
8556
8600
9077
9300
9326
9733
10400
10612
11370
11493
11515
11859
11885
12091
12180
12228
13465
14044
14832
15274
15528
15735
16173
16410
16434
16784
17311
17539
17768
18021
18237
19091
19282
19442
19581
20939
20966
21730
22590
22823
23052
23142
23397
23817
24364
24567
24906
25967
26179
27475
27482
27506
27677
28045
28224
28300
28392
29548
29679
30403
30440
31499
31650
32051
32357
33286
33345
33674
33945
34022
34602
34676
34778
34882
35579
36066
39961
40128
42031
42391
42848
43091
43901
43919
44567
44850
45213
45247
45460
45537
45760
45862
46597
47196
47321
47797
48124
48299
48689
48795
49107
49865
49929
49969
50320
50416
51133
52044
52389
52415
52649
53583
54083
54092
54323
54466
55750
56043
56104
57006
57489
57912
57931
58643
58783
59130
59392
60337
60925
61043
61702
62519
62824
63327
63833
64809
65111
65207
65214
65668
66146
66427
66729
66932
67109
67555
67689
67722
67773
67844
68002
68067
68219
68280
68484
69212
69402
69523
69909
70751
70973
71292
71400
71942
72121
73239
73296
73508
73794
73868
73962
74211
74214
75045
75120
75165
75310
75318
75555
75637
75892
76523
76795
77092
78228
78456
78875
79193
80075
81064
81166
81373
81463
81686
82463
82588
82640
82661
82685
83149
83196
83234
83344
83632
84501
84844
86415
86550
86756
86777
86822
87150
87224
87623
87736
88475
88522
89137
89430
89635
89729
90501
90829
90887
90918
91078
91521
91624
92924
93021
93029
93202
94111
94372
94388
94500
94577
94808
94857
95309
95914
96448
96882
97067
97157
98031
98427
101618
101859
101890
102271
102490
102691
103616
104352
104372
104889
105069
105272
105555
106134
106988
107239
107589
107828
107834
108253
108469
109943
110076
111190
111266
112164
112226
112599
112943
112983
113054
113760
113958
114477
114591
114757
114970
115220
115389
115983
116292
117031
117434
117479
118607
119224
119331
121132
121410
121695
121805
122140
122612
123201
123248
123458
123507
124017
124331
124631
124666
125084
126427
127209
128871
129277
129448
129589
129718
129744
129946
130078
130782
131006
132049
132161
133167
133644
133732
134193
134534
134720
134765
134797
135339
135851
136393
136520
137208
137848
138316
138652
138661
138669
139479
139511
140596
141088
142122
142606
142613
143023
143250
143470
143914
145979
146379
147072
147080
148872
148984
149096
150010
150348
150456
150631
151317
152105
152575
152630
152689
152746
153008
153137
153224
153377
153741
154454
154725
154900
155071
155339
155466
155668
155703
156028
156603
156827
157594
157640
157763
157773
157903
158284
159027
159768
159792
159793
159887
159958
160464
161934
162007
162432
162809
162925
163147
163559
163762
163771
164416
164769
165835
166266
166519
166543
167373
167651
167715
168733
168748
169288
169308
169764
169766
169845
170213
170321
170397
170661
170749
170990
172290
172491
172539
173039
173231
173236
173265
173600
173978
174330
176129
176476
177234
177540
177550
177820
178640
179394
179908
181034
181309
182761
184146
184467
184487
185363
185913
186042
186212
186426
187090
187367
187788
188003
188897
189238
189629
189898
190093
190557
191025
191621
191966
193240
193554
193907
193972
196000
196255
196418
196898
197140
197511
197844
198223
198356
198949
199082
199365
199699
200490
201797
201845
202011
202073
202245
202371
202554
203147
203169
203807
204046
204777
204949
205222
205650
205772
206195
206198
206887
207095
207147
207625
207830
208195
208228
208312
209204
209824
210432
210436
210486
210754
211222
211237
211601
214063
214067
214069
215137
216177
216897
217189
217936
218102
218500
218904
220030
220524
220668
220824
221099
221128
221249
221581
222276
222418
222418
222428
222461
223080
223140
223520
223526
223526
224294
224871
225170
225509
225630
225662
226138
226748
226816
226940
227537
228301
228574
228870
229435
229460
229525
229615
229755
229894
230254
231286
231612
232437
232478
233039
233419
234259
234622
234771
236102
236385
237123
237546
237659
238172
238193
238499
238724
240804
241399
241566
242577
242946
243559
243567
243970
245345
245595
245755
246068
246774
247179
247436
248350
248766
249255
250136
250510
251058
251152
251153
251488
252560
252570
252611
253237
253381
253389
253404
254039
254340
254751
255041
256281
256507
256808
257373
257747
258340
258922
258972
259791
260412
260588
261082
261705
262001
263056
263675
264015
265081
265588
265681
266050
266126
266536
267108
267113
267420
268101
268406
269757
269958
270245
271949
271982
272548
273003
274002
275217
275430
275863
276178
276308
276982
277417
277622
277935
277980
278746
278756
279336
279573
280738
280796
280881
281081
281279
281658
282667
282803
283894
283929
284530
284723
285128
285175
286996
287284
287537
287748
287852
288924
288946
289000
289368
290306
290814
291075
291327
292017
292790
293029
293202
293686
294146
294192
294667
295202
295554
296045
296768
296991
297094
297143
298111
298468
299109
299169
299226
299333
299568
299596
299741
300949
302733
303195
303960
304122
304545
305278
305491
305832
306164
306348
306692
307150
307194
307223
308143
309058
310240
310707
310938
311337
312558
313148
313380
313846
314168
314306
314406
314634
315130
315673
316005
316061
316370
316437
316727
317016
317165
318324
318761
320678
320690
320693
321094
322284
322796
323219
323248
323261
323438
324698
325141
325381
325553
326319
327226
327675
328154
328499
328517
328953
329714
329790
329944
330521
331130
331240
331246
331922
332017
332076
332624
333121
333205
334055
334091
334099
334273
334824
334837
334844
335666
336213
336337
337191
337400
337573
338391
338785
338919
340461
340522
342122
342402
342587
343090
343259
343554
343726
344617
344988
345851
346202
346977
347501
348149
348660
348767
348913
349339
349359
349839
350230
350331
351236
351282
351815
352512
353427
353728
353766
353876
353950
354251
354422
354839
354876
355045
355153
355605
356335
356495
356724
357158
357356
357415
357442
357744
358376
359338
359344
359743
359809
359860
360018
360054
360170
360207
360413
362617
362770
362971
363251
363337
363441
365002
365442
365572
366214
366689
367855
367894
368632
368653
369136
369231
371062
371065
371706
373273
373581
374057
374670
375142
375395
375707
376566
378781
378860
379307
380053
380826
380839
381282
381826
381919
382363
382591
382623
383161
383714
384786
385373
385578
385686
385717
386317
386664
386778
386787
387380
388062
388575
388953
388965
389246
389362
389590
389907
390158
390591
390911
391677
391722
392312
393176
394638
395114
397761
398072
398410
399063
400079
400884
401148
401899
402104
403184
403233
403662
404289
404376
404522
405428
405468
405861
406349
406450
406485
409118
409233
409773
409911
410305
410664
411145
411397
411783
411855
411917
412251
413134
414711
414884
415255
415496
415497
416064
416690
416905
416939
417079
417124
417194
417428
417584
418511
418791
419748
420132
420225
420389
420593
420635
420986
421059
421537
421909
422425
422482
422939
422958
423201
423378
423702
424109
425484
425559
426120
426310
426333
426897
427145
427621
428060
428171
428316
429123
430280
430828
430871
431078
431532
431628
432443
432570
432662
432870
433357
434746
435281
435575
435716
435725
436374
436876
436888
437003
437141
438361
438361
438652
439169
439237
439294
439755
440161
440507
440589
441353
441391
441425
441449
441749
442456
443102
443724
443889
443899
444105
444667
444683
444723
444801
445929
446643
446752
446949
447012
447329
447485
447558
448370
448654
448932
449037
449143
449782
450297
450378
450932
451932
452119
452138
452495
452698
452940
453251
453842
453902
454331
454851
455511
455513
455798
456304
457153
458193
458260
458370
458539
458840
459306
459489
459763
460322
460927
461343
461490
461921
461927
462518
463542
464056
464142
464405
464429
464887
465093
468186
468194
468797
469975
470000
470029
470552
471228
471294
471413
471576
471789
472027
472258
472467
472714
473652
473770
474118
474231
474342
474769
474999
475060
475420
475570
475633
475634
475921
476004
476259
476357
476936
477118
477485
477619
477665
478128
478464
478966
479016
479022
479448
480054
480286
481105
481180
481335
482608
482617
483271
483780
484282
484480
484935
485219
486330
486442
486780
487434
487537
487789
487789
488629
488752
488869
489214
489782
489840
490160
490269
490990
491132
492603
492717
493239
494170
495149
495336
495566
495694
496350
496359
496773
496785
497105
497764
498040
498322
498694
499107
499374
499634
499756
499816
499958
500099
500546
500586
501298
502207
502246
502278
502467
503103
503336
503344
503431
503448
503472
503543
504351
504433
504939
505241
505309
505735
506605
507331
508179
508455
508874
509198
509289
509366
510130
510153
510154
510363
510377
510694
511491
511688
512303
512361
512625
513723
514234
514863
515079
515334
515560
515738
516261
516526
516542
516853
517789
518594
519616
520842
520891
522154
522548
522704
522708
522796
522852
523767
523776
524316
524379
524913
525146
525246
525911
525949
526060
526167
526233
527770
527892
528088
528564
529383
529527
529887
530410
530426
531214
531350
531525
531848
532065
532224
533019
533631
534192
534411
534722
535388
535389
535685
536564
536859
537384
539354
539777
540218
540581
541406
542459
542575
542863
543268
543417
543809
544153
545064
545505
546084
546546
546721
547342
547855
548110
548204
548421
548811
549033
549193
549296
549628
549840
550409
550418
550507
550660
551034
551071
552289
552367
553172
553350
553711
554386
555895
556109
556604
556663
556765
556838
557161
557436
557882
557932
558113
558326
560188
560944
561137
561451
561933
562466
562932
563068
563475
563613
564654
564733
565584
565669
566222
567258
567345
567436
568618
568747
568970
569017
569939
570103
570185
570279
570503
571383
571750
571863
571911
572301
572707
572891
573163
573272
573277
573472
573649
573691
574250
574442
574453
574588
575183
576032
576089
576643
576725
576741
577034
577041
577371
577502
577549
577594
578850
579433
579765
579934
580755
580885
581130
581179
581509
581697
581898
581937
582006
582265
582288
583547
584103
584362
584600
585032
585369
585675
586601
586979
588411
588733
589172
589306
590058
590155
590378
591262
591327
591358
591459
591548
592111
593176
593980
594268
594467
594490
594709
594727
594933
595110
595487
597542
597609
597897
598443
598711
599165
599404
599677
599807
600890
601191
601576
602816
603444
603589
604028
604353
604496
604870
604899
604945
605271
605426
606147
606745
607084
607234
607559
607652
608314
608626
609778
610134
610924
610946
611466
612622
612714
613887
614274
614421
614985
615414
616014
616080
616504
616812
617140
617145
617513
618014
618188
618209
618241
618897
619266
619281
619340
620442
620702
620818
621741
622246
623223
623379
623561
623919
624201
624356
624437
624500
624516
624884
625056
625397
625680
625737
625975
626212
627349
628563
628811
628999
630034
630619
631118
632270
632656
633753
633802
634698
635243
635287
635389
635940
637188
637193
637297
637541
637805
637841
638455
639013
640079
640180
640811
640903
641082
641091
641727
642458
642609
642736
643815
643883
644286
644465
644705
645053
645168
645317
646303
646453
647096
647217
647437
648614
648991
649884
650022
650826
651134
651254
651440
651445
652061
652483
652550
653344
653882
654128
654328
654813
655511
656109
656435
657611
658239
659395
659626
660672
661871
662241
662283
663177
663717
664032
664097
664500
664892
665136
665589
666120
666545
667218
668551
668679
668708
668961
669335
669931
672068
672568
673348
673584
674055
674250
674372
674672
674989
676595
676648
677047
677300
677396
677781
678087
678103
678351
678352
678354
679179
679742
679800
680598
682018
682283
682488
682779
683517
683563
683618
683738
684711
684979
685004
685829
686030
686506
687187
687352
688142
688311
688632
689450
690328
690432
691281
691320
691394
692224
693123
693365
693384
693822
694811
695513
695634
696259
696842
696923
697697
697800
698327
698380
699254
699359
699603
700443
700699
700773
700871
700940
701134
701272
701525
702979
703078
703432
703804
703940
704402
704498
704877
705467
706277
706616
708054
708516
708781
708907
709047
709360
709766
709811
710045
710372
710585
710724
710754
710856
710986
711115
711418
711590
711731
711997
712133
712239
712766
713223
713634
714308
716350
716526
717245
717260
717269
717331
717930
718039
718249
718284
719326
720791
721492
721952
722039
722354
722835
723243
723269
724179
725361
725980
726241
726881
726904
728897
730118
731233
731769
731857
731954
732404
733952
734937
735412
736208
736429
736591
737253
737506
737731
737760
738764
739014
739095
740259
740521
740696
741010
741080
741523
741527
741648
742027
742946
743295
743505
743561
743895
744581
744811
744847
745069
745303
745731
746014
746210
746756
747610
748484
748610
749311
749672
749741
749766
750355
751342
752446
753492
754196
754437
754644
754839
755316
755533
756143
757699
758568
759324
760543
761022
761508
761740
762174
762701
763306
763508
763792
763945
764456
764785
765258
765548
766126
766317
766460
766543
766864
766946
767312
768060
768060
768084
768196
768389
768400
769799
770504
771436
771477
771704
771996
772605
773104
773661
774164
774278
774527
774560
775203
775555
775651
776478
777423
777535
777935
778188
779040
779331
779507
779573
779836
780456
780900
780904
781082
781555
781614
782220
783437
783872
783973
784191
784382
784960
786545
786568
786714
786740
786901
787010
787025
787197
787361
787585
788022
789128
790075
790381
791128
792232
792436
792525
792705
792943
793083
793253
794160
794561
794853
795700
795993
796202
796394
796423
796552
797295
797944
798590
798630
799391
799757
800001
800098
800392
801177
801279
801339
801619
802117
803133
803191
803206
803495
803536
804206
804220
804463
804710
805228
806517
806593
806665
806953
807347
808111
808129
808803
809050
809211
809415
809432
810701
811142
811147
811331
811424
811699
811833
812011
813563
813839
815205
815907
816112
816229
817411
817865
817876
818995
819072
819840
820271
820300
820481
820636
821787
821828
822073
822980
823028
823136
823455
823541
823927
824256
824668
824779
824851
825217
825274
825514
825758
825930
826792
827187
828498
828537
828562
829327
829487
829674
831018
831254
831425
831538
831705
832254
833096
834205
834353
834972
835274
835607
836804
836947
838692
838878
840449
840480
841029
842150
842953
842999
843277
843359
844238
844550
844575
844759
844947
845129
845594
845633
845940
846703
847568
848269
848484
848974
849126
849582
850097
850601
850662
851380
851501
851989
852031
852173
853876
854346
854728
856027
856131
856163
856279
856439
856645
857091
857172
857267
857753
858490
858509
858648
860053
861073
861363
863293
863339
864627
864701
865288
866193
866586
867021
867423
868334
869773
869879
870118
870159
871211
871227
871330
871897
872175
872665
872808
872954
873065
873338
873396
873716
873815
873836
873941
874144
874295
874869
874948
874966
875027
875805
875993
876459
876857
876917
876978
877155
877170
877281
877703
878166
879775
880016
880933
881638
881663
881883
881927
882000
882021
882107
882205
882854
883120
883201
883520
883624
883795
884599
884748
884838
885144
886230
887344
887722
887799
887863
888621
888742
889090
889305
889463
890114
891107
891253
891262
891465
891890
892424
892654
892848
894130
894153
894471
894495
894666
894737
895071
895309
896222
896872
896972
897177
897257
897830
898298
898594
898655
899671
899896
899901
900745
900939
900996
901969
902985
903191
903293
903390
903425
903429
903653
903660
903713
903719
903872
903953
904224
904447
904469
904669
905054
905162
905582
905603
905722
906399
906402
906867
907199
908409
908672
909773
910703
911049
911641
912013
912135
912315
913242
913652
913689
913715
914042
914243
914781
915108
915361
915727
915874
916439
916679
916712
917156
917262
917586
917918
918203
918240
918314
919390
919593
920024
920026
920377
922219
922437
922544
922972
923682
924861
925057
925856
925926
926225
926261
926283
927417
927500
927520
928354
928836
928837
929260
929451
929481
929578
930256
930759
931895
931974
931979
932858
933242
933362
933442
933869
933952
934904
935690
937163
937528
937822
938043
938437
938604
938882
940175
940277
940894
941193
942365
942410
942550
943314
943855
943928
944160
944307
944329
944515
944864
946003
946175
946281
946523
946532
947546
947991
948160
948305
948354
948381
949168
949227
949284
949409
949870
949870
949922
950251
950573
950654
951263
951589
951739
952038
952089
952710
953514
954137
954955
955079
955288
956022
956655
958291
958507
958627
959178
959435
959546
960301
960365
961036
961339
961354
961615
961664
962236
962295
963268
963334
963822
964018
964276
964938
965349
965770
966552
966641
966657
966724
966957
967332
967334
967992
968045
969018
969064
969389
969623
970554
970572
970964
970989
971291
972837
973068
973070
973743
973789
974267
975098
975551
975910
976058
976470
976986
977707
977901
978533
980549
980974
981284
981335
981543
981866
982356
982391
982809
982827
982954
983164
983656
984054
984228
984648
986218
986620
986672
986714
986819
988154
988242
988349
988987
989145
991533
992008
992910
993684
993959
994427
994943
995968
996633
996691
997262
997962
998426
998820
999007
999606
999818
999889
1000847
1002002
1003351
1003926
1004793
1005686
1006689
1006926
1006934
1007204
1007964
1008125
1008254
1008489
1009065
1010000
1010128
1010134
1010366
1010751
1010900
1011620
1011847
1012101
1012175
1012417
1012615
1012740
1012854
1012873
1013038
1013240
1013488
1013876
1014230
1014300
1014347
1014352
1014460
1014468
1014829
1015249
1015564
1016362
1016671
1017347
1017554
1017866
1018859
1019154
1019189
1019452
1019625
1020409
1020473
1021323
1021940
1022270
1022314
1022781
1023537
1023697
1024087
1024316
1024488
1025039
1025125
1026108
1026203
1026330
1026641
1027218
1027967
1029951
1030346
1030496
1030716
1030809
1032377
1032868
1033004
1033618
1033733
1034255
1034346
1034710
1034738
1034914
1036237
1036455
1037981
1038394
1039097
1039385
1039570
1039773
1040201
1040436
1040497
1040645
1040712
1041202
1041569
1042384
1042618
1043589
1043768
1043891
1044344
1044431
1044790
1044820
1045067
1045105
1046143
1046518
1046667
1047011
1047060
1047133
1047322
1048370
1048474
1048818
1048978
1049166
1049207
1050056
1050066
1050220
1050860
1050886
1051986
1052097
1053463
1055099
1055536
1056400
1056438
1056529
1056584
1056624
1056927
1057153
1058065
1058423
1058589
1058827
1059398
1059567
1060131
1060402
1060779
1061008
1061545
1061747
1061876
1062303
1062318
1062368
1062584
1063091
1063900
1064822
1065075
1065383
1065705
1065837
1066190
1066428
1066636
1067055
1067322
1067676
1067770
1067906
1068001
1068961
1069410
1069897
1069938
1069975
1070101
1070133
1070606
1070792
1070946
1070964
1071031
1071773
1072130
1073711
1073895
1074018
1074130
1074210
1074288
1074303
1075780
1075956
1076139
1076336
1077020
1077154
1077766
1078268
1078481
1079511
1079754
1080435
1080488
1080582
1081194
1081502
1081886
1084431
1084660
1085035
1085470
1085474
1085515
1085764
1086990
1087124
1087197
1087673
1087867
1088214
1088232
1088879
1089188
1089880
1090014
1090622
1091605
1091617
1093123
1093124
1093151
1093589
1094268
1094856
1095131
1096094
1096500
1096941
1097282
1097327
1097471
1097748
1097752
1097835
1097921
1097962
1097980
1098065
1098268
1098384
1098770
1099055
1099578
1099945
1100139
1100372
1101044
1101312
1102231
1102728
1102743
1102807
1104420
1104711
1105924
1106063
1106370
1106425
1106681
1106849
1107860
1107861
1107912
1108083
1108296
1109220
1109486
1110190
1110536
1110567
1110688
1110860
1110902
1111634
1111733
1112497
1112927
1114505
1114616
1115662
1115680
1115845
1116086
1116408
1116729
1117622
1117834
1118236
1118473
1119107
1119606
1120088
1120269
1120706
1121015
1121034
1122577
1122611
1123032
1123759
1124425
1124657
1124814
1124876
1125238
1125572
1126004
1126133
1126175
1126278
1126413
1126983
1127515
1127610
1127875
1129419
1130133
1130618
1130698
1131861
1132160
1132225
1132307
1132337
1132900
1133109
1134148
1134526
1135448
1135626
1136021
1136287
1138399
1138822
1139091
1139537
1139817
1139901
1140081
1140167
1140664
1141389
1142970
1143594
1143788
1144401
1144949
1145637
1145790
1145947
1146075
1146087
1147096
1147369
1147385
1147959
1148552
1148945
1149395
1149816
1150424
1150515
1151019
1151400
1151667
1151864
1152559
1152584
1153330
1153768
1153798
1154129
1154688
1155046
1155953
1156213
1156951
1156973
1157310
1157403
1157757
1157807
1158636
1158782
1158977
1159264
1160038
1160122
1160185
1160644
1161296
1161479
1161550
1162203
1162408
1162834
1164311
1164605
1164605
1164807
1164839
1165077
1165433
1165605
1166040
1166243
1166420
1167083
1167134
1167653
1167842
1167979
1168206
1168746
1169572
1169621
1169752
1169893
1169974
1170093
1171271
1171374
1171651
1171923
1172435
1172794
1173089
1173353
1174370
1174679
1175073
1175665
1175930
1176115
1176286
1176839
1177059
1177205
1177476
1177628
1177737
1177976
1178304
1178783
1178833
1179231
1179556
1179708
1180442
1181288
1181381
1181528
1181682
1183726
1183762
1184489
1184694
1185195
1186595
1186602
1186604
1186760
1188045
1188252
1189045
1189296
1189730
1189781
1189824
1190747
1190931
1191193
1191874
1192921
1193197
1193932
1194058
1194060
1194276
1194944
1195266
1195516
1195529
1195837
1196126
1197809
1199152
1200374
1200432
1200815
1200829
1200979
1201315
1201423
1202014
1203037
1203416
1203485
1203568
1203634
1204044
1204369
1204425
1204447
1204851
1204883
1205078
1205220
1205535
1206305
1206608
1206692
1206746
1207172
1207226
1207494
1207501
1208218
1208232
1208372
1209447
1209911
1210573
1211299
1211384
1211742
1211761
1212341
1212912
1213065
1213124
1213713
1214324
1214408
1215329
1216621
1217192
1218207
1218368
1218425
1218789
1218833
1219134
1219506
1219541
1219930
1220047
1220223
1220384
1220534
1220558
1220656
1220679
1222646
1222922
1223008
1225344
1225522
1226783
1227477
1228100
1228512
1228558
1228879
1229314
1229331
1231873
1231932
1232102
1232222
1232230
1232657
1232701
1232717
1232770
1233651
1233783
1233962
1234474
1234522
1235139
1235690
1235781
1236514
1237197
1239117
1239959
1240187
1240194
1240431
1240624
1241847
1242070
1242468
1243024
1243171
1243771
1243865
1243987
1244076
1244135
1244339
1244358
1244386
1244768
1244777
1244950
1245583
1245692
1245951
1246727
1247259
1247605
1247795
1248914
1248961
1249030
1250115
1250504
1251554
1251699
1252191
1252434
1252920
1253303
1254177
1255111
1255276
1256624
1256778
1257010
1257209
1257376
1257835
1258505
1258985
1259553
1260153
1260541
1260681
1261568
1261776
1261968
1262452
1263552
1263926
1264071
1264174
1265671
1265790
1266435
1266518
1267093
1267304
1267380
1268188
1268212
1268600
1269140
1269154
1269408
1269411
1269593
1270121
1270245
1270554
1271075
1271108
1271509
1272334
1273045
1273161
1274061
1274257
1275166
1275361
1275999
1276032
1276321
1276573
1276996
1277107
1277934
1277942
1277957
1278288
1278652
1278697
1279289
1280967
1281341
1281501
1281561
1281647
1282402
1282495
1282499
1282538
1283577
1283845
1284107
1284501
1286029
1286453
1286469
1287125
1287268
1287378
1287460
1287650
1287679
1287710
1287900
1287906
1288210
1288905
1288986
1289104
1289913
1290151
1290619
1290853
1290866
1291103
1291624
1292770
1292862
1293668
1293738
1294132
1294466
1294496
1294862
1295252
1296306
1296323
1296578
1296957
1296993
1297440
1298037
1298117
1299201
1299233
1299287
1299290
1299735
1300450
1300483
1300645
1300896
1301016
1301083
1301383
1302298
1302709
1304150
1304154
1304537
1304553
1304867
1305052
1305187
1305362
1305509
1305891
1306051
1306485
1306753
1306853
1307219
1307645
1307753
1307971
1308304
1308585
1309546
1309700
1310283
1310429
1310768
1311048
1311069
1311299
1312601
1313210
1313762
1314745
1315203
1316427
1316617
1316890
1317300
1318611
1319953
1319976
1320413
1321274
1321681
1322830
1323026
1323759
1324161
1325061
1326345
1326727
1326919
1327021
1327217
1327452
1327876
1328131
1328254
1328970
1329089
1329097
1329140
1329407
1329477
1329768
1329984
1329988
1330205
1330409
1330966
1331352
1331419
1331788
1331965
1333433
1333438
1333977
1334568
1334587
1335013
1335545
1336076
1336594
1337138
1337166
1337241
1337460
1337537
1337986
1338395
1338495
1339268
1339434
1340088
1342381
1342425
1343678
1344072
1344390
1345018
1345271
1345802
1345837
1346041
1346969
1347089
1347203
1347656
1348119
1348298
1349427
1349515
1350449
1350997
1351326
1351362
1351859
1353490
1354269
1354487
1354858
1355056
1355153
1355440
1355633
1356015
1356035
1356122
1356189
1356208
1356655
1357124
1357217
1357537
1357574
1357687
1358460
1358535
1358583
1358979
1359107
1359205
1359434
1359840
1360016
1360111
1360275
1360526
1360597
1360705
1360755
1361031
1361072
1361276
1361353
1361663
1361909
1362777
1363010
1363414
1363861
1363941
1364006
1364314
1364837
1365638
1366101
1366399
1367001
1367505
1367630
1368010
1368743
1368940
1369584
1369716
1370072
1370102
1370341
1370427
1370935
1371124
1372655
1372896
1373574
1373672
1373674
1374108
1375611
1376507
1377442
1377466
1377626
1377833
1378855
1378958
1379050
1379127
1379429
1379453
1380577
1381093
1381637
1381746
1382086
1383958
1384630
1384925
1384952
1385301
1385430
1385913
1386331
1386485
1387666
1389165
1389587
1389710
1389886
1390042
1392103
1392830
1393039
1393121
1394172
1394891
1394922
1394923
1395028
1395101
1395556
1395772
1396306
1396632
1396799
1396943
1397966
1398339
1400150
1400263
1400302
1400462
1401128
1402763
1402848
1403225
1403374
1403558
1403714
1403883
1403924
1404355
1404989
1405096
1405402
1405514
1405626
1406169
1406811
1407001
1407085
1407529
1408066
1408067
1408227
1408241
1408938
1409206
1409592
1409673
1409910
1410064
1411124
1411262
1411575
1411898
1412024
1412071
1412621
1413155
1413377
1413475
1413581
1413770
1414490
1415573
1415992
1416207
1416756
1416938
1417067
1417505
1417670
1418068
1418670
1418988
1419256
1419352
1419468
1419570
1419619
1419697
1421142
1421286
1421492
1422120
1422502
1422613
1422881
1423835
1424137
1424549
1425097
1425344
1426091
1426679
1426802
1426975
1427094
1428297
1428945
1429022
1429534
1430170
1430340
1430589
1430920
1431613
1431670
1431961
1432340
1432762
1433295
1433360
1433480
1434724
1435097
1435102
1435968
1436085
1436098
1436242
1436412
1436960
1437718
1437805
1437932
1438062
1438132
1438283
1438788
1438853
1439452
1439534
1439599
1439670
1439960
1440670
1441383
1442106
1442138
1442556
1442875
1443087
1443213
1443576
1443688
1443691
1445514
1445935
1446415
1447118
1447251
1447859
1448788
1448915
1450388
1452909
1453144
1453563
1453762
1454117
1454170
1454911
1455640
1455919
1455943
1456332
1456754
1457500
1458042
1458430
1458853
1458869
1459897
1460093
1461731
1462784
1463283
1463507
1464171
1464507
1464632
1464745
1465011
1465347
1465432
1466023
1466691
1466759
1467119
1468821
1469657
1469687
1469866
1470018
1470762
1470774
1470797
1471385
1473756
1473986
1474464
1475157
1475953
1476418
1476553
1477381
1478258
1478395
1478918
1479286
1479461
1479875
1480538
1480590
1481508
1481753
1482431
1482881
1483362
1483623
1483767
1484225
1484874
1486300
1486341
1486648
1486922
1486989
1487290
1487722
1488872
1489063
1489899
1489985
1491060
1491120
1491714
1491748
1491957
1492580
1492612
1492842
1493361
1493506
1493540
1493715
1494974
1495142
1495441
1495760
1496981
1497123
1497414
1497608
1497740
1498148
1498245
1498248
1498262
1498311
1498758
1499075
1499523
1499857
1500007
1500507
1501691
1501712
1502317
1502399
1502896
1503634
1504015
1504267
1504599
1504858
1505134
1505709
1506074
1506558
1507061
1507087
1507183
1507281
1507525
1507772
1508532
1508741
1509660
1510133
1510686
1511716
1511773
1511887
1512115
1512796
1514068
1514330
1514338
1515050
1515113
1515480
1515776
1516431
1516744
1516953
1517332
1517524
1517885
1517907
1519210
1519225
1520549
1520614
1520683
1521359
1521793
1521850
1521954
1522721
1524826
1524914
1525406
1525442
1525570
1525877
1526075
1526254
1526600
1526682
1527154
1527282
1527676
1527690
1527821
1528533
1528799
1528911
1530536
1530555
1530858
1531364
1531456
1531578
1531716
1532202
1532517
1533281
1533438
1533856
1533885
1534058
1534380
1534729
1534960
1535043
1535803
1536292
1536509
1536532
1536752
1537780
1538325
1538427
1538984
1539073
1539479
1539535
1539673
1540145
1540634
1540994
1542042
1542270
1543796
1543910
1544119
1544755
1545340
1545518
1546015
1546243
1546827
1546986
1547402
1547524
1548226
1548316
1548593
1548714
1549102
1549702
1550115
1551506
1551835
1552530
1552630
1553087
1553359
1553678
1553700
1554270
1554456
1554576
1555156
1555910
1555938
1556703
1557371
1557414
1558786
1559223
1559255
1560205
1560296
1560367
1560564
1560798
1561413
1561475
1561849
1562346
1562631
1563512
1564299
1565308
1565971
1567327
1567844
1568642
1568695
1569039
1569212
1570670
1571955
1572290
1572719
1574017
1574335
1574479
1575077
1575242
1575260
1575617
1575797
1575888
1575909
1576751
1577040
1577068
1577184
1578056
1578303
1578343
1578482
1579661
1579762
1580499
1580636
1580719
1580911
1581113
1581889
1582626
1582670
1582853
1583433
1584766
1585057
1585366
1585991
1586531
1586849
1586919
1588379
1588494
1588713
1588809
1588815
1589501
1589718
1589815
1590032
1590034
1590276
1590897
1591105
1591598
1591707
1592685
1592867
1593025
1593128
1593930
1594572
1594650
1594980
1595061
1595287
1595555
1595745
1595791
1596354
1596505
1596610
1596861
1597093
1598384
1598649
1599183
1599328
1600006
1600069
1600147
1600265
1600386
1600422
1600711
1600856
1600897
1601951
1602691
1602733
1604282
1606059
1606431
1606459
1606673
1607008
1607100
1607442
1607539
1607819
1607855
1608223
1608537
1608777
1609258
1609362
1609434
1609769
1609908
1609915
1610341
1612514
1612607
1612885
1613897
1614796
1615055
1615154
1615170
1615560
1615701
1616091
1617586
1617643
1617786
1617998
1618806
1619066
1619726
1619749
1620440
1620524
1620557
1620608
1620622
1621025
1621715
1622689
1622764
1623846
1624411
1624857
1625161
1625660
1627757
1628176
1628559
1628686
1629455
1630822
1630833
1631360
1631630
1631938
1632008
1632050
1632827
1633161
1633312
1633423
1635055
1635066
1635229
1635287
1635485
1635734
1635770
1635825
1637354
1637868
1638520
1638926
1639227
1639539
1640043
1640262
1640659
1640931
1640979
1641054
1641545
1641737
1642769
1643633
1644108
1644277
1644919
1645877
1646104
1646105
1646410
1646453
1646710
1648443
1649370
1649402
1649765
1650231
1651440
1651572
1651680
1651737
1652740
1653977
1654478
1654751
1655571
1655984
1656043
1656783
1657143
1658196
1658405
1658607
1658657
1658790
1659695
1659860
1659882
1660708
1660964
1661200
1661341
1662230
1662440
1662598
1662624
1663200
1663254
1663593
1664764
1665037
1665117
1665520
1665619
1665657
1665686
1665913
1666883
1666956
1666992
1667563
1668724
1668857
1670238
1670349
1671228
1671776
1672051
1672061
1672860
1673232
1673413
1673693
1673719
1674168
1675900
1676676
1676842
1677015
1677081
1677132
1677336
1677497
1677963
1678230
1679186
1679682
1680021
1680590
1680919
1681336
1681409
1681492
1682496
1682633
1682856
1683872
1683965
1684121
1684411
1684627
1685030
1685341
1686983
1687605
1687748
1689349
1690075
1690328
1690406
1690480
1690721
1691887
1692044
1692490
1695161
1695533
1695792
1695875
1695930
1696615
1696634
1696888
1698487
1699529
1699606
1699710
1699977
1700018
1700268
1702011
1702345
1703617
1703972
1704498
1704774
1705058
1705071
1705255
1705783
1706165
1706733
1706896
1707460
1707486
1707486
1707716
1708295
1708295
1708426
1708786
1708966
1708974
1708978
1709234
1709376
1709399
1709533
1709991
1710043
1710566
1711077
1711780
1711816
1712194
1712277
1713196
1713818
1714413
1714787
1714888
1715590
1716851
1717013
1717903
1718494
1718609
1718679
1719076
1719133
1719469
1719613
1719760
1720684
1720859
1721019
1721453
1721662
1721868
1722254
1723461
1723510
1724707
1724709
1725301
1725714
1725793
1726158
1726494
1726958
1727583
1727691
1727914
1728366
1728522
1729033
1729414
1730199
1730211
1730349
1730569
1730700
1730727
1730761
1730818
1731026
1731434
1732058
1732954
1733011
1733584
1733616
1734384
1735721
1736075
1736101
1736205
1736293
1736603
1736718
1737086
1738194
1738330
1738335
1738615
1738954
1739103
1739156
1739222
1739771
1739804
1739841
1739989
1740443
1740703
1741025
1741210
1741219
1741828
1742287
1743684
1743706
1743764
1743985
1744414
1744618
1744869
1744998
1745627
1745835
1746737
1747674
1748339
1748833
1748952
1751221
1751421
1751596
1752285
1752772
1752778
1753049
1753058
1753145
1753820
1755514
1755830
1755938
1756227
1756342
1756371
1756435
1756857
1757337
1757392
1757704
1758495
1758762
1758788
1758865
1759616
1760327
1762055
1762073
1763058
1763352
1763403
1764427
1765193
1765241
1765365
1765418
1765431
1765950
1766274
1766734
1767233
1768392
1768393
1768644
1768967
1769442
1769994
1770971
1771149
1771371
1772173
1772481
1772566
1772668
1772689
1773953
1774441
1774574
1774676
1774953
1775257
1775583
1775880
1776009
1776032
1776033
1776332
1777264
1777464
1777585
1778121
1778228
1778951
1780895
1781700
1783243
1783339
1783887
1783918
1784769
1785212
1785556
1785581
1786451
1786735
1787086
1788302
1789208
1789800
1790147
1790164
1790243
1791103
1791935
1792208
1792387
1792718
1793329
1793785
1794191
1794221
1794853
1796188
1796330
1796553
1796818
1797011
1797813
1798074
1798505
1799055
1799700
1799962
1799987
1800002
1800249
1800406
1800453
1801228
1801362
1801609
1801677
1801838
1802849
1803694
1803779
1803918
1804053
1804175
1804791
1805021
1805077
1805504
1805918
1806123
1806627
1806677
1807590
1807786
1808103
1808272
1808525
1808900
1808901
1809086
1809095
1809573
1809629
1810058
1810963
1811318
1813153
1813410
1814192
1814338
1814343
1814689
1815306
1815539
1815984
1816699
1818025
1818310
1818391
1818738
1818980
1819314
1819552
1821164
1821277
1821600
1821774
1822214
1822507
1822642
1823335
1823611
1824612
1824837
1824902
1825084
1825338
1825379
1825384
1825670
1826967
1827260
1827401
1828144
1828243
1828353
1828403
1828751
1828803
1828842
1829395
1829549
1830067
1830305
1830502
1831334
1831380
1832312
1832548
1832750
1832813
1833797
1834290
1834350
1834604
1834830
1835256
1835700
1835870
1836968
1837008
1837104
1837839
1838077
1838202
1838432
1838879
1839984
1840410
1840415
1841763
1842346
1842368
1842481
1842775
1842966
1843144
1843901
1844207
1844550
1844637
1845035
1845468
1845660
1845662
1846222
1846264
1846395
1847184
1847249
1847405
1847477
1847634
1847969
1847977
1848780
1849766
1850486
1851208
1851316
1851334
1851468
1851637
1851647
1851873
1852534
1852989
1853148
1853266
1854547
1854873
1855229
1855273
1855365
1856828
1857378
1857455
1857515
1857787
1858017
1859093
1859250
1860079
1860082
1860444
1861038
1861104
1861441
1861723
1862376
1862989
1863177
1863225
1863260
1863407
1863881
1865450
1866253
1866509
1867033
1867521
1868094
1868555
1868657
1869050
1869067
1869219
1869412
1869544
1869868
1870040
1870257
1870726
1870954
1871371
1871423
1871970
1872299
1872404
1873285
1873387
1873529
1873690
1873836
1874536
1875078
1875129
1876514
1877509
1877763
1878940
1879044
1879312
1879640
1880313
1880441
1880517
1880618
1880624
1881201
1881247
1881932
1881970
1882000
1882394
1882511
1882668
1882947
1883249
1883513
1883847
1883882
1884925
1886364
1886613
1886644
1887490
1888138
1888160
1888871
1890042
1890921
1890934
1891773
1892298
1893168
1893457
1893553
1893805
1894528
1894796
1895452
1895776
1896489
1896781
1896820
1897003
1897244
1897281
1897381
1897504
1898265
1898563
1898639
1899204
1899338
1899479
1899583
1899672
1899759
1900500
1900939
1902245
1902552
1902602
1902627
1902960
1903323
1903570
1903786
1904638
1904811
1905066
1905256
1905284
1905679
1906155
1906362
1906507
1906738
1906750
1906895
1907627
1908091
1908561
1908856
1909306
1910009
1910066
1910264
1910284
1910373
1910632
1911316
1911609
1911650
1911886
1912379
1915020
1915096
1915115
1915393
1915463
1915525
1915600
1915767
1915834
1916092
1916293
1916410
1917582
1919550
1919898
1920759
1922199
1922310
1922679
1922705
1923158
1924175
1924243
1924313
1924410
1924767
1925084
1925663
1925674
1925994
1926324
1927284
1927547
1927589
1928304
1928769
1928915
1928923
1929056
1929543
1929626
1929640
1929741
1930028
1930351
1930596
1931238
1931266
1932057
1932061
1932710
1933019
1933192
1934482
1934720
1934992
1935026
1936386
1936610
1936676
1936685
1936895
1936918
1937869
1938229
1939218
1939310
1939586
1939758
1940104
1940646
1940666
1940866
1941135
1941674
1942481
1942615
1943368
1944226
1944233
1944282
1945050
1945437
1945682
1946301
1946338
1946356
1946641
1946727
1946772
1946775
1946968
1946986
1947850
1947905
1948179
1948906
1949257
1950770
1950897
1951401
1951540
1951779
1951925
1952423
1952606
1952671
1952737
1953675
1953761
1955140
1955275
1955345
1955523
1956431
1956826
1958058
1958903
1959429
1959906
1960058
1960083
1960334
1960527
1960933
1961707
1962578
1962763
1962802
1963010
1963051
1963175
1963433
1963593
1963633
1963754
1964585
1965457
1965543
1965704
1965924
1966228
1966251
1966851
1967216
1967890
1968005
1968272
1968570
1968822
1969321
1969639
1970131
1970668
1972044
1972672
1973130
1973457
1973786
1975033
1976123
1976175
1976662
1976948
1977570
1978124
1978327
1978355
1978537
1979248
1979370
1980005
1980052
1980841
1981426
1981949
1982685
1983122
1983692
1984127
1984129
1984362
1985747
1985793
1986202
1986485
1986629
1986665
1987890
1988282
1988370
1988419
1988605
1988673
1989239
1989449
1990080
1990445
1990575
1991055
1991467
1991537
1992345
1992589
1992753
1993206
1993288
1994884
1996481
1996640
1997170
1997333
1997520
1998143
1998171
1998552
1998711
1998759
1999518
1999678
1999722
1999961
