6187 ms..
89
160
358
999
1044
1289
1503
1827
1846
2955
3068
3160
3218
3306
3330
3391
3523
3546
3588
3697
3899
3933
3972
4138
4204
4289
4725
4742
4748
5252
5428
5512
6038
6091
6125
6626
6900
6952
7065
7178
7216
7410
7540
7613
7966
8117
8157
8596
8841
9000
9466
9663
9901
9937
9998
10445
10509
10608
10894
11339
11564
11683
11833
11997
12056
12177
12373
12501
12533
12559
12821
12865
12937
12939
12983
13110
13362
13537
13603
14474
14530
14550
14590
14825
14855
14959
15456
15462
15503
16040
16214
16349
16387
16454
16957
17511
17957
18006
18323
18405
18468
18553
18611
19034
19142
19524
19651
20145
20169
20627
20776
20869
21083
21138
21165
21350
21920
22540
23003
23067
23567
23701
23713
23869
23892
23945
24175
24220
24365
24431
24861
25039
25481
25671
26190
26393
26780
26953
27198
27260
27373
27435
27455
27674
27789
29385
29460
30023
30331
30431
30519
31174
32028
32244
32505
32623
32666
32762
32842
33083
33208
33246
33255
33273
33546
33756
34042
34109
34196
34300
34659
34973
35180
35324
35370
35637
35656
35686
35763
35997
36350
36774
37160
37184
37624
37899
38088
38400
38612
38681
38875
39278
39422
39561
40008
40127
40355
40459
40497
40634
40704
40727
41024
41101
41145
41183
41184
41284
41847
41953
42379
42538
42823
42982
43117
43206
43291
43536
43784
43861
43869
43985
44276
44280
44433
44450
44592
44689
45056
45092
45218
45427
45590
45630
45700
45962
46049
46111
46299
46349
46420
46544
47788
47788
47855
48084
48111
48333
48442
48519
48729
48786
48806
48975
49048
49083
49208
49279
49877
50008
50502
50573
50675
50707
50738
51020
51249
51281
51695
51726
51995
52032
52280
52695
52741
52844
52857
52869
53231
53522
53595
53610
54250
54454
54525
54968
55032
55285
55493
55683
55965
56258
56369
56651
56879
56880
56918
57399
57598
57927
58155
58317
58356
58528
58643
58952
59022
59038
59167
59281
59305
59387
59623
59884
59990
60200
60365
60521
60552
60626
60856
60953
61167
61400
61463
61474
61619
61908
62460
62927
62978
63427
63582
63850
63862
63918
63945
64150
64511
64638
64764
65095
65155
65246
65261
65262
65352
65485
65700
65981
66391
66631
66631
66986
67142
67419
67742
67771
67941
67953
68008
68119
68173
68228
68254
68686
68941
69037
69110
69112
69116
69240
69695
70206
70271
70563
70632
70681
70731
70929
71166
71399
71403
71558
71657
71764
71808
71998
72019
72099
72125
72150
72274
72336
72611
73255
73400
74318
74337
74352
74548
74845
74947
75393
75396
76019
76886
76950
76982
77016
77140
77769
77893
77999
78034
78098
78249
78264
78351
78491
78605
78606
78829
78847
78997
79334
79995
80153
80854
81025
81074
81311
81327
81364
81376
82250
82584
82666
83060
83123
83566
83577
83595
83647
84382
85665
85742
85896
86024
86530
86573
86759
86821
86932
87170
87461
87487
87493
87526
87583
87584
87590
87802
87999
88580
89060
89470
89828
89872
90004
90157
90260
90642
90740
91024
91206
91207
91306
91356
91491
91810
91849
91880
91897
91943
91957
92172
92330
92709
92722
93348
93412
93454
94125
94382
94385
94439
94609
94868
95088
95549
95649
95918
96046
96113
96162
96170
96347
96560
96741
97108
97146
97315
97332
97333
97352
97375
97414
98123
98621
98844
98996
99152
99375
99764
100106
100150
100347
100446
100491
100669
101026
101074
101589
101809
102178
102245
102409
102472
102845
102861
103417
103515
103537
103551
103624
103787
104056
104245
104338
104493
104551
105045
105322
105466
105968
106052
106135
106148
106406
106600
106622
106628
107265
107325
107621
108067
108160
108294
108478
108859
108909
109195
109252
109396
109638
109721
109744
109994
110550
110609
110650
110809
110848
111181
111261
111442
111858
112004
112463
112873
113002
113280
113358
113669
113712
113936
114020
114025
114736
115383
115433
115620
116268
116462
116480
116505
116622
116917
116921
116960
117251
117358
117581
117596
117701
117778
117811
118377
118472
118543
118792
118967
119329
119929
120626
120763
121209
121298
121498
122074
122122
122592
122816
123139
123155
123788
124107
124553
124995
125029
125197
125438
125764
125924
126326
126827
127042
127247
127823
127886
128669
128732
128849
128888
128986
129153
129531
129776
130236
130292
130515
130587
130623
130947
131003
131277
131370
131616
131810
131978
132004
132097
132238
132320
132550
132573
132612
132814
132953
133083
133200
133262
133372
133409
133665
133927
134016
134353
134573
134727
134940
135037
135154
135202
135256
135403
135668
135787
136026
136177
136288
136350
136381
136768
136889
136959
137301
137411
137485
137528
137538
137790
137996
138050
138310
138413
138722
138948
139412
139529
139694
139996
140080
140294
140920
141176
141212
141597
142083
142167
142422
142692
142842
143168
143302
143374
143801
143973
144319
144470
144503
144707
145044
145969
146868
146975
147729
147758
147976
148291
148352
148393
148612
148979
149490
149731
150153
150235
150442
150999
151079
151128
151306
151401
151599
152186
152437
152511
153171
153316
153436
154200
154362
154481
154718
154809
154912
155444
155640
155820
156346
156397
156465
156784
156940
156952
157230
157500
157596
157708
157847
158145
158286
158344
158551
158820
158927
159396
159643
159901
159912
159975
160154
160206
160791
162154
162165
162173
162215
162525
162579
162772
162977
163409
163607
163771
163852
164086
164203
164595
164619
164698
164827
165027
165027
165251
165252
165431
165527
165724
165851
165855
166152
166345
166395
166456
166727
166742
166828
167035
167163
167230
167947
168033
168110
168260
168411
168415
168436
168469
168597
168897
169192
169314
169657
169849
169918
170640
170700
170932
171077
171347
171497
171642
171819
172003
172008
172027
172144
172185
172418
172699
172710
172850
172914
173561
173588
173821
173878
174171
174191
174340
174434
174538
174618
174928
174990
175078
175639
175713
175908
175989
176467
176718
176855
176970
177139
177253
177308
177539
177571
177715
177725
178062
178213
178308
178886
179029
179087
179338
179405
179908
180142
180261
180300
180385
180422
180457
180732
180876
181038
181353
181600
181615
181697
181945
182038
182389
182764
182815
183343
183370
183524
183558
183746
183906
184237
184354
184636
184760
184789
185134
185323
185688
186026
186186
186234
186354
186394
186618
186662
186894
186997
187034
187089
187579
187841
188260
188577
188857
189715
189804
189805
190317
190417
190866
190905
191302
191396
191516
191754
191882
191935
192030
192113
192566
192658
193213
193311
193602
193930
194229
194687
194704
194793
194890
195369
195832
196198
196369
196463
196888
197068
197188
197413
197476
197484
197642
197741
197949
198295
198477
198536
198611
198760
198872
199127
199347
199531
199536
199640
200057
200065
200203
200224
200288
200291
200577
200714
200715
200736
201137
201296
201797
202243
202298
202545
202805
202887
202898
203092
203130
203643
204134
204136
204617
204739
204764
204911
204912
204918
204941
205897
206058
206274
206446
206509
206844
206896
207147
207394
207421
207520
207596
208324
209047
209313
209351
209362
209390
209608
209887
210098
210357
210512
210905
211440
211505
211546
211696
212203
212493
212717
212922
213043
213052
213807
213874
213986
214116
214152
214646
214739
215073
215238
215296
215493
215571
215639
216021
216207
216217
216257
216324
216446
216807
216820
216866
216913
217229
217264
217418
217569
217750
218491
218630
219200
219279
219280
219396
219425
219442
219636
219813
219979
220308
221053
221290
221315
221442
221760
222064
222073
222308
222407
222418
222498
222790
222863
222987
223008
223015
223440
223494
223735
223751
224157
224461
224522
224984
225308
225342
225421
225453
225458
225529
225923
226466
226502
226894
226905
227016
227910
228234
228557
228940
229058
229181
229503
229505
229947
230213
230233
230416
230542
230555
231256
231263
231485
231844
231865
231924
231944
232118
232301
232319
232633
232744
233250
233574
233905
233967
234014
234096
234242
234325
234383
234631
234880
234943
235561
235619
235670
235977
236224
236471
236764
237213
237441
237548
237607
238069
238136
238196
238524
238545
239389
239417
239568
239579
239638
239657
239705
239739
239783
239919
240170
240571
240907
241008
241147
241193
241385
241567
241618
241752
242246
242492
242554
242593
243164
243389
243636
243809
243868
243949
243960
244023
244312
244571
244720
244788
244902
245454
245565
245609
245859
246136
246147
246225
246424
246444
246465
246498
246613
246671
247032
247090
247202
247213
247376
247435
247454
247837
248458
248685
248773
249006
249392
249929
250319
250886
250920
251126
251135
251281
252044
252065
252474
252905
253028
253109
253166
253266
253456
254000
254152
254393
254607
254749
255083
255332
255538
255552
255594
256186
256273
256547
256805
257093
257297
257563
257575
258107
258204
258237
258244
258485
258497
258510
258773
258977
259095
259368
259443
260099
260133
260133
260591
261155
261205
261353
261424
261607
261647
261695
261700
261778
261906
262155
262505
262732
262758
262790
262868
263355
263357
263604
263630
263863
263894
264017
264077
264385
264641
265066
265151
265401
265480
265564
265697
266040
266080
266310
266417
266503
267281
267456
267460
267579
267756
267783
267934
268088
268231
268415
268650
268749
268820
269210
269225
269687
269745
269886
270132
270219
270319
270378
270707
271072
271263
271400
271813
271956
271984
272019
272111
272832
273056
273166
274014
274181
274667
274804
275299
275944
276072
276206
276293
276389
276970
277307
277776
277838
277995
278196
278264
278451
278698
278699
278772
279374
279405
279453
279494
279828
279980
280274
280571
280879
280919
281206
281242
281324
281631
281903
281970
282008
282360
282496
282709
283486
283500
283537
283645
283809
283897
283983
284133
284143
284558
284604
285397
285740
285816
286144
286173
286237
286621
286663
286886
287207
287347
287673
287714
288062
288104
288191
288195
288982
289113
289648
289989
290016
290063
290093
290306
290366
291068
291189
291363
291363
291446
291461
291805
291936
292014
292091
292176
292182
292210
292277
292515
292519
292562
292658
292807
292928
292996
292999
293055
293370
293409
293618
293736
293800
293817
293850
293864
293921
294363
294441
294996
295147
295439
295448
295906
296656
296834
296840
296846
297152
297509
297703
298306
298668
298674
298682
298890
299186
299221
299577
299741
299977
300303
300312
300321
300479
300535
300916
301150
301359
301730
301959
302345
302372
302399
302450
302550
302620
303086
303151
303178
303201
304282
304538
304599
304722
304792
305030
305156
305165
305208
305371
305444
305611
305626
305707
306147
306282
306408
306453
306661
306725
306769
307143
307164
307404
307636
307706
307832
308119
308272
309334
309403
309428
309719
310053
310096
310178
310585
310626
310891
310965
311240
311275
311407
311707
311720
311798
311826
312080
312107
312172
312382
312726
312798
312810
312942
312981
313274
313276
313352
313587
313667
313811
313902
314304
314426
314871
315382
315408
315588
315602
315996
316065
316293
316572
316580
316967
317261
317349
317664
317973
317978
318263
318344
318435
318575
318621
318864
319204
319370
319410
319656
319802
319917
320203
320233
320749
320895
321132
321263
321404
321452
322402
322478
322969
323182
323394
323551
323935
324178
324178
324501
324979
325281
325284
325284
326295
326504
326990
327220
327237
327328
327447
327498
328099
328466
328549
328630
328980
329158
329189
329205
329342
329370
329405
329708
329761
329833
330098
330116
330130
331017
331205
331300
331342
331650
332206
332371
332675
332678
333272
333307
333364
333710
333743
333864
333900
334116
334235
334257
334496
334651
334668
334703
334920
335184
335731
335934
335949
336079
336412
336430
336580
336631
336849
336903
336919
337600
337779
338065
338243
338530
338801
338894
339064
339119
339390
339590
339794
339850
340019
340037
340315
340530
340632
340635
340743
340842
340924
341134
341154
341410
341487
341622
342293
342427
342490
342944
343023
343212
343259
343627
343816
344012
344497
344614
344770
345068
345317
345751
345838
346439
346863
346961
347344
347552
347664
347938
348349
348436
348464
348560
348619
348703
348839
348882
348932
348980
349304
349763
350165
350374
350674
350956
351638
351685
351820
351878
351881
352503
352557
353040
353559
353637
353712
353848
354646
354705
355031
355197
355273
355474
355567
355796
355955
356293
356563
356801
356830
356881
357043
357114
357199
357202
357294
357582
357626
357847
358077
358246
358297
358309
358666
358703
358795
358817
358907
358920
359405
359547
359895
360241
360709
361057
361181
361350
361424
361471
361814
362251
362725
363110
363955
364060
364277
364365
364741
364750
364806
364849
365033
365191
365431
365672
365871
365883
366015
366346
366736
366763
366842
366938
367444
367495
367879
368106
368109
368656
368676
368828
368947
369042
369531
369860
369903
369915
369916
369959
370003
370065
370078
370612
370826
370862
371038
371044
371288
371608
371917
372086
372217
372454
372513
372865
372953
373136
373491
373562
373596
373605
373648
373762
374044
374361
374391
374506
374533
374815
374885
375144
375170
375258
375342
376106
376111
376142
376154
376206
376386
376555
376707
376795
376937
376994
377025
377341
377390
377644
377761
377774
378006
378028
378075
378076
378199
378654
378698
378839
378961
378991
379085
379103
379510
379588
379675
379789
379820
379981
380644
380654
380767
381187
381232
381551
381722
381836
382011
382110
382228
382251
382559
382565
382627
383207
383523
383782
383809
383938
383980
384208
384284
384298
384316
384388
384425
385170
385305
385752
385815
386263
386916
386978
386980
387127
387407
387642
387673
388133
388158
388630
388888
389212
389443
389738
389805
389883
390705
390819
390890
390967
391128
391256
391288
391361
392019
392171
392562
392631
392729
393375
393789
393892
393997
394015
394163
394889
394898
395137
395256
395340
395715
395773
395848
395955
395976
396409
396543
396579
396654
396710
396743
397209
397464
397532
397911
398055
398432
398488
398614
398889
398920
399211
399457
400050
400408
400425
400539
400860
400954
401145
401150
401508
401877
402025
402036
402336
402649
402665
402678
402769
402977
403077
403439
403594
403843
403876
404092
404462
404589
405109
405202
405957
406008
406490
406662
407591
407766
407896
407955
408886
408965
409165
409260
410147
410424
410822
410874
410977
411506
411861
411882
412371
412463
412728
413051
413164
413226
413285
413551
413975
414142
414233
414448
414466
414486
414577
414752
415112
415294
415401
415427
415516
415820
415875
416253
417178
417185
418209
418209
418355
418549
418802
418804
419910
420180
420200
420386
420485
420519
420833
421054
421074
421076
421157
421172
421251
421620
421626
421749
422330
423120
423614
423849
423988
424527
424792
424817
424882
424959
425417
425909
425941
425949
426127
426203
426269
426534
426578
426737
427312
427454
427491
427585
427623
427767
428165
428475
428713
428867
429136
429282
429336
429394
429521
429850
430120
430432
430684
431017
431246
431598
431661
431663
431783
432035
432090
432569
432864
433172
433548
433641
434025
434295
434474
434756
434847
434915
435126
435172
435244
435279
435358
435500
435518
435853
435996
436053
436087
436117
436394
436634
436709
436810
437090
437164
437261
437751
437768
438242
438335
438654
439187
439246
439931
440696
440760
440776
440841
440954
440985
441046
441318
441396
441475
442161
442263
442349
442457
442476
442501
442625
442638
442692
443538
443776
443835
443981
443989
444418
444423
444481
444561
444967
445130
445371
445420
445634
445708
446606
447063
447334
447540
447628
447725
447934
447943
448148
448468
448705
448768
449022
449324
449865
450153
450244
450473
450617
450672
450820
450892
451114
451356
451669
451705
451818
451873
452006
452152
452281
452392
452563
452768
452896
452951
453085
453427
453562
453567
453630
454577
454698
455273
455556
455638
455726
455733
455813
455882
455992
456050
456088
456276
456948
457059
457128
457534
457823
457844
457858
457932
458159
458183
458193
458245
458256
458388
458582
459259
459529
459631
459724
459834
459979
460033
460192
460194
460411
460579
460655
460866
461312
461431
461699
461768
461816
461871
462218
462264
462487
462528
462548
462836
462875
462888
463307
463631
463669
463697
463754
463774
464177
464303
464539
464585
464738
464779
464936
464937
465079
465338
465512
465748
466180
466208
466346
466538
466617
466699
466720
467701
467766
469126
469329
469382
469786
469801
469922
469994
470406
470701
471058
471490
471506
471544
471677
472075
472148
472157
472319
472338
472401
472579
472598
473183
473464
473481
473830
473926
474030
474038
474208
474328
474427
474628
474629
474721
475317
475491
475709
475776
476021
476161
476196
477012
477360
477459
477519
477574
478214
478370
478429
478498
478723
478800
479083
480201
480445
480463
480521
480777
481080
481272
481640
481960
482205
482445
482547
482736
483299
483319
483697
484955
485015
485133
485488
485577
485656
485697
485703
486239
486571
486630
487103
487723
488255
488452
488874
489206
489543
489616
489621
489635
489670
489991
490194
490196
490202
490265
490279
490437
490713
490765
490871
490897
491201
491294
491672
491677
491725
491793
491837
491852
492025
492210
492282
492583
492604
492838
492864
493136
493139
493269
493355
493568
493698
493780
493791
494259
494436
494665
495067
495238
495283
495285
495532
495655
495835
496229
496290
496580
496620
496859
496964
497008
497530
497712
497920
498139
498428
498480
498590
498891
498935
499353
499433
499488
499733
499864
500485
500528
501039
501265
501411
502017
502346
502580
502666
502862
503096
503110
503672
504257
505289
505576
505868
506024
506042
506425
506517
506660
506672
506880
507043
507154
507386
507657
507887
508256
508360
508633
508731
508951
509100
509288
509421
509548
509844
509898
509952
510249
510754
510946
510996
511231
511258
511331
511475
511751
512271
512535
512671
513505
513847
513879
513903
514641
514781
515022
515034
515046
515126
515668
515776
515874
516358
516437
517071
517252
517311
517682
517859
517938
517964
518097
518568
518580
518789
519307
519691
519987
520496
520926
520959
520981
521121
521408
521902
522173
522336
522340
522632
522780
523266
523284
523408
523571
523646
523833
523855
525248
525524
525529
525718
525721
525845
526007
526263
526406
526511
526798
527036
527418
527500
527552
527813
528592
528733
528796
528797
528985
529047
529895
529896
530078
530134
530718
531325
531342
531438
531643
531762
531975
532710
533018
533154
533209
533216
533465
533557
533859
534352
534390
534754
534930
535108
535667
535803
536261
536486
536544
536627
536757
536795
536992
537027
537179
537263
537294
537465
537741
537778
537856
538021
538163
538418
538904
538995
539226
539306
539506
539685
540126
540497
540680
540863
541347
541719
541726
541869
542067
542449
542785
543179
543400
543516
543556
543602
543796
543997
544105
544166
544861
545061
545158
545387
545456
546197
546266
546602
546662
546812
546830
546958
547044
547492
547791
548019
548134
548311
548342
548459
548465
548641
548956
549279
549324
549393
549551
549894
549899
549981
550059
550179
550611
550969
551046
551261
551475
551638
551677
551876
552039
552218
552457
552517
552678
552729
552901
552963
553031
553220
553397
553675
553870
553931
553934
555308
555460
555800
555858
555906
556248
556312
556654
557196
557262
557417
557711
557848
557898
557975
558118
558450
558779
559100
559130
559447
559633
559998
560000
560003
560054
560346
560549
561173
561353
561372
561757
561999
562201
562280
562293
562500
562805
562924
563284
563502
563652
563822
564015
564295
564689
564815
564855
565091
565234
565394
565569
565590
566112
566272
566277
566282
566498
566531
566782
566948
567078
567764
567785
567861
567920
568152
568186
568504
568899
569087
569092
569263
569337
569351
569430
569673
569730
569918
570045
570117
570173
570331
570357
570621
570813
570995
571100
571679
571957
572064
572657
572742
572910
573055
573734
573785
574218
574496
574682
574720
574854
575234
575345
575350
575556
575819
576100
576109
576612
576828
577094
577188
577420
577604
577739
577801
578019
578107
578192
578229
578595
579090
579321
579342
579386
579980
580182
580715
580788
581057
581093
581210
581250
581862
581975
582233
582250
582258
582579
582650
582988
583008
583213
583296
583348
583352
584261
584400
584405
584601
584642
584726
585289
585338
585485
585500
585868
586187
586397
586401
586422
586633
586755
586761
587160
587173
587515
587905
588345
588419
588491
588511
589034
589139
589515
590042
590122
590125
590142
590185
591221
591304
591504
591515
591586
591639
591947
591987
592202
592224
592241
592548
592657
592959
592966
592994
593100
593230
593368
593405
594080
594114
594265
594300
594646
595112
595409
595491
595572
595681
596202
596218
596222
596390
596607
596655
596681
596947
597039
597274
597856
597869
598210
598235
598282
598495
598510
598544
598817
599062
599805
600258
600424
600437
601113
601495
601825
602552
602609
602912
602964
603134
603159
603548
604219
604289
604498
604530
604811
604964
604970
605225
605231
605318
605656
605722
606093
606228
606558
606948
607139
607279
607322
607356
607410
607496
607935
607996
608083
608553
608696
608962
608989
609017
609440
609471
609481
609896
610024
610218
611095
611289
611434
611454
612126
612693
612853
612962
613014
613133
613381
614295
614333
614453
614481
614764
614855
615123
615246
615260
615689
615886
616083
616538
616605
616988
617184
617219
617330
617511
618074
618318
618630
618640
618755
618896
618904
618980
619020
619430
619521
619687
619823
620126
620246
620313
620381
620480
620699
620814
621212
621281
621478
621613
621672
621835
622109
622246
622463
622622
622692
622717
622894
623099
623298
623416
623420
623458
623626
623799
623851
624077
624188
624309
624834
625051
625128
625386
626092
626609
627427
627607
627843
627871
627894
627930
628147
628414
628422
628853
628959
629433
629612
629979
630563
630711
630844
631038
631104
631126
631222
631250
631281
631396
631776
631798
631822
632190
632284
632364
632873
633191
633657
634059
634239
634471
634625
634691
634763
635006
635229
635278
635549
636069
636592
636656
636980
637083
637403
637412
637613
637919
638033
638419
638454
638533
638551
638625
639132
639468
639783
639873
640082
640267
640397
640443
640692
641164
641355
641964
642035
642184
642263
642375
642400
642846
643079
643645
643714
644108
644961
645238
645349
645440
645558
646130
646456
646565
646915
647126
647299
648196
648201
648224
648226
648271
648523
648805
648867
649032
649062
649224
649280
649353
649419
649522
649587
649770
650030
650162
650164
650166
650391
650445
650495
650524
650565
651202
651598
651702
652088
652305
652421
652462
652780
652917
653589
653633
653743
653835
654350
654439
654541
654747
655131
655166
655474
655587
655812
656061
656068
656296
656708
656743
656763
656831
656962
657223
657467
657540
657563
657908
657947
657995
658221
658230
658239
658860
658960
659626
659956
660503
660892
661142
661563
661912
662025
662205
662452
662762
662903
663042
663170
663292
663850
663857
664073
664073
664141
664427
665020
665082
665474
666558
666716
667251
667432
667545
667568
667739
667880
668045
668064
668156
668213
668248
668611
669007
669199
669305
669767
670062
670107
670203
670317
670340
670387
670402
670717
670805
670995
671103
671186
671357
671752
671769
671806
671808
672043
672162
672225
672534
672711
672997
673002
673035
673255
673385
673412
673447
673746
673828
673914
673932
674052
674357
674511
674643
674996
675023
675170
675327
675412
675452
675768
675835
676120
676618
676755
677195
678259
678292
678331
678436
678524
678627
678717
678994
679171
679285
679322
679354
679437
679483
679502
679505
679750
679786
679970
680064
680154
680367
681347
681477
682117
682136
682243
682245
682328
682402
682620
682817
683264
683301
683499
683601
683667
683761
684073
684140
684605
684642
684672
685086
685112
685146
685189
685345
685588
685653
686102
686178
686274
686563
686590
686619
686747
686899
687015
687220
687293
687437
687602
688092
688184
688365
688480
689230
689480
689583
689683
689882
690521
690744
690787
690790
691002
691207
691302
691307
691459
691520
691726
691892
691931
692265
692340
692354
692367
692587
692856
693668
693679
693699
694014
694166
694389
694638
694819
694853
695017
695434
695644
695670
695804
696017
696352
696686
697227
697450
697886
698057
698265
698754
698813
699003
699020
699302
699342
699586
699636
700013
700241
700413
700640
700664
701015
701080
701168
701314
701408
701623
702030
702072
702115
702178
702258
702290
702375
702807
702807
703356
704224
704303
704424
704521
704845
705095
705256
705789
705821
706029
706093
706153
706240
706847
707190
707392
707425
708047
708117
708226
708231
708301
708651
708761
708826
708975
709093
709444
709452
709615
709728
709738
709804
709824
709965
710114
710194
710417
710440
710467
710596
710766
710967
711181
711537
711575
712377
713438
713471
713981
714240
714701
714931
715020
715058
715155
715532
715703
716206
716381
716578
716894
718014
718023
718256
718446
718668
718710
718717
718752
718996
719253
719268
719278
719490
719666
719909
720401
720580
720645
720758
720787
721029
721229
721264
722257
722272
722289
722323
722624
722692
723132
723186
723258
723482
723532
723579
723705
723805
723940
724001
724027
724136
724269
725148
725379
725484
725996
726125
726259
726523
726621
726681
726915
727562
727723
728118
728194
728231
728264
728761
729319
729343
729640
729647
730108
730709
730715
730780
731052
731522
731832
731942
732091
732092
732482
732950
733065
733313
733580
733667
733736
734076
734105
734112
734308
734355
734666
734839
735310
735327
735565
735589
735598
735698
735907
735992
736174
736179
736254
736555
736557
736616
737182
737186
737626
737824
738068
738441
738745
739057
739369
739526
739935
740115
740155
740505
740538
740664
740952
741439
741481
741501
741523
741683
741745
741782
742309
742316
742331
742688
742714
742821
743254
743266
743444
743537
743725
743726
743772
743811
744066
744304
744469
744552
744766
744783
745476
745612
745632
745836
745884
745971
746084
746121
746260
746296
746497
746529
746595
746673
746690
746810
746816
746823
746823
746891
746940
747614
748229
748537
748756
748766
748826
749040
749441
749637
749785
749965
750150
750248
750569
750584
750714
750760
750805
750939
751340
751514
751554
752049
752181
752215
752235
752614
752638
752863
752939
753133
753181
753411
753430
753479
753526
753694
753789
753945
754122
754418
754626
754729
755310
755412
755456
755924
755997
756370
756464
756798
757657
757723
757829
757848
757932
757992
758099
758120
758550
758581
759104
759274
759778
760045
760046
760903
760951
761587
762049
762220
762325
763243
763434
764099
764114
764119
764768
765056
765566
765626
765753
765792
766037
766718
766768
766911
766933
766951
766965
767467
767485
767826
768010
768214
768228
768500
768573
768802
768813
768852
768932
769194
769197
769434
770003
770086
770217
770223
770783
770842
771043
771098
771106
771140
771283
771768
771790
772908
773109
773386
773412
773720
773948
774121
774382
774483
774729
774732
774892
774950
775125
775384
775457
775806
776551
776579
777198
777680
777716
777747
777867
777951
777988
778019
778180
778195
778327
778434
778508
778540
778692
778739
778900
779050
779454
779542
780083
780142
780518
780608
780656
780746
780765
781056
781417
781468
781588
781592
781718
782149
782360
782453
782707
782959
783284
783456
783841
783911
783998
784402
784725
784808
784811
784819
784863
785299
785331
785756
785974
785986
786068
786291
786369
786418
786608
786610
786630
786864
787115
787169
787455
788224
788515
788529
788685
788701
788769
788836
788911
789010
789036
789262
789283
789306
789765
790325
790351
790699
790851
790855
791398
791748
792330
792506
793436
793645
793991
794563
794803
794913
794923
795487
795647
795920
795957
796134
796379
796768
796876
796983
797006
797012
797562
797661
798130
798200
798303
799251
799339
799574
799581
799631
800032
800228
800390
800763
801012
801129
801286
801499
801818
801938
802173
802287
802566
802599
802753
802763
802783
802877
802894
802975
803370
803677
804354
804392
804965
805043
805188
805201
805632
805677
805873
805903
806750
807012
807054
807187
807283
807547
807568
807857
808071
808565
808740
808798
808839
808980
809114
809277
809804
809999
810116
810385
810405
810429
810440
810689
810938
811180
811400
811497
811613
811920
812268
812402
812448
812775
812875
813020
813202
813558
813744
813814
814060
814110
814370
814771
814774
815557
815579
815769
815903
816156
816356
816650
817017
817294
817443
817962
818176
818191
818723
818753
819510
819621
819655
819715
819854
819882
820078
820492
820670
820709
820818
821203
822013
822040
822232
822454
822583
822770
823126
823284
823947
824135
824175
824276
824652
825125
825243
826381
826496
826578
826730
827134
827315
828032
828596
828884
829064
829162
829615
829751
829949
829964
829982
830378
830510
830784
830999
831074
831652
832340
832450
833182
833199
833237
833460
834408
834486
834515
834519
834634
834688
834846
834889
834967
835195
835221
835421
835627
835698
835814
835838
836100
836112
836163
836589
836825
836920
836927
837292
837294
837324
837464
837634
837762
837839
837895
838137
838461
838680
838798
838969
839069
839110
839189
839310
839349
840217
840360
840501
840632
840635
840784
840842
840982
841109
841203
841228
841682
842125
842134
842148
842224
842492
842775
843087
843129
843180
843208
843223
843365
843576
844245
844328
844605
844847
845093
845181
845362
845521
845564
846059
846131
846135
846373
847062
847156
847189
847270
847545
847880
848077
848318
848948
849330
849346
849425
849533
849636
849805
850411
850779
851088
851244
851313
851407
851800
852263
852288
852329
852834
852849
852941
853062
853229
853280
853288
853656
853663
854123
854153
854162
854207
854281
854357
854586
854931
855142
855571
855858
856234
856496
856907
856917
856998
857041
857052
857115
857403
858669
858693
858902
858902
858906
859085
859343
859523
859559
859715
859916
860115
860159
860314
860385
860389
860549
861014
861117
861229
861371
861497
861885
862038
862278
862352
862553
862841
862884
862988
863051
863342
863391
863418
863475
863691
863705
864018
864193
864383
864417
864498
864630
864665
864712
864931
865150
865358
865531
865532
865575
865634
865907
865944
866191
866200
866504
866517
866551
866655
866883
867025
867052
867197
867251
867358
867367
868415
868987
869030
869036
869298
869752
869791
869799
870097
870173
870408
870451
870555
870994
871087
871438
871771
872027
872055
872145
872190
872968
873133
873162
873289
873467
873471
874369
874903
874997
875264
875266
875508
875573
875601
875839
875910
875916
876085
876216
876566
876651
877139
877720
877720
877992
878162
878185
878282
878929
879367
879781
880659
880721
881087
881094
881799
882254
882426
882462
882606
882797
882912
884378
884418
884656
884784
884956
885450
885574
885612
885835
886219
886220
886296
886350
886406
886611
886674
886695
886750
887134
887384
887557
888029
888104
888316
888691
888699
889511
889757
889769
890237
890258
890267
890281
890480
890905
891370
891488
891690
891734
891762
892443
892591
892654
892738
893229
893323
893716
893958
894132
894293
894308
894317
894947
894960
895148
895303
895425
895481
895483
895847
896090
896322
896393
896590
896601
896799
897332
897686
897769
897896
898162
898227
898786
898889
898954
899337
899503
899765
900055
900056
900220
901389
901722
901921
901927
902042
902101
902255
902699
902764
902988
902989
903175
903190
903298
903386
903450
903603
903751
903926
903943
904299
904552
904684
904784
904827
904927
906070
906121
906142
906334
906444
906620
906875
907281
907301
907664
907719
908195
908217
908574
909201
909585
909608
909649
909686
909824
909847
910274
910314
910578
910802
911115
911348
911389
911389
911411
911487
912389
912468
912630
912643
912874
912884
913047
913465
913708
913849
913871
913978
914051
914072
914264
914286
914308
914726
914859
915005
915427
915530
915684
916256
916267
916530
916630
916910
917210
917362
917518
917703
918146
918851
919080
919198
919570
920180
920248
920387
920407
920776
920802
921432
921608
922166
922289
922842
922948
923556
923814
923904
924294
924338
924645
924675
925173
925271
925328
925971
926124
926181
926404
926585
926662
927119
927401
927465
927578
927631
927842
927957
928319
928324
928581
928709
928809
929065
929082
929119
929496
929553
929716
929976
930293
930972
931036
931113
931504
931514
931537
931544
931678
931727
932473
932662
933025
933380
933398
933890
934249
934313
934441
934577
934837
934988
935171
935299
935462
935464
935970
936219
936312
936578
936896
937215
937566
937647
937888
938260
938325
938550
938785
938909
939075
939468
939535
939556
940319
940870
940962
941256
941423
941864
942461
942462
942658
942735
943012
943524
943528
943537
943639
943715
943815
943986
944044
944985
944986
945601
945930
945946
945965
946145
946230
946683
946874
947256
947573
947643
948127
948544
948594
948676
948681
949115
949662
950219
950315
950359
950379
950729
951220
951407
951606
951696
951706
951726
951952
952017
952087
952121
952123
952325
952670
953155
953394
953489
953601
953615
953624
953818
953846
954108
954115
954184
954426
954737
954909
954938
954959
955057
955103
955270
955808
955908
956093
956219
956579
956710
957073
957218
957222
957249
957334
957738
957767
958536
958626
959186
959223
960060
960085
960996
961528
961685
962018
962196
962453
962560
962732
962778
962949
963013
963293
963447
963734
964180
964482
964503
964516
964728
965151
965262
965640
965834
966133
966203
966476
966717
966779
967165
967937
968251
968517
968639
968725
968872
968998
969575
969695
969700
970167
970674
970787
970899
970912
971041
971061
971208
971277
971418
971830
972126
972420
972458
973011
973038
973520
973540
973578
973705
973862
974163
974333
974442
974638
974706
974978
975834
975967
975994
976028
976073
976768
976824
976870
977195
977412
977448
977498
977527
977552
977579
977589
977673
977724
977777
978060
978105
978130
978261
978609
978866
978918
978965
979017
979177
979183
979308
979513
979705
979715
980304
980309
980447
980525
980763
980943
980997
981028
981177
981223
981263
981277
981299
981929
982036
982779
982902
982945
983051
983304
983489
983532
983664
984098
984168
984554
984813
984909
985241
985261
985472
985680
985680
985860
986060
986115
986175
986547
986556
986752
987510
987628
987643
987862
988383
988585
988610
988728
988840
988960
989061
989071
989595
989692
989899
990006
990197
990309
990358
990623
991129
991404
991462
991544
991694
992210
992507
992586
992728
992905
992984
993268
993419
993565
993944
994252
994351
994365
994578
994686
995134
995305
995550
995844
995852
995958
996024
996131
996153
996423
996435
996638
996667
996956
996958
997292
997512
997553
997640
997690
997904
997959
998124
998714
998991
999228
999305
999325
999545
999678
999684
999711
999791
999830
1000320
1000560
1000608
1000795
1000860
1001226
1001558
1001610
1002168
1002330
1002339
1002351
1002466
1002671
1002975
1003132
1003688
1004101
1004244
1004680
1004904
1005358
1005478
1005705
1005786
1005942
1005967
1006135
1006249
1006527
1006900
1006965
1007066
1007092
1007325
1007416
1007550
1007794
1008244
1008302
1008312
1008362
1008463
1008894
1009003
1009019
1009138
1009206
1009252
1009333
1009460
1009673
1009683
1009789
1009797
1009976
1009995
1010078
1010293
1010356
1010461
1010469
1011118
1011319
1011731
1011783
1011816
1011937
1012326
1012552
1012582
1012856
1013010
1013306
1013404
1013620
1014744
1014778
1015030
1015258
1015711
1015718
1015752
1016009
1016092
1016203
1016674
1016704
1017162
1017719
1018175
1018241
1018321
1018344
1018373
1018564
1018627
1018640
1018771
1018821
1018858
1019296
1019361
1019501
1019801
1020311
1020394
1020511
1020521
1020700
1020913
1021055
1021065
1021112
1021315
1021717
1021718
1021810
1021874
1022316
1022607
1022927
1023216
1023772
1023948
1023950
1024157
1024275
1024433
1024562
1024666
1024766
1025365
1025380
1025659
1025830
1025999
1026059
1026132
1026484
1026576
1027345
1027420
1027575
1027625
1027760
1027787
1027918
1027965
1028048
1028088
1028215
1028479
1028489
1028599
1028718
1029008
1029503
1029559
1029793
1029851
1029884
1030201
1030462
1030531
1030612
1030699
1030746
1030911
1030990
1031056
1031486
1031720
1031918
1031947
1032096
1032154
1032184
1032286
1032423
1032559
1033152
1033181
1033584
1033993
1034435
1034599
1034882
1035033
1035214
1035596
1035676
1035754
1035850
1035852
1036050
1036334
1036450
1036456
1036662
1036687
1036694
1036702
1036832
1036967
1037001
1037306
1037340
1037970
1037982
1038051
1038236
1038998
1039006
1039518
1039583
1039941
1040150
1040736
1040884
1041079
1041101
1041136
1041674
1041734
1041768
1041813
1042034
1042223
1042381
1042616
1042726
1043363
1043483
1043936
1044134
1044136
1044140
1044156
1044448
1044453
1045144
1045378
1045626
1045878
1045880
1045981
1046066
1046160
1046529
1046583
1046622
1047000
1047201
1047327
1047425
1047618
1047743
1047749
1047913
1048463
1048996
1049049
1049260
1049294
1049432
1049607
1049683
1049974
1049989
1050004
1050091
1050149
1050232
1050344
1050352
1050383
1050426
1050780
1050802
1050806
1051011
1051265
1051329
1051531
1051568
1051764
1052465
1052484
1052557
1052753
1052933
1053920
1054126
1054174
1054567
1054650
1054733
1055114
1055164
1055356
1055371
1055509
1055763
1055973
1056078
1056142
1056247
1056583
1056819
1056862
1057022
1057075
1057126
1057186
1057937
1058372
1058411
1058413
1058464
1058467
1058904
1059077
1059316
1059346
1059348
1059627
1059649
1059982
1060290
1060363
1060384
1060579
1060797
1060911
1060989
1061177
1061243
1061457
1061598
1062044
1062046
1062123
1062132
1062135
1062349
1062776
1063003
1063178
1063615
1063656
1063684
1063815
1064016
1064041
1064350
1064383
1064863
1064983
1065258
1065398
1065453
1066023
1066868
1066983
1066996
1067200
1067649
1068111
1068216
1068408
1068859
1069157
1069501
1069501
1069849
1070310
1070388
1070672
1070717
1070758
1070847
1070973
1071919
1072083
1072359
1072371
1072572
1072650
1072660
1072706
1072712
1072821
1072880
1073914
1073939
1074250
1074325
1074397
1074471
1074603
1074693
1074831
1075027
1075051
1075274
1075424
1075568
1075777
1075956
1076033
1076178
1076191
1076371
1077302
1077391
1078136
1078137
1078147
1078178
1078390
1078431
1078776
1078883
1078949
1079035
1079135
1079213
1079375
1079573
1079584
1080005
1080284
1080325
1080965
1081063
1081317
1081447
1081510
1081557
1081622
1081906
1082383
1082571
1082946
1083104
1083223
1083510
1083582
1084081
1084376
1084382
1084435
1084477
1084579
1084633
1084714
1085026
1085035
1085484
1085629
1085762
1086667
1086672
1086793
1086992
1087678
1087738
1087912
1088060
1088459
1088579
1088842
1089034
1089311
1089380
1089562
1089658
1089763
1089989
1090436
1090569
1090771
1090917
1090919
1090920
1091096
1091706
1092206
1092255
1092437
1092481
1092649
1092867
1092882
1093078
1093116
1093130
1093629
1093642
1093811
1094380
1094585
1094644
1094832
1095009
1095466
1095473
1096191
1096435
1096922
1097245
1097292
1097336
1097760
1098147
1098153
1098327
1098516
1098810
1098829
1099045
1099194
1099517
1099822
1100143
1100162
1100275
1100305
1100509
1100582
1101281
1101493
1101577
1101770
1101805
1101951
1102122
1102150
1102312
1102322
1102402
1102679
1102809
1102965
1103175
1103374
1103454
1103458
1103482
1103505
1103779
1103967
1104102
1104194
1104274
1104323
1104402
1104747
1104894
1105456
1105500
1105537
1105569
1105678
1105799
1105915
1105942
1106327
1106389
1106390
1106610
1106800
1107100
1107225
1107376
1107791
1107875
1107903
1108437
1108480
1108936
1108979
1109037
1109137
1109452
1109718
1110061
1110211
1110222
1110389
1110595
1110801
1111359
1111397
1112470
1113171
1113395
1113450
1113893
1114079
1114391
1114855
1115152
1115452
1115461
1116012
1116066
1116373
1116697
1116743
1116827
1116912
1116985
1117335
1117466
1118080
1118429
1119483
1119697
1119882
1119926
1119994
1120092
1120357
1120529
1120666
1120714
1120736
1120745
1120905
1120967
1120978
1120985
1121044
1121618
1122034
1122233
1122311
1122362
1122487
1122548
1122587
1123020
1123158
1123298
1123335
1123643
1123753
1124388
1124441
1125396
1125463
1125686
1125843
1126056
1126542
1126569
1127331
1127919
1128223
1128445
1128448
1128711
1129174
1129367
1129373
1129401
1129643
1129695
1129809
1130548
1130811
1130941
1131122
1131889
1131962
1132124
1133456
1134222
1134349
1134372
1134391
1134559
1134963
1135163
1135436
1135512
1136076
1136267
1136979
1137205
1137557
1137566
1137617
1138117
1138165
1138333
1138361
1138507
1138651
1138681
1138687
1138969
1139295
1139335
1139518
1139795
1139992
1140198
1140232
1140561
1140578
1140603
1140626
1140645
1141223
1141504
1141548
1141692
1141731
1142188
1142437
1142509
1142514
1142589
1143204
1143392
1143404
1143517
1143590
1143767
1143935
1144263
1144591
1144601
1144681
1144896
1145063
1145112
1145578
1146757
1146770
1146782
1147091
1147104
1147312
1147665
1147726
1147906
1148127
1148239
1148552
1148606
1148660
1148706
1148758
1148770
1149385
1149592
1149706
1149785
1150231
1150269
1150369
1151364
1151954
1152057
1152199
1152505
1152633
1152731
1152765
1152928
1153284
1153387
1153407
1153701
1153860
1154406
1154420
1154516
1154533
1154981
1155196
1155492
1155547
1155778
1155864
1156085
1156705
1157044
1157456
1157530
1157625
1157628
1157712
1157874
1158032
1158035
1158115
1158136
1158923
1159052
1159195
1159642
1160165
1160339
1160571
1160711
1160778
1161027
1161826
1162140
1162526
1162724
1162818
1163050
1163089
1163186
1163301
1163310
1163406
1163478
1163528
1163574
1163923
1164060
1164248
1164368
1164400
1164512
1164530
1164637
1164654
1165041
1165156
1165240
1165245
1165809
1165815
1165897
1166109
1166584
1166825
1166902
1167263
1167488
1167756
1167774
1167864
1168362
1168375
1168757
1169144
1169362
1169437
1169525
1169840
1169922
1170303
1170399
1170637
1171006
1171214
1171448
1171462
1171611
1171613
1171814
1172266
1172546
1172659
1172684
1173289
1173309
1173313
1173413
1173665
1173683
1174114
1174128
1174229
1174550
1174734
1175256
1175359
1175645
1175701
1175913
1176490
1176544
1176627
1176945
1177296
1177632
1177723
1177946
1177973
1178050
1178316
1178502
1178543
1178697
1178992
1179252
1179480
1179531
1179589
1179824
1180201
1180202
1180210
1180283
1181159
1181477
1181483
1181592
1182446
1182501
1182703
1182737
1182826
1183042
1183063
1183223
1183524
1183601
1183630
1184135
1184455
1184461
1184721
1184871
1185211
1185595
1185936
1186071
1186098
1186470
1186530
1186546
1186644
1186710
1187030
1187083
1187479
1187601
1187624
1187934
1188111
1188362
1188387
1188504
1188520
1188688
1188817
1188953
1189058
1189168
1189540
1189682
1189898
1190071
1190667
1190742
1190758
1191213
1191316
1191319
1191466
1191603
1191689
1191777
1192088
1192335
1192703
1192895
1193218
1193554
1193612
1194013
1194246
1194277
1194393
1194481
1194531
1194930
1195246
1195696
1195770
1196197
1196433
1196516
1196615
1196740
1196792
1196890
1197404
1197459
1197628
1198211
1198505
1198606
1198624
1198724
1198792
1198830
1199337
1199744
1199944
1199984
1200010
1200053
1200381
1200606
1200625
1200756
1200958
1201003
1201006
1201315
1201327
1201338
1201373
1201752
1201897
1201903
1201969
1202169
1202267
1202313
1202381
1202420
1202449
1202692
1203158
1203589
1203603
1203710
1203711
1203721
1203986
1204163
1204305
1204691
1205312
1205515
1206170
1206187
1206267
1206333
1207106
1207447
1207830
1207855
1208373
1208753
1208974
1208990
1209479
1209744
1209923
1210087
1210285
1210448
1210481
1210506
1210794
1210995
1211217
1211381
1211401
1211426
1211451
1211614
1211643
1211888
1211924
1212014
1212048
1212364
1212422
1212782
1213193
1213581
1213675
1213727
1213751
1213881
1214279
1214696
1214726
1214834
1215361
1215446
1215766
1216140
1216151
1216476
1216820
1217336
1217416
1217648
1217798
1217909
1218001
1218391
1218967
1219022
1219028
1219201
1219377
1219695
1219910
1220416
1220503
1221380
1221502
1221542
1222126
1222355
1222406
1222673
1222912
1223092
1223360
1223487
1223665
1223835
1223887
1224093
1224138
1224146
1224472
1224500
1224518
1224665
1224805
1224856
1224870
1224966
1225566
1225701
1225704
1225709
1225818
1226343
1226406
1226647
1226770
1226951
1227028
1227513
1227561
1227822
1228060
1228116
1228232
1228236
1228457
1228471
1228531
1228780
1229600
1230138
1230229
1230371
1230693
1230917
1230944
1231001
1231288
1231487
1231700
1231820
1231862
1231918
1232054
1232097
1232161
1232440
1232662
1232804
1232826
1233340
1233579
1233633
1233757
1233891
1234143
1234310
1234349
1234412
1234442
1234450
1234574
1234668
1234983
1235131
1235215
1235494
1235563
1235614
1235684
1236003
1236058
1236521
1236918
1236973
1237328
1237403
1237562
1237929
1238028
1238048
1238188
1238284
1238447
1238492
1238515
1238520
1238588
1238774
1238806
1238964
1239112
1239243
1239348
1239364
1239527
1239662
1239790
1239918
1239986
1240096
1240553
1240684
1240941
1241284
1241479
1241509
1241711
1241750
1242253
1242295
1242766
1242792
1243078
1243721
1243775
1243927
1244081
1244303
1244325
1244586
1244667
1244774
1244905
1244907
1245416
1245477
1245579
1245582
1245633
1245644
1245909
1246306
1246444
1246579
1246638
1246786
1246861
1246899
1247011
1247057
1247071
1247108
1247279
1247684
1248363
1248699
1248812
1248812
1248958
1249224
1249725
1249895
1250052
1250071
1250147
1250434
1250829
1250971
1251766
1251776
1251803
1251925
1252824
1252944
1253005
1253344
1253452
1254160
1254358
1254378
1254466
1255254
1255323
1255355
1255656
1255715
1255801
1255819
1256277
1256539
1257084
1257116
1257131
1257189
1257348
1257689
1257757
1258239
1258425
1258504
1258527
1258581
1258621
1258760
1258786
1258807
1259261
1259365
1260580
1261009
1261185
1261821
1261826
1261896
1262099
1262245
1262448
1262826
1262931
1263032
1263051
1263516
1263789
1264055
1264095
1264395
1264568
1264916
1265066
1265087
1265650
1265813
1265846
1266055
1266108
1266278
1266301
1266794
1267083
1267085
1267092
1267123
1267917
1268273
1268606
1268870
1268942
1269124
1269126
1269183
1269486
1269535
1269659
1269707
1269794
1270282
1270377
1270394
1270479
1270485
1270609
1270881
1270883
1271071
1271564
1271780
1271798
1271902
1271986
1272285
1272675
1272969
1273151
1273228
1273463
1273498
1273897
1273921
1273925
1274062
1274195
1274837
1274852
1275071
1275183
1275303
1275429
1275498
1275732
1275736
1276537
1276803
1276915
1277050
1277265
1277444
1277486
1277571
1277846
1277996
1278188
1278566
1278668
1278827
1279020
1279351
1279563
1280230
1280271
1280334
1280775
1280867
1281157
1281287
1281361
1281582
1281670
1282030
1282145
1282250
1282368
1282467
1282516
1282585
1282794
1282800
1282873
1282888
1283037
1283132
1283291
1283509
1284046
1284072
1284256
1284268
1284406
1284757
1285098
1285418
1285561
1285694
1286018
1286266
1286408
1286499
1286529
1286611
1286726
1286781
1286925
1287598
1287722
1287726
1288027
1288040
1288097
1288130
1288260
1288397
1288986
1289069
1289580
1290022
1290085
1290107
1290239
1290381
1290447
1290587
1290587
1290592
1290689
1290963
1290974
1291321
1291342
1291414
1291600
1291685
1291686
1292035
1292167
1292201
1293119
1293142
1293202
1293306
1293345
1293784
1293799
1293956
1294005
1294367
1294413
1294592
1294884
1295151
1295191
1295465
1295535
1295542
1295545
1295689
1295746
1295945
1296530
1296582
1296587
1296677
1296703
1296812
1297178
1297218
1297395
1297573
1297863
1298139
1298263
1298437
1298581
1298910
1298917
1299467
1299588
1299636
1300424
1300464
1300756
1300964
1301494
1301554
1301589
1301958
1302270
1302435
1302785
1302823
1302949
1302961
1303056
1303097
1303167
1303175
1303181
1303437
1303599
1303885
1304362
1304421
1304440
1304518
1304609
1304697
1305200
1305608
1305706
1305941
1306175
1306191
1306284
1306328
1307363
1307505
1307894
1308022
1308075
1308357
1308751
1308767
1308823
1309103
1309153
1309198
1309616
1310030
1310142
1310197
1310382
1310496
1310799
1310891
1310929
1311086
1311286
1311360
1311462
1311653
1311711
1311947
1312267
1312527
1312813
1313043
1313115
1313196
1313271
1313591
1313691
1313858
1313937
1313996
1314798
1315030
1315070
1315070
1315331
1315393
1315573
1315837
1315899
1315933
1316246
1316304
1316402
1316667
1317178
1317241
1317324
1317350
1317446
1317524
1317951
1317988
1318738
1319570
1320290
1320386
1320499
1320549
1321131
1321224
1321237
1321307
1321622
1321783
1322143
1322689
1323239
1323400
1323601
1323722
1323756
1324057
1324072
1324074
1324095
1324096
1324455
1324599
1324861
1324902
1324952
1325068
1325279
1325525
1325540
1325617
1325644
1325699
1325781
1325915
1326949
1327019
1327121
1327204
1327324
1327347
1327360
1327499
1327527
1327569
1327609
1327897
1328000
1328089
1328098
1328749
1329225
1329340
1329343
1329580
1329597
1329964
1330199
1330366
1330941
1331274
1331302
1331533
1331613
1332167
1332808
1332883
1332908
1332999
1333264
1333380
1333737
1333756
1333899
1334169
1334336
1334341
1334618
1334689
1334989
1335439
1335547
1335662
1335775
1336049
1336342
1336380
1336553
1336806
1337379
1337392
1337441
1337452
1337556
1338343
1338375
1338463
1338550
1338596
1338711
1338968
1339013
1339143
1339770
1339935
1340036
1340096
1340101
1340104
1340142
1340408
1340662
1340714
1340757
1340794
1340866
1341292
1341575
1341579
1342238
1342720
1342723
1343142
1343592
1343879
1343964
1344186
1344236
1344395
1344557
1344776
1346247
1346668
1346689
1346748
1346894
1346950
1346989
1347010
1347812
1347845
1347976
1348065
1348109
1348151
1348241
1348339
1348485
1348836
1348915
1348930
1349008
1349128
1349288
1349424
1349986
1350001
1350139
1350161
1350248
1350592
1350931
1351409
1351530
1352257
1352311
1352406
1352443
1353243
1353247
1353350
1353712
1353859
1354671
1354881
1355239
1355284
1355337
1355430
1356085
1356245
1356268
1356456
1357017
1357207
1357419
1357472
1357475
1357715
1358024
1358094
1358557
1358769
1358822
1359020
1359146
1359367
1359874
1360024
1360116
1360459
1360579
1360669
1360916
1361116
1361232
1361618
1362232
1362387
1362685
1362906
1363300
1363455
1363480
1363568
1364018
1364118
1364295
1364298
1364407
1364711
1364767
1364775
1364796
1365262
1365317
1365597
1365707
1365873
1366210
1366230
1366740
1366775
1366785
1366814
1367026
1367292
1367674
1367992
1368114
1368442
1368681
1368748
1368882
1368986
1369218
1369632
1369946
1370142
1370372
1370478
1370555
1370600
1370672
1370926
1371141
1371308
1371522
1371653
1371960
1371994
1371998
1372387
1372783
1372897
1373140
1373482
1373538
1373656
1373687
1373814
1374013
1374181
1374350
1374356
1374403
1374589
1374672
1374712
1374763
1374819
1374918
1375530
1375613
1375805
1376101
1376197
1376218
1376234
1376289
1376510
1377312
1377975
1378198
1378400
1378544
1378553
1378649
1378673
1378675
1378729
1379160
1379189
1379346
1379412
1379788
1379822
1379943
1380140
1380168
1380210
1380386
1380521
1380572
1380741
1380782
1381158
1381736
1381816
1381835
1381989
1382149
1382283
1382417
1382434
1382465
1382567
1382662
1382764
1382830
1382887
1382936
1383209
1383210
1383299
1383869
1383961
1384258
1384315
1384649
1384727
1384727
1384843
1385066
1385118
1385291
1385358
1385454
1385562
1385600
1385875
1386223
1386255
1386422
1386552
1386802
1387025
1387215
1387507
1387604
1387754
1388541
1388783
1388904
1388970
1389103
1389242
1389279
1389508
1389591
1389686
1389696
1389795
1389866
1390121
1390247
1390251
1390486
1391050
1391057
1391159
1391300
1391449
1391523
1391759
1391902
1391927
1392013
1392465
1392798
1393100
1393190
1393283
1393532
1394190
1394254
1394283
1394376
1394394
1394473
1394533
1394964
1395135
1395168
1395209
1395222
1395227
1395654
1395678
1395788
1395945
1396168
1396276
1396636
1396648
1396667
1396689
1396721
1396724
1397010
1397075
1397189
1397237
1397377
1397431
1397620
1397836
1398072
1398131
1398144
1398565
1398574
1398745
1398773
1398778
1398904
1399793
1399889
1400027
1400307
1400321
1400479
1400534
1400535
1400932
1401281
1401503
1401598
1401695
1401697
1401788
1401889
1402209
1402747
1403134
1403365
1403452
1403518
1403636
1403666
1403764
1404206
1404297
1404342
1404788
1404794
1405037
1405305
1405624
1405695
1405834
1406214
1406410
1406605
1406729
1408171
1408269
1408456
1408762
1408768
1409114
1409224
1409355
1409393
1409976
1410434
1411021
1411347
1411788
1412216
1412349
1412592
1412828
1412885
1412939
1413436
1413790
1413980
1414379
1415068
1415228
1415456
1415471
1415648
1416087
1416141
1416217
1416286
1416354
1416608
1417409
1417648
1417814
1417822
1418109
1418334
1418335
1418945
1419121
1419181
1419313
1419419
1419821
1419901
1420008
1420358
1420588
1420616
1420763
1420857
1420941
1421085
1421222
1421351
1422008
1422028
1422270
1422470
1422474
1422744
1422820
1422862
1422901
1422939
1422965
1423237
1423881
1424027
1424150
1424196
1424208
1424316
1424544
1424639
1424839
1425146
1426114
1426202
1426680
1426732
1426782
1426944
1427296
1427511
1427675
1427685
1427786
1427891
1427913
1428595
1428679
1428733
1429367
1429444
1429681
1429694
1429719
1430546
1430660
1430838
1431331
1431371
1431530
1431544
1431758
1431928
1431952
1432090
1432251
1432812
1432818
1432866
1432906
1432981
1432990
1433028
1433305
1433325
1433789
1433965
1434062
1434175
1434270
1434481
1435267
1435270
1435327
1435433
1435527
1435557
1435635
1435835
1436100
1436137
1436327
1436448
1436745
1436818
1436851
1437266
1437843
1438048
1438161
1438252
1438448
1438502
1438610
1439009
1439764
1439822
1440059
1440524
1440767
1440782
1441323
1441332
1441645
1441819
1442284
1442497
1442767
1443111
1443170
1443471
1443802
1443860
1444058
1444064
1444139
1444418
1444927
1444937
1444951
1445069
1445131
1445194
1445633
1445709
1445792
1445969
1446822
1447167
1447404
1447812
1448282
1448901
1449038
1449574
1449853
1449879
1450161
1450381
1450594
1451111
1451412
1451437
1451714
1451877
1452122
1452171
1452201
1452277
1452963
1452980
1453131
1453251
1453281
1453495
1453880
1454459
1454704
1454787
1455111
1455205
1455239
1455777
1456479
1456513
1456528
1456554
1456573
1456781
1456865
1457239
1457256
1457322
1457502
1457733
1458001
1458737
1458858
1459317
1459853
1460165
1460341
1460829
1460872
1461172
1461223
1461564
1461896
1462738
1462777
1462996
1463095
1463207
1463359
1463388
1463514
1463774
1463836
1464219
1464344
1464460
1464775
1464926
1464957
1465333
1466107
1466512
1466581
1466771
1467063
1467318
1467588
1468086
1468088
1468494
1468694
1468730
1468874
1468976
1469172
1469210
1469781
1469904
1469945
1470035
1470204
1470763
1470824
1471491
1471574
1471674
1471692
1472200
1472358
1472451
1472599
1473098
1473104
1473244
1473569
1473619
1473789
1473899
1473899
1474000
1474323
1474416
1474541
1474555
1474619
1474660
1475093
1475167
1475171
1475222
1475253
1475307
1475353
1475647
1475678
1475776
1475802
1476276
1476438
1476532
1476821
1477026
1477336
1477862
1478100
1478104
1478283
1478809
1478956
1479156
1479157
1479405
1479430
1479468
1479495
1479762
1479962
1480097
1480251
1480360
1480409
1480605
1480738
1480758
1480847
1481114
1481324
1481695
1482222
1482263
1482290
1482361
1482373
1482657
1482694
1482754
1483209
1483262
1483800
1484091
1484188
1484210
1484719
1484938
1485006
1485283
1485369
1485991
1486300
1486376
1486485
1486510
1486936
1486942
1487236
1487481
1487689
1487968
1488358
1488387
1488472
1488500
1488548
1488640
1488983
1489248
1489429
1489648
1490039
1490447
1491052
1491181
1491271
1491527
1491690
1491709
1491840
1492183
1492248
1492485
1492486
1492800
1492875
1492884
1493221
1493814
1493893
1494947
1495025
1495378
1495802
1495989
1496062
1497994
1498015
1498163
1498248
1498276
1498391
1498476
1498590
1498648
1498940
1499020
1499624
1499842
1499924
1500317
1500472
1500480
1500570
1501014
1501025
1501629
1501873
1501874
1502398
1502798
1502927
1503015
1503052
1503272
1504029
1504102
1504228
1504488
1504605
1505008
1505077
1505247
1505507
1505632
1505691
1505693
1505698
1506170
1506209
1506391
1506406
1506459
1506553
1507258
1507406
1507407
1507571
1507678
1507751
1508031
1508211
1508351
1508426
1508645
1509223
1509304
1509512
1509600
1509802
1509908
1509937
1509958
1510054
1510568
1510777
1510811
1511085
1511356
1511873
1511938
1512292
1512594
1512954
1512956
1513032
1513133
1513144
1513310
1513728
1513814
1514016
1514236
1514287
1514366
1514549
1514568
1514941
1515025
1515066
1515608
1515881
1515905
1515945
1516292
1516877
1516942
1517068
1517200
1517386
1517421
1517537
1517907
1518587
1518861
1518976
1519083
1519438
1519506
1519535
1519643
1519749
1519886
1520009
1520125
1520247
1520322
1520431
1520519
1520781
1520929
1521051
1521218
1521594
1521970
1522336
1522573
1522976
1523508
1523509
1523712
1524125
1524332
1524401
1524406
1524805
1524827
1525027
1525190
1525360
1525777
1525883
1526560
1526696
1526780
1526924
1526946
1527030
1527181
1527188
1527649
1527731
1527785
1527880
1528124
1529023
1529072
1529091
1529102
1529562
1529596
1529640
1529883
1530116
1530146
1530227
1530355
1530680
1530885
1530999
1531412
1531712
1531740
1531807
1531863
1532174
1532411
1532716
1532829
1532878
1533008
1533068
1533461
1533634
1533698
1533700
1533835
1533992
1534000
1534089
1534426
1534782
1534955
1535174
1535362
1535368
1535458
1535712
1535759
1535948
1535985
1536152
1536740
1536886
1536919
1537523
1537775
1538020
1538177
1538252
1538482
1538529
1538569
1538923
1538990
1539353
1539521
1539551
1539772
1539941
1540041
1540426
1540742
1540861
1541122
1541188
1541930
1542603
1542739
1542873
1543088
1543186
1543264
1543878
1544354
1544367
1544405
1544540
1544805
1544898
1545655
1545683
1545874
1546107
1546272
1546521
1546805
1547361
1547643
1547762
1548440
1549260
1549287
1550070
1550690
1550930
1550985
1551425
1551477
1551733
1551921
1551973
1551996
1552019
1552214
1552302
1552303
1552322
1552457
1552463
1552924
1553342
1553446
1553468
1553676
1553680
1554504
1554857
1555001
1555179
1555197
1555284
1555446
1555802
1555850
1556071
1556163
1556612
1556725
1556750
1556800
1557473
1557823
1557881
1557892
1558645
1558854
1558928
1559127
1559186
1559343
1559585
1559900
1559929
1560025
1560249
1560392
1560724
1561062
1561068
1561165
1561314
1561539
1561631
1562078
1562088
1562256
1562393
1562578
1562590
1562604
1562688
1562870
1563312
1564310
1564549
1564914
1564954
1565829
1565904
1566016
1566477
1567593
1567995
1568046
1568241
1568313
1568489
1568575
1568728
1568859
1569191
1569214
1569387
1569561
1569582
1569828
1569900
1570082
1570140
1570223
1570649
1570682
1570834
1571046
1571604
1571609
1571624
1571688
1572204
1572507
1572758
1572774
1572976
1572981
1573749
1574010
1574111
1574404
1574690
1574726
1574863
1574931
1575200
1575205
1575211
1575259
1575368
1575572
1575833
1575854
1575881
1576189
1576265
1576417
1576435
1576551
1577139
1577175
1577206
1577243
1577304
1577457
1577815
1577880
1578000
1578438
1579659
1579690
1579740
1579752
1579977
1579995
1580181
1580353
1582316
1582466
1582596
1582729
1583204
1583282
1583353
1583527
1583699
1583744
1583818
1583864
1584101
1584172
1584284
1584629
1584647
1584705
1584720
1584798
1584987
1585180
1585353
1585355
1585675
1585769
1586091
1586354
1587201
1587400
1587409
1587935
1587980
1588105
1588194
1588209
1588258
1588379
1588380
1588705
1589185
1589201
1589330
1589356
1590610
1591222
1591361
1592040
1592176
1592796
1593016
1593603
1593687
1593761
1593810
1593862
1593886
1593901
1593907
1593983
1594042
1594171
1594668
1594851
1594905
1594905
1595153
1595304
1595363
1595630
1596037
1596228
1596596
1596794
1596840
1596841
1597018
1597090
1597315
1597469
1597657
1597933
1598142
1598434
1598476
1598520
1598952
1599091
1599170
1599292
1599940
1600261
1600643
1600871
1600878
1601003
1601135
1601591
1602060
1602371
1602553
1602599
1602924
1603225
1603259
1603389
1603850
1604107
1605076
1605170
1605268
1605488
1605741
1606363
1606584
1606657
1607206
1607475
1607684
1607901
1607979
1608225
1608322
1608333
1608394
1608421
1608482
1608501
1608820
1609208
1609435
1609702
1609788
1610081
1610293
1610360
1611111
1611142
1611670
1611761
1611892
1611940
1612385
1612420
1612711
1612744
1612806
1613055
1613757
1614115
1614122
1614146
1614229
1614277
1614333
1614665
1614765
1614962
1614998
1615175
1615385
1615410
1615806
1615828
1616271
1616331
1616454
1616531
1616692
1617044
1617137
1617156
1617445
1617459
1617491
1617527
1617565
1617643
1617645
1618267
1618527
1618878
1619012
1619273
1619368
1619621
1620067
1620184
1620631
1620717
1620802
1621009
1621440
1621714
1621859
1622002
1622142
1622286
1622706
1622758
1622814
1622896
1623031
1623130
1623151
1623166
1623244
1623542
1624005
1624032
1624108
1624313
1624444
1624488
1624594
1624958
1624990
1625751
1625946
1626161
1626275
1626310
1626386
1627247
1627421
1627716
1627722
1627799
1627895
1627966
1628082
1628118
1628282
1628354
1628967
1629136
1629167
1629348
1629727
1629846
1629879
1629939
1630030
1630033
1630218
1630646
1630688
1630690
1630829
1630837
1630911
1631025
1631217
1631439
1631635
1631686
1631766
1631941
1632243
1632313
1632508
1632588
1632657
1632662
1632773
1633008
1633312
1633405
1633425
1633523
1633964
1634298
1634360
1634378
1634431
1634519
1634800
1634920
1634925
1634954
1635028
1635075
1635316
1635511
1635564
1635744
1635877
1636001
1636128
1636551
1637113
1637654
1638157
1638194
1638504
1638555
1638581
1638807
1639316
1639707
1639878
1640981
1641195
1641590
1641600
1641712
1641821
1641971
1641982
1642071
1642254
1642305
1642449
1642845
1642897
1643060
1643119
1643183
1643555
1644287
1644451
1644638
1644653
1644712
1644925
1645249
1645255
1645764
1646579
1646700
1646869
1647189
1647574
1647750
1647993
1648142
1648296
1648477
1648742
1648910
1649123
1649819
1649915
1649966
1650187
1650314
1650473
1650692
1650905
1651201
1651444
1652036
1652107
1652242
1652394
1652404
1653022
1653112
1653302
1653338
1653344
1653569
1653934
1654349
1655087
1655169
1655516
1655526
1655541
1655606
1655944
1656608
1656779
1657205
1657622
1657692
1657866
1657954
1657973
1658106
1658272
1658627
1658688
1658812
1659061
1659160
1659175
1659303
1659410
1659517
1659542
1659664
1659702
1659817
1659844
1660310
1660509
1660791
1661520
1661652
1661692
1661710
1661797
1662053
1662651
1662844
1662914
1664309
1664366
1664583
1664716
1664901
1665031
1665127
1665299
1665558
1665673
1666227
1666371
1666421
1667327
1667576
1667879
1668132
1668425
1668594
1669074
1669139
1669155
1669220
1669262
1669448
1669492
1670121
1670275
1670554
1670689
1671051
1671251
1671424
1671572
1671685
1671766
1671837
1671905
1671939
1672946
1673092
1673297
1673307
1673377
1673562
1673582
1673644
1673681
1674033
1674231
1674510
1675226
1675302
1675583
1675765
1675859
1676085
1676228
1676912
1676990
1677135
1677222
1677312
1677528
1677973
1677990
1678213
1678346
1678739
1678892
1679078
1679079
1679227
1679438
1679560
1679817
1680331
1680336
1680567
1680839
1680850
1681108
1681214
1681280
1681352
1681656
1681866
1682324
1682450
1682600
1682771
1683028
1683030
1683341
1684314
1684357
1684446
1684801
1684938
1685110
1685117
1685446
1685816
1686507
1686633
1686688
1686883
1687095
1687348
1687461
1687470
1687623
1687980
1688088
1688327
1688539
1688646
1688678
1688685
1689315
1689403
1689507
1690014
1690022
1690403
1690461
1690583
1690703
1690727
1690937
1691246
1691796
1691903
1691930
1692226
1692541
1692604
1692973
1693152
1693315
1693613
1693677
1693729
1693978
1694215
1694324
1694335
1694353
1694376
1694998
1695177
1695730
1695884
1695906
1696174
1696627
1696629
1696807
1697152
1697366
1697812
1697881
1698034
1698095
1698168
1698391
1698732
1698893
1698945
1699434
1699447
1699546
1699819
1699917
1700116
1700345
1700599
1700630
1700770
1701053
1701533
1701611
1701822
1701993
1702077
1702344
1702534
1702674
1702792
1703186
1703454
1703634
1703820
1704063
1704215
1704253
1704465
1704680
1704714
1704792
1704812
1704845
1705113
1705150
1705439
1705687
1705692
1705751
1706150
1706839
1706846
1706871
1707087
1707216
1707314
1707360
1707814
1708425
1708726
1708730
1708831
1709006
1709037
1709067
1709526
1709848
1710193
1710529
1710670
1710688
1710912
1711519
1712269
1712270
1712289
1712395
1712404
1712774
1712806
1712963
1713006
1713644
1713736
1714055
1714059
1714247
1714350
1715325
1715361
1715393
1715578
1715730
1715753
1715770
1715847
1716066
1716247
1716728
1717013
1717144
1717157
1717408
1717645
1717852
1717915
1718054
1718306
1718458
1718564
1718645
1718757
1719057
1719510
1720055
1720142
1720214
1720390
1720550
1720635
1720878
1721301
1721533
1721642
1721927
1721964
1722498
1722666
1722777
1722798
1723039
1723095
1723354
1723496
1724011
1724801
1725110
1725305
1725460
1725522
1726156
1726289
1726306
1726699
1726836
1726976
1726990
1727115
1727327
1727758
1728322
1728463
1728628
1729110
1729194
1729223
1730544
1731024
1731296
1731707
1732174
1732270
1732290
1732324
1732395
1732648
1732853
1732872
1733118
1733343
1733378
1733641
1733708
1733850
1733857
1733871
1733964
1734035
1734252
1734557
1734632
1734863
1735017
1735462
1735467
1735972
1736098
1736138
1736573
1736612
1736880
1737170
1737370
1738067
1738678
1738892
1739271
1739436
1739962
1739988
1740118
1740148
1740266
1740345
1740560
1741020
1741623
1741661
1742005
1742172
1742319
1742409
1742628
1742673
1742826
1742957
1743007
1743089
1743249
1743448
1743551
1743581
1743651
1743719
1743822
1744149
1744160
1744291
1744304
1744632
1744760
1744991
1745059
1745374
1745540
1745581
1745679
1745816
1745840
1745855
1745894
1746412
1746676
1746899
1747871
1748019
1748064
1748155
1748318
1748324
1748401
1748517
1748695
1748718
1748911
1749648
1749709
1749845
1749969
1750023
1750191
1750455
1750573
1750723
1750848
1750867
1750953
1751620
1751661
1751717
1751718
1751751
1751800
1751836
1751892
1751970
1752171
1752265
1752424
1752875
1753110
1753210
1753348
1754341
1754346
1754817
1754993
1755219
1755489
1755517
1755770
1755840
1756387
1756459
1756464
1756512
1756580
1756594
1756672
1756854
1756867
1756889
1757192
1757269
1757419
1757629
1757735
1757869
1758229
1758301
1758320
1758323
1758345
1758393
1758418
1758507
1758826
1758903
1759002
1759766
1759795
1760487
1760564
1760607
1760745
1761455
1761592
1761595
1761851
1763377
1763746
1763948
1764754
1764933
1765039
1765389
1765465
1765600
1766392
1767056
1767109
1767337
1767593
1767745
1767850
1768621
1768669
1768812
1769045
1769125
1769267
1769273
1769281
1769342
1769491
1769707
1769778
1770109
1770614
1770628
1770730
1770917
1770931
1770953
1771181
1771207
1771371
1771484
1771654
1772210
1772342
1772499
1772898
1773029
1773167
1773184
1773219
1773740
1774804
1774880
1774986
1775285
1775307
1775995
1776128
1776433
1776676
1776719
1777070
1777111
1777694
1777711
1778071
1778121
1778194
1778353
1778612
1778710
1779003
1779030
1779105
1780109
1780148
1780519
1780522
1780950
1781329
1781358
1781384
1781510
1781545
1781653
1781859
1781895
1781921
1782003
1782343
1782415
1782486
1783139
1784155
1784176
1784263
1784377
1784435
1784675
1784873
1785013
1785533
1785771
1785922
1786401
1786776
1786785
1787280
1787353
1787410
1787433
1787880
1787960
1787965
1787989
1787999
1788414
1788589
1788637
1788671
1788912
1788916
1789201
1789315
1789513
1789541
1789712
1789728
1789991
1790104
1790237
1790254
1790296
1790351
1790464
1790631
1790635
1790736
1791004
1791037
1791169
1791390
1791406
1791517
1791910
1792070
1792099
1792586
1792662
1792745
1792900
1792950
1793194
1793572
1793671
1793740
1794092
1794209
1794325
1794624
1794721
1794781
1794782
1795240
1795527
1795676
1795960
1796027
1796162
1796338
1796791
1797085
1797102
1797320
1797991
1798121
1798354
1798551
1799044
1799275
1799345
1799974
1800038
1800285
1800349
1800352
1800704
1801090
1801374
1801506
1801820
1801941
1802109
1802228
1802325
1802950
1803011
1803515
1803604
1803792
1804247
1804518
1804705
1804903
1804998
1805069
1805273
1805637
1805994
1806104
1806386
1806390
1806569
1806855
1807022
1807063
1807064
1807092
1807235
1807516
1808865
1808952
1809086
1809433
1809490
1809580
1809766
1809874
1810044
1810070
1810133
1810201
1810659
1810703
1810996
1811552
1811658
1811761
1811998
1812153
1812393
1812539
1812636
1813028
1813045
1813294
1813392
1813627
1813643
1813777
1814368
1814567
1814655
1814856
1815048
1815212
1815286
1815880
1816172
1816890
1816903
1816981
1817325
1817409
1817639
1817787
1818011
1818049
1818284
1818335
1818833
1818901
1819069
1819486
1819501
1819708
1819934
1820090
1820152
1820733
1821305
1821318
1821568
1821584
1821889
1821944
1822404
1822733
1822764
1822842
1822846
1823078
1823078
1823244
1823539
1823751
1823800
1824103
1824255
1824380
1825067
1825107
1825358
1825653
1826070
1826378
1826553
1826570
1826602
1826640
1826748
1826790
1826918
1827028
1827120
1827191
1827298
1827618
1828214
1828375
1828819
1828838
1828923
1828951
1829353
1829809
1829837
1830078
1830465
1830663
1830739
1830964
1831221
1831339
1831533
1831728
1831763
1831814
1832306
1832678
1832776
1832874
1832905
1832934
1833833
1834364
1834931
1835992
1836016
1836604
1836774
1837703
1837866
1838047
1838274
1838648
1838788
1839098
1839146
1839285
1839647
1840076
1840472
1841424
1841528
1841705
1842060
1842355
1842696
1842779
1843011
1843150
1843159
1843282
1843333
1843389
1843436
1843454
1843619
1843940
1843993
1844000
1844018
1844156
1844258
1844371
1844506
1844740
1845489
1845770
1845893
1846105
1846518
1846591
1846632
1846681
1846692
1846909
1847166
1847372
1847493
1847927
1848064
1848204
1848660
1848955
1849092
1849131
1850178
1850253
1850324
1850345
1850672
1851971
1852185
1852315
1852341
1852757
1852787
1853227
1853901
1853951
1854243
1854573
1854853
1854868
1855056
1855351
1855353
1855674
1855819
1856484
1856523
1856658
1856701
1856801
1857015
1857036
1857356
1857414
1857554
1857991
1858379
1858884
1858951
1859035
1859066
1859261
1859334
1859412
1859694
1859694
1859788
1860123
1860148
1860303
1860533
1860687
1861002
1861150
1861189
1861302
1861428
1861433
1861483
1861607
1861748
1862048
1862185
1862233
1862265
1862446
1862733
1862775
1862830
1862883
1863008
1863063
1863294
1863542
1863895
1864036
1864164
1864521
1864540
1864564
1864722
1864791
1864912
1865085
1865259
1865512
1865797
1865872
1865986
1866185
1866192
1866481
1866581
1866763
1866979
1867136
1867314
1867318
1867430
1867715
1868010
1868048
1868079
1868106
1868211
1868292
1868302
1868555
1868914
1868944
1869076
1869217
1869729
1869888
1869939
1870233
1870364
1870557
1870723
1871004
1871530
1872979
1873366
1873554
1873596
1873908
1873939
1874624
1874730
1874885
1875015
1875548
1875561
1875768
1875905
1875988
1875996
1876142
1876246
1876625
1876786
1876874
1877252
1877278
1877324
1877527
1877661
1877950
1878061
1878275
1878282
1878416
1878983
1879071
1879732
1879801
1879832
1879835
1880284
1880374
1880689
1881217
1881259
1882416
1882503
1882718
1882755
1883048
1883176
1883189
1883219
1883373
1883861
1883931
1884287
1884627
1884903
1884989
1885229
1885382
1885545
1885739
1886052
1886103
1886285
1886298
1886359
1886863
1887008
1887045
1887290
1887375
1887674
1887942
1888200
1888334
1888353
1888602
1888695
1889161
1889866
1889885
1889988
1890330
1890577
1890602
1890792
1890821
1890938
1891525
1892036
1892166
1892183
1892496
1892671
1892848
1892849
1892903
1893086
1893300
1893337
1893509
1893626
1893686
1893962
1894406
1894676
1894953
1895058
1895067
1895651
1895936
1895938
1896063
1896116
1896173
1896255
1896378
1896544
1896679
1896814
1896847
1897379
1897393
1897421
1897441
1897523
1897756
1897796
1897829
1898052
1898204
1898525
1898536
1898671
1898671
1898713
1898789
1899213
1899238
1899419
1899522
1899655
1899681
1899792
1900040
1900238
1900382
1900549
1900742
1900850
1901214
1901403
1901506
1901709
1901768
1901792
1901957
1902537
1902771
1903174
1903253
1903263
1903300
1903488
1903582
1903876
1903903
1903974
1904139
1904386
1904477
1904490
1904502
1904540
1904625
1904669
1904716
1904748
1905129
1905455
1905940
1906008
1906190
1906752
1906807
1906822
1907059
1907077
1907192
1907226
1907301
1907408
1907741
1908395
1909011
1909085
1909145
1909198
1909247
1909501
1909562
1909588
1910354
1910356
1910465
1910680
1910763
1910792
1910936
1910990
1911033
1911116
1911918
1912062
1912250
1912286
1912431
1912470
1912779
1912803
1912895
1912913
1913833
1914092
1914442
1914459
1914475
1914929
1915022
1915514
1915598
1915721
1915787
1915806
1916385
1917298
1917451
1917505
1917907
1918577
1919211
1919468
1919603
1919606
1919838
1919981
1920099
1920192
1920197
1920705
1920730
1920839
1920875
1920911
1920924
1921088
1921104
1921104
1921337
1921444
1921638
1921973
1922091
1922445
1922573
1922724
1922919
1923179
1923342
1923369
1923847
1924035
1924262
1924325
1924486
1924660
1925165
1925294
1925358
1925481
1925707
1925735
1926054
1926058
1926163
1926219
1926499
1926832
1927230
1927272
1927692
1927789
1927801
1927966
1927993
1927994
1928771
1929136
1929593
1929729
1930411
1930575
1930669
1930673
1930791
1930875
1930925
1931048
1931129
1931309
1931461
1931702
1931983
1932434
1932461
1932561
1932692
1932838
1933601
1933862
1933955
1934106
1934697
1935351
1935372
1935517
1936032
1936121
1936785
1936905
1937020
1937045
1937127
1937398
1937531
1937590
1937673
1938010
1938086
1938748
1939246
1939453
1939515
1939968
1940155
1940178
1940225
1940744
1940897
1941785
1941913
1941987
1942374
1943107
1943571
1943696
1943772
1943973
1944556
1944795
1945090
1945311
1945490
1945504
1946227
1946442
1946466
1947214
1947455
1947546
1947580
1948006
1948137
1948178
1948383
1948384
1948386
1948471
1948674
1948870
1949086
1949130
1949280
1949424
1949520
1949531
1949681
1950199
1950200
1950378
1950810
1950819
1950969
1951095
1951402
1951417
1951458
1952318
1952404
1952435
1952643
1952762
1953000
1953589
1954196
1954256
1954589
1954858
1955036
1955406
1955419
1955841
1955908
1955950
1955984
1956350
1956357
1956523
1956670
1957153
1957153
1957191
1957506
1957808
1958682
1958703
1959019
1959315
1959335
1960188
1961051
1961059
1961641
1961962
1962011
1962451
1962500
1962708
1963070
1963340
1964205
1964681
1964852
1965026
1965618
1965941
1966335
1967059
1968012
1968159
1968469
1968561
1968780
1969486
1969545
1969634
1970078
1970210
1970268
1970381
1970467
1970553
1970799
1970912
1970996
1971158
1971230
1971277
1971313
1971783
1972336
1972507
1972649
1972660
1972683
1972781
1972996
1973055
1973066
1973142
1973441
1973460
1973968
1974004
1974033
1974103
1974345
1974694
1974694
1974811
1974900
1975563
1975658
1976057
1976119
1976261
1976542
1976551
1976606
1976720
1976816
1977382
1977454
1977505
1977516
1977540
1977700
1977756
1977901
1977921
1978110
1978289
1978520
1978530
1979039
1979391
1979642
1979675
1979747
1979825
1979970
1980079
1980177
1980342
1980364
1980514
1981117
1981193
1981365
1981808
1981814
1982202
1982238
1982313
1982415
1982946
1982955
1982997
1983114
1983490
1983566
1983624
1983840
1983898
1984067
1984854
1985127
1985326
1985354
1985410
1985836
1985976
1986083
1986220
1986659
1987132
1987259
1987920
1988087
1988163
1988191
1988318
1988398
1988553
1988616
1988824
1989030
1989140
1989159
1989407
1990061
1990314
1990472
1990510
1991048
1991060
1991240
1991298
1991466
1991651
1991743
1992009
1992364
1992394
1992454
1992518
1992803
1993023
1993391
1993403
1993933
1993986
1994344
1994402
1994484
1995006
1995083
1995226
1995237
1995448
1995575
1995579
1996067
1996131
1996298
1996924
1997101
1997319
1997496
1997989
1998146
1998304
1998328
1998418
1998509
1998680
1998714
1999314
