6109 ms..
82
311
374
480
722
1438
1750
2041
2094
2233
2338
2531
2759
3155
3258
3470
3585
3668
4081
4091
4140
4290
4427
4941
4944
5184
5286
5291
5663
5817
5938
5994
6050
6225
6240
6340
6561
6592
6994
7372
7566
7669
7789
7795
8140
8259
8558
8639
8692
8922
9007
9077
9107
9582
9728
9811
9820
9979
10114
10123
10501
10795
11361
11653
11960
13407
13503
13504
13669
13699
13853
14172
14201
14422
14452
14472
14535
14854
15292
15395
15464
15565
15720
15795
16039
16048
16088
16309
16431
16623
17109
17260
17748
17778
18333
19145
19249
19258
19337
19403
19468
20355
20358
20763
20950
20982
21014
21092
21109
21351
21463
21507
21841
22110
22383
22523
22792
23020
23304
23349
23381
23436
24152
24229
24402
25485
26102
26537
26589
27001
27317
27406
27538
27695
27791
27844
27857
28080
28119
28243
28616
28625
28875
28950
29095
29650
29753
29764
29907
29931
30206
30297
30313
30637
30974
31019
31344
31506
31718
31834
31924
32210
32357
32993
33210
33426
33916
33961
34020
34115
34693
34752
35092
35273
35363
35429
35460
35578
35656
35898
36034
36680
37289
37312
37330
37424
37641
37647
37761
37888
38303
39203
39281
39528
39787
39841
40056
40845
40930
40969
41022
41253
41267
41299
41594
42129
42281
42284
42427
42512
43174
43201
43263
43298
43649
43913
43993
44272
44312
44471
44724
44936
45064
45139
45396
45625
45839
45913
46731
46847
47074
47589
47708
47771
47792
47936
48136
48354
48492
48578
48695
48753
48774
49085
49248
49522
49653
50105
50135
50139
50269
50584
50986
51138
51156
51511
51723
51979
52008
52204
52248
53044
53138
53225
53598
54067
54155
54217
54286
54308
54514
54710
54712
55092
55357
55504
55982
56208
56369
56581
56824
56955
56987
57014
57148
57179
57371
57581
57631
57752
57856
57892
58182
58295
58398
58467
58467
58565
58987
59058
59406
59578
59879
59955
60186
60280
60592
60861
61301
61435
61674
61767
61772
62295
62461
62518
62606
62734
63079
63163
63275
63420
63807
63844
64313
64318
64691
64962
65179
65444
65525
66103
66530
67135
67168
67423
67451
67620
67706
67945
68759
68846
69283
69558
69612
69748
70089
70364
70766
70771
70893
71603
71617
71812
72198
72460
72708
72740
72877
73072
73105
73377
73548
73687
73955
74160
74800
74972
75165
75173
76351
76677
76776
76777
77207
77304
77362
77370
77386
77395
77653
77737
77870
78117
78451
78469
78687
78741
78923
78970
78997
79433
79444
79718
79862
80115
80124
80342
80443
80622
80717
81105
81143
81746
81796
81889
82031
82041
82395
82420
82623
82664
82843
83262
83741
83749
83940
84184
84204
84605
84729
84850
84906
84931
85237
85395
85686
85779
85804
85894
86807
86865
87355
87468
87549
87569
87669
87875
87941
88174
88710
89243
89404
89467
89488
89719
89738
89781
90103
90588
90654
91442
91462
91595
91651
91934
91950
92231
92312
93875
94514
94548
94594
94611
94796
94859
95064
95088
95251
95352
95612
95628
96084
96440
96481
96723
96745
96787
96835
96920
97171
97269
97271
97595
97701
97861
98005
98205
98474
98525
98567
98580
98610
98747
98767
98871
99073
99090
99093
99143
99220
99303
99368
99435
99533
99544
99610
100397
100786
100902
101096
101209
101311
101334
101984
102343
102353
102431
102606
102674
102883
103419
103821
103992
104155
104210
104416
104554
104938
104958
105301
105484
106081
106103
106142
106469
106989
107642
107681
107721
107835
107984
108377
108465
108537
108614
109024
109369
110606
110610
110610
110788
111015
111314
111399
111727
112305
112429
112534
112665
112887
113159
113271
113466
113529
113682
113801
114546
114665
114679
115150
115361
115566
115943
115959
116053
116533
116565
116701
117071
117474
117686
117722
117872
118325
118654
119401
119438
119600
119628
120552
121013
121191
121304
121446
121537
121667
121867
121916
122060
122318
122365
122405
122503
122733
122881
123190
124234
124830
125083
125491
125499
125601
125883
126757
126786
126798
127933
128012
128344
128765
128769
128855
129411
129433
129444
129527
129811
130110
130134
130279
130745
130950
131058
131338
131385
131554
131793
132143
132262
133002
133091
133520
133654
133718
134023
134522
134682
134875
134881
135118
135138
135145
135169
135238
135328
135610
136106
136378
136395
136492
136673
136762
136972
137077
137493
137888
138059
138127
138169
138238
138375
138505
138624
138821
138852
139301
139460
139577
139786
139800
139961
140153
140219
140926
141014
141163
141206
141229
141314
141745
142011
142142
142442
143529
143558
143726
143770
143853
144765
144953
145249
145717
145963
146315
146321
146449
147379
147634
147764
147790
147877
148034
148153
148333
148454
148493
148794
148899
148948
149027
149078
149214
149843
149918
150059
150134
150254
150288
150398
150464
150550
150701
150877
151057
151541
151794
151966
152051
152162
152187
152470
152506
152612
152790
153074
153097
153097
153374
153542
153582
153870
154201
154385
154498
154707
155178
155328
155396
155862
155934
156033
156215
156290
156557
156570
156865
156941
157577
157587
157785
157800
158267
158267
158360
158378
158539
158549
159037
159292
159513
159514
159575
159683
159748
159965
160709
160786
160964
160972
161274
161459
161526
161687
161908
161959
161983
162552
162677
163082
163404
163781
163815
163907
164028
164736
164750
164827
164964
165381
165562
165575
165624
166061
166169
166304
166506
167071
167287
167735
168042
168051
168103
168173
168275
168446
169556
169565
169682
169838
170196
170518
171146
171552
171991
172004
172335
172335
172411
172433
172463
172470
173126
173370
173542
173861
174042
174401
174498
175253
175328
175484
176026
176071
176101
176109
176228
176490
176732
177227
177432
177487
177619
177872
177879
178332
178681
178792
178845
178851
178962
178999
179220
179262
179389
179584
180535
181057
181375
181385
181386
181568
181589
181811
182051
182247
182542
182560
182897
182971
182997
183029
183166
183422
183591
184036
184117
184280
184485
184498
184579
184726
185238
185884
186165
186496
186558
186712
186810
186901
187175
187284
187285
187592
187598
187756
187913
187914
188186
188229
188269
188355
188477
188528
188663
188735
189103
189260
189441
189459
189722
189791
189848
189910
189948
189984
190017
190502
190565
190650
190831
190842
190847
190859
190876
191152
191215
191527
191680
191735
191810
191941
192272
192417
192464
192681
193007
193019
193459
193503
193554
193630
193772
193811
193972
193973
194339
194472
194898
194972
195241
195631
195631
195646
196558
196809
196909
196998
197223
197370
197706
197753
197756
197812
198508
198695
198836
198875
198899
199317
199567
199599
200205
200207
200216
200285
200459
200510
200533
200877
201492
201518
201788
202025
202188
202493
202589
202909
203348
203663
203774
204245
204270
204351
204628
204691
204799
204874
205124
205210
205418
205630
205855
206061
206101
206166
206882
206920
207216
207343
207464
207534
207835
208086
208597
208690
208972
209270
209347
209510
210265
210988
211224
211354
211369
211653
211789
211889
212020
212032
212125
212439
212508
212648
212670
212809
212955
213291
213348
213895
213966
214584
215062
215126
215252
215515
216626
216653
216685
216894
217065
217205
217229
217230
217328
217621
218250
218313
218710
218967
219445
219568
219692
219746
219813
220297
220348
220376
220469
220835
220949
221249
221583
221643
222154
222284
222350
222429
222518
222634
222706
222939
223188
223590
223593
224050
224213
224561
224713
225244
226039
227390
227438
227593
227978
228510
228789
228797
229350
229573
229808
230078
230130
230925
231055
231254
231270
231416
231816
231897
232176
232819
233060
233168
233571
233951
234021
234546
234570
235463
235586
235612
235765
236112
236163
236383
236500
236739
236761
237154
237532
237734
237984
238212
238368
238621
238917
239443
239857
239890
239948
240393
240589
240647
240650
240761
241184
241340
241379
241391
241439
241603
241800
241875
241906
241972
242218
242240
242569
242632
242690
242700
242781
242861
243246
243403
243728
244056
244242
244360
244799
245091
245156
245269
245603
245794
246351
246474
246730
246945
247022
247477
247659
247718
247975
248157
248355
248560
248874
249219
249382
249459
249570
249667
249971
250145
250305
250368
250413
251261
251379
251596
251688
251946
252027
252156
252473
252749
252995
253427
253722
253772
253807
253994
254059
254162
254228
254440
254544
254584
254625
254670
254971
255123
255334
255435
255509
255912
255912
256174
256742
256742
256839
257176
257211
257389
257728
257836
258281
258887
258891
259138
259260
259288
259327
259637
259936
259966
260158
260392
260506
261120
261152
261389
261389
261427
261552
261683
262564
263513
263687
263880
264383
264389
264518
264746
264804
265204
265230
265245
265278
265349
265386
265615
265830
265903
266031
266032
266043
266224
266385
266712
266782
266899
267127
267132
267170
267351
267519
267537
267891
267916
268428
268926
269037
269265
269309
269353
269455
269471
269553
269612
269751
269938
270261
270317
270691
270786
270996
271077
271382
271407
271575
271674
271794
271880
272358
272360
272853
272996
273030
273123
273168
273461
274339
274714
274792
274824
274890
275048
275124
275406
275582
275623
275843
276243
276284
276407
276590
276825
276849
276960
277703
277874
278154
278161
278338
278573
278742
278835
278872
279116
279189
279744
280033
280143
280181
280590
280622
281065
281366
282029
282447
283344
283582
284503
284644
284881
284908
285125
285313
285390
285931
286207
286277
286361
286407
287100
287158
287457
287458
287577
287732
288024
288192
288401
289196
289223
289259
289818
289852
290033
290097
290122
290161
290687
291860
291962
292079
292150
292535
292544
292649
292764
292917
293070
293150
293218
293391
293392
293456
293731
293907
293954
294211
294285
294535
294925
295157
295492
295747
296019
296027
296064
296142
296361
296520
296689
296722
297481
297674
298051
298100
298101
298385
298793
299449
300033
300330
300393
300617
300715
300739
300750
301127
301476
301649
301674
301676
302053
302059
302243
302419
302528
302682
302878
302924
303047
303050
303198
303309
303377
304080
304338
304445
304652
304663
304672
304793
304840
304865
305649
305831
305952
306082
306088
306144
306268
306307
306457
306569
306707
306812
306891
306956
307003
307137
307372
307440
308243
308331
308378
308630
309074
309092
309145
309265
309692
309740
309834
309886
310133
310444
310935
311460
311527
312173
312217
312682
312692
312972
313001
313207
313504
313678
313691
313924
313963
314000
314021
314291
314719
314822
315210
315521
315623
316299
316638
316673
316725
316729
316742
317052
317236
317521
317815
317864
318428
318690
319027
319392
320160
320455
320481
321008
321036
321226
321318
321387
321423
321596
321696
321704
321932
321973
322031
322441
322530
322609
322686
323167
323352
323441
323446
324226
324503
324841
325075
325153
325184
325384
325407
325672
326024
326134
326357
326606
326638
326659
326671
326725
326745
326833
327162
327210
327318
327634
328242
328382
328740
328774
328819
328860
328942
329091
329433
329461
329909
330048
330083
331302
331320
331553
331613
332323
332543
332622
332738
332787
332788
332870
332889
332965
333341
333730
333900
333919
334189
334254
334488
335239
335276
335337
335447
335843
336111
336115
336229
336236
336244
336732
337056
337995
338235
338437
338614
339020
339039
339331
339719
340084
340140
340182
340217
340410
340563
340604
340785
340811
340989
340997
341106
341518
341919
342305
342590
343249
343301
343696
343973
344219
344247
344278
344443
344720
344915
345162
345924
346007
346185
346284
346368
346618
346755
346928
347040
347043
347501
347894
348802
349018
349301
349502
350626
350807
351083
351103
351173
351310
351338
351366
351469
351503
351556
351950
352233
352291
353091
353359
353418
353702
354011
354438
354688
354745
354776
355032
355169
355301
355539
355552
355867
355913
355976
356102
356263
357218
357300
357456
357654
357658
357768
357783
357934
358037
358330
358355
358476
358476
358485
358623
358658
358899
358955
359005
359244
359410
359946
359960
360511
360719
360841
361191
361370
361703
361760
361874
361931
362068
362686
362744
362805
362843
362881
363084
363428
363707
363758
363797
363863
364141
364272
364332
364497
365013
365336
365348
365584
365642
365853
366263
366346
366567
366583
366798
367047
367105
367126
367131
367272
367382
367567
367874
367897
368243
368710
368841
369014
369075
369494
369681
369952
369974
370164
370270
370336
370486
370497
370737
371085
371284
371309
371536
372999
373531
373546
373616
373618
374295
374486
374509
375308
375661
375693
375871
376160
377054
377318
377356
377703
377705
377890
377949
378000
378069
378526
378621
378625
379222
379573
379671
379683
379905
380039
380297
380648
380871
381010
381284
381414
381432
381520
381601
381689
382102
382401
382711
383273
383276
383293
383520
383635
383662
384012
384339
384500
384590
384646
385264
385570
385739
385750
385915
385975
385999
386153
386182
386277
386310
386314
386482
386834
386904
387076
387103
387168
387298
387392
387583
387604
387723
387736
388539
388642
388855
388867
388941
389096
389457
389608
389713
389771
390043
390143
390629
391011
391048
391152
391803
392123
392493
392754
392966
393101
393831
394031
394202
394399
394426
394472
394524
394831
394956
395070
395223
395355
395555
395567
395621
395625
395663
395762
396045
396562
396613
396793
397322
397326
397696
397923
397971
398181
398735
398906
399050
399067
399218
399980
400174
400348
400410
400435
400704
400780
400944
400994
401840
402173
402236
402627
402644
402682
402944
402971
402996
403001
403137
403862
404541
405304
405333
405650
405717
405832
406089
406094
406095
406284
406524
406571
406713
406773
406820
407839
407960
407962
408614
408681
408726
409210
409349
409811
410143
410179
410248
410264
410362
410485
410542
410737
411048
411135
411242
411282
411391
411646
411734
411866
412028
412302
412365
412497
412575
412659
412734
412753
412781
412807
413391
413411
413567
413688
413721
413788
414039
414403
414605
414770
415353
415559
415607
415659
415702
415969
416144
416393
416487
416577
416634
417076
417145
417231
417288
417440
417639
417678
417752
417772
417799
417952
417953
417958
418110
418162
418396
418462
418546
418686
418752
418910
419102
419323
420151
420251
420834
420931
420982
421189
421219
421244
421275
421408
421476
421536
421612
421710
421721
421825
422066
422101
422133
422737
422997
423102
424128
424556
424731
425188
425361
425433
425448
425470
425853
426058
426260
426370
426372
426488
426505
426607
426699
426785
427192
427284
427287
427403
427542
427592
427617
427728
427746
428073
428279
428865
428885
429075
429084
429510
429738
429801
429823
429860
429931
429960
430080
430140
430431
430641
430793
430862
431006
431416
432570
432672
432900
432963
433111
433120
433393
433543
433839
434041
434043
434312
434524
434566
435026
435384
435400
435831
435936
436260
436267
436375
436464
436847
437235
437285
437289
437513
437693
437714
438182
438206
438348
438440
438509
438920
438934
439122
439232
439509
439801
439916
439943
440067
440135
440379
441241
441320
441445
441844
441865
441963
441999
442117
442248
442620
442768
442927
443144
443497
443722
443933
443953
444177
444216
444275
444418
444810
445141
445288
445490
446100
446147
446294
446712
446713
446970
447156
447182
447513
447548
447643
448166
448292
448303
448303
448384
448507
448513
448550
448634
448711
448760
449420
449703
449892
449921
450293
450409
450614
450626
450670
450716
450898
451228
451788
452551
452691
452890
453036
453108
453545
454183
454380
454596
455034
455446
455776
455825
455826
455848
455924
455938
456342
456424
456725
457008
457194
457571
457616
458100
458114
458423
458538
458610
458649
458713
459143
459316
459327
459594
460248
460335
460693
461089
461234
461263
461483
461792
462374
462431
462514
462648
462973
462996
463040
463367
463823
463861
464206
464299
464389
464485
464493
464614
465280
465304
465500
465522
465679
465782
465988
466079
466082
466357
466811
467019
467152
467168
467247
467251
467382
467407
467527
467582
467835
468479
468864
469055
469147
469208
469249
469295
469388
469556
470231
470384
470484
470493
470550
470699
470761
470781
470896
471144
471200
471400
471460
471864
472213
472251
472978
473044
473525
473691
473907
474055
474546
474692
475126
475476
475490
475571
476104
476181
476758
477003
477027
477120
477122
477148
477978
478299
478395
478433
478593
478634
479229
479539
479572
479855
480255
480551
480871
480990
481031
481105
481122
481332
481392
481592
481605
481870
482174
482352
482642
482690
482734
483299
483303
483362
483384
483416
483811
484036
484760
484767
484790
484856
485045
485068
485554
485712
486657
487220
487259
487700
487776
487933
488216
488274
488538
488733
488849
489162
489248
489473
489824
489854
489857
489861
489974
490533
490781
491101
492094
492151
492727
492975
492976
493179
493492
493883
494302
494466
494633
495587
495598
495746
495951
496187
496447
497096
497444
497733
497817
498441
498475
498652
498659
499026
499111
500082
500140
500173
500259
500334
500361
501077
501095
501239
501626
501673
501701
501946
503095
503146
503596
503891
505199
505222
505411
505955
506185
506212
506305
506652
506828
506906
507015
507106
507113
507305
507420
507594
507975
508231
508311
508572
508613
508733
508772
508821
508868
509179
509304
509568
509595
509604
509938
510101
510226
511052
511418
512029
512221
512259
512594
512661
512784
512840
513475
513860
514348
514415
514436
514860
515194
515454
515552
515663
515709
516078
516169
516615
517036
517288
517306
518180
518468
518780
519377
520232
520309
520443
521328
521569
521651
521860
521863
521927
522206
522750
523527
523790
523814
523922
524036
524197
524351
524362
524390
524790
525221
525710
525747
526052
526238
526422
526694
527307
527323
527633
527861
528048
528113
528139
528200
528424
528657
528739
528903
529011
529247
529371
529649
529754
530095
530663
530676
530762
531152
531386
531425
532025
532107
532138
532396
533115
533287
533525
533709
533837
534114
534233
534476
534524
534570
534605
534607
534872
535001
535461
535996
536158
536176
536281
536290
536598
536647
537051
537088
537312
537371
537459
537650
537760
537816
538327
538432
538505
538688
538951
539794
539862
539916
539930
540007
540108
540635
541039
541096
541165
541569
541733
541877
541894
542069
542320
542637
542822
543860
544406
544479
544487
544530
544731
545008
545203
545719
545868
546128
546351
546374
546544
546772
546834
546960
547104
547239
547245
547352
547516
547711
547761
547790
547892
547923
548160
548185
548229
548301
548314
548567
548690
549058
549464
549750
550400
550722
550830
550855
550923
551017
551093
551369
551430
551479
551534
552080
552598
552757
553365
553917
553931
554172
554817
554821
554944
554995
555069
555436
555567
555702
556042
556067
556128
556229
556477
556784
557233
557306
557895
558103
558201
558376
558564
558741
559407
559407
559408
559629
559951
560243
560341
560532
560536
561032
561106
561410
561650
561846
562117
562170
562452
563183
563260
563302
563757
563847
564173
564229
564716
564897
565123
565313
565357
565373
565671
565725
565985
566588
566769
566782
567187
567290
567334
567343
567596
567618
567870
568043
568063
568280
568426
568575
568621
568935
569165
569181
569251
569533
569632
569637
569815
569941
569999
570000
570034
570057
570328
571232
571481
571586
571648
572112
572208
572343
572453
572477
572510
572637
573042
573302
573407
573614
574106
574208
574699
574708
575243
575546
575597
575902
576251
576431
576602
576679
577072
577317
577475
577580
577634
577654
577809
578270
578271
578319
578703
578720
579005
579064
579072
579094
579217
579288
579475
579650
579683
580310
580336
580411
580423
580614
580941
580997
581019
581020
581137
581230
581400
581410
581433
581644
581839
582163
582164
582482
582592
582869
582909
582922
583523
584045
584255
584422
584664
584822
584977
584985
585116
585149
585287
585388
585604
585723
586121
586228
586232
586382
586469
586618
587080
587084
587210
587368
587403
587644
587684
587849
588224
588396
588763
588829
589064
589165
589836
589892
589896
590016
590049
590471
591218
591503
591553
591689
592248
592584
592778
592811
593006
593200
593364
593726
594069
594756
594927
595319
595898
596261
596402
596577
596872
597333
597516
597841
597863
598190
598283
598479
599223
599243
599471
599949
600411
600521
600847
601003
601022
601335
601506
601522
601570
601674
601741
602050
602063
602289
602298
602439
602927
603125
603336
603413
603936
604018
604107
604200
604299
604305
604345
604585
604862
605583
605872
605957
606629
607108
607260
607352
607388
607470
607649
607818
608043
608309
608723
608770
608938
609288
609392
609876
610231
610549
610565
610639
610712
610727
610781
612235
613098
614003
614051
614054
614114
614229
614296
614391
614560
614704
614914
616476
616512
616519
616579
616648
616905
617079
617103
617335
617546
617717
617878
618253
618438
618551
618816
619065
619131
619213
619223
619261
619376
619409
619601
619741
619850
620026
620091
620096
620142
620226
620342
620442
620504
620554
620864
621283
621571
621632
621752
621894
621912
622060
622060
622295
622656
622664
622809
623239
623530
623902
624213
624650
624662
624754
624884
625109
625186
625275
625531
625708
626286
626970
627112
627889
628321
628330
628409
628749
628758
628985
629262
629278
629280
629386
629723
630054
630097
630544
630573
630690
630719
630725
630735
630765
630847
630910
630921
631152
632204
632239
632439
632476
633030
633475
633698
633875
634063
634065
634082
634521
634784
634796
634823
634853
635065
636056
636146
636534
636537
636677
636894
637185
637238
637329
637677
637689
638199
638482
638621
638655
638686
638780
639111
639236
639342
640192
640489
640599
640649
640884
641043
641048
641117
641264
641541
641871
641999
642072
642271
642311
642481
642626
642655
642817
642819
642843
643019
643079
643092
643175
643239
643341
643523
643653
644373
645647
645700
645788
645869
646231
646730
646850
646868
646965
647099
647149
647724
648584
648718
648934
649047
649249
649337
649481
649635
649847
649914
649987
650174
650968
651220
651396
651418
651545
651826
651876
652265
652442
652579
652813
652875
653042
653404
653508
653603
653845
654059
654478
654505
654743
654779
655351
655546
655552
655764
656324
656337
656418
657067
657070
657142
657218
657250
657503
657665
657767
657923
658741
658790
658824
659323
659455
659622
659685
659698
659764
659818
660124
660413
660470
660562
660576
660626
661257
661428
661629
661903
661911
661931
662011
662020
662101
662126
662129
662140
662167
662852
662908
663238
663352
663631
663634
663829
663898
664154
664285
664290
664596
664727
664811
665241
665646
665660
665675
665814
665852
666059
666413
666494
667112
667157
667249
667541
667857
667876
668054
668076
668149
668404
668922
668966
668988
669031
669090
669299
669310
669311
669361
669828
669880
669921
670327
670421
670654
670726
670829
670905
671002
671104
671491
671550
671553
671606
671858
671993
672196
672464
672729
673111
673162
673474
673617
673869
673925
674089
674235
674268
674490
674762
675209
675447
675810
675904
675936
676323
676395
676555
676629
676915
677454
677613
677613
677672
678257
678423
678482
678667
678681
678806
678825
678906
679209
679261
680226
680318
680740
681084
681488
681742
681749
681769
681958
682006
682120
682506
682590
682592
682835
683011
683243
683580
683599
683628
684035
684233
684334
684621
685112
685464
685483
685516
685536
685543
685853
685887
686135
686157
686360
686562
686861
686902
687214
687361
687421
687427
687719
687728
688030
688091
688189
688631
689090
689147
689257
689554
689889
689931
690260
690363
690438
690834
691205
691247
691543
691621
691937
692054
692271
692355
692360
692613
692867
692915
692948
693029
693180
693600
693624
693692
693697
694035
694446
694470
694473
694622
694682
694686
694874
695107
695264
695409
695497
695776
695856
695873
695941
696220
696483
696623
696692
696743
696962
697122
697402
697526
697836
697837
698051
698319
698329
698453
698705
698830
698862
698929
698983
699247
699324
699633
699945
699954
700278
700292
700608
701011
701326
701361
701415
701424
701512
701853
702113
702144
702691
702819
702903
702918
703697
703877
704140
704186
704324
704629
704722
705008
705026
705282
705347
705538
705606
705658
705745
705950
706301
707720
708066
708665
708872
708902
709133
709440
709487
709493
709781
709836
710126
710227
710876
710897
711298
711719
711759
711838
711925
711957
712016
712102
712787
712818
712891
714240
714365
714792
714804
715111
715418
715522
715523
715814
716169
716322
716459
716790
717080
717084
717518
717581
717677
717879
718202
718609
718683
718834
719229
719390
719438
719570
719572
719612
719734
719964
719981
720414
720554
720789
720855
720937
721070
721358
721620
722039
722088
722247
722461
723292
723916
723965
724064
724070
724104
724176
725070
725142
725218
725334
725638
725740
725749
725819
726421
726965
727367
727549
727751
728042
728062
728557
728622
728755
728768
728808
729097
729312
729410
729461
730008
730594
730758
731149
731414
731499
731515
731755
731988
732145
732211
732797
732827
733118
733627
733688
733924
734024
734152
734238
734422
734461
734467
734875
735357
735753
736055
736141
736572
737296
737623
737629
737826
737836
737933
737959
738545
738693
738836
738951
739251
739558
739926
739954
740216
740226
740269
740598
740699
741742
741754
741799
742001
742066
742115
742282
742298
742398
742657
742745
742971
743028
743613
743680
743768
743930
743963
743981
744125
745837
745842
745942
745979
746266
746384
746700
746788
747002
747036
747198
747333
747484
747546
747625
748042
748643
749074
749118
749161
749358
749670
749721
750019
750053
750147
750405
751374
751381
751833
752180
752282
752414
752417
752536
752808
753066
753099
753150
753151
753162
753608
753742
753787
753802
753994
754286
754387
754451
754793
755130
755446
755454
755461
755466
755467
755531
755583
755748
756620
756790
756978
757666
757732
757772
758022
758502
758637
758692
759238
759276
759457
759529
759575
759577
759590
759885
761093
761138
761185
761297
761362
761385
761602
761693
761721
761845
761938
761966
762148
762484
762729
763326
763388
763443
763478
763675
763744
763939
764083
764156
764551
764757
764975
765042
765126
765132
765189
765355
765355
765389
765404
765569
765580
765785
765835
766037
766098
766212
766595
766774
766797
766996
767188
767201
767300
767344
767772
768026
768152
768221
768228
768280
768327
768795
768914
769335
769511
769520
769532
769767
769804
769969
770567
770604
770963
770987
771120
771216
771293
771353
771588
771784
771830
771954
771973
772099
772240
772297
772947
773422
773584
773898
773900
773929
774044
774236
774300
774480
774763
774901
775023
775196
775292
775401
775559
775676
775715
775851
776293
776338
776497
777021
777164
777292
777326
777442
777615
777883
778542
778998
779046
779289
779367
779382
779433
779508
779541
779724
779870
779878
780085
780589
780701
780752
780973
780978
781709
781868
782490
782501
782563
782619
783243
783512
783570
784129
784314
784323
784676
785498
785671
785869
785964
786119
786199
786356
786423
786727
786799
787137
787194
787902
788320
788500
788703
788887
788946
788976
789171
789275
789595
789957
790002
790086
790230
790377
790508
790745
790887
790897
791465
791540
791910
791914
791952
792227
792563
792720
792785
792846
792880
792881
792971
793213
794255
794631
794776
794777
794897
795086
795149
795370
795589
795949
795989
796070
796156
796410
796422
796481
797069
797153
797179
797271
797323
797333
797745
798344
798434
798652
798764
798814
798881
798883
798988
799462
799477
799489
799750
799861
800056
800086
800095
800193
800345
800416
800615
800655
800679
801279
801482
801553
801783
801976
802577
802777
802894
803247
803428
803472
803636
803646
803921
803926
803978
804023
804237
804418
804621
804737
805730
805733
805752
806028
806165
806242
806284
806453
806533
806608
806645
806780
806873
807091
807515
807727
807778
808008
808067
808167
808410
808499
808783
809177
809208
809239
809563
809675
809914
809922
810091
810610
810820
811050
811554
811689
812244
813236
813408
813442
813483
813661
814160
814250
814282
814427
814485
814956
815340
815379
815577
815658
816039
816052
816809
816999
817005
817582
817778
818247
818266
818304
818368
818664
818778
818862
818950
819210
819273
819313
820176
820190
820740
821190
821319
821767
821785
822466
822572
822694
822798
822810
822855
822944
823003
823326
823803
824015
824123
824559
824683
824812
824862
824933
825087
825522
825543
825634
826224
826266
826768
826812
826844
826886
827021
827241
827502
827671
827778
828288
828399
829205
830135
830558
830702
830704
830719
830931
831082
831808
832003
832577
832821
833078
833807
833897
834092
834176
834217
834570
834820
835788
836070
836412
836443
836843
836985
837638
837815
837920
838332
838520
838718
838904
838984
839011
839193
839281
840033
840170
840476
840626
840677
840758
841737
841741
842131
842133
842195
842412
842505
842687
842748
843244
843384
843550
843600
844000
844043
844284
844366
844391
844624
844648
844793
844896
844976
844982
844993
845275
845841
845852
846140
846238
846304
846391
846550
846560
846718
847290
847519
847542
847704
847944
848154
848413
848909
849176
849412
849628
849706
849748
850056
850060
850066
850083
850117
850333
850418
850434
850689
850747
850911
850961
851000
851173
851820
852177
852419
853067
853117
853159
853299
853429
853643
853872
854496
854798
854815
854837
855210
855233
855381
856046
856443
856625
856632
857467
857516
857535
857868
857929
858410
858562
858934
859123
859560
859694
859803
859827
859884
860648
860757
860890
861405
861418
861451
861590
861777
861858
861915
861961
862388
862525
862658
862792
862877
862887
862900
863265
863385
863421
863718
863789
863817
863968
864127
864327
864888
865015
865040
865615
865983
866071
866138
866164
866303
866356
866796
866830
866958
867084
867499
867759
867895
868291
868350
868770
868890
869118
869187
869599
869694
870052
870329
870447
870785
871268
871526
872011
872093
872133
872730
872928
873147
873385
873411
873419
873578
873700
873828
874379
874387
874481
874530
874963
875087
875099
875695
875740
875851
875919
876179
876486
876501
876676
876824
877217
877237
877284
877379
877397
877486
877744
877748
878340
878382
878638
878963
879015
879225
879333
879453
879457
879581
879880
879908
880803
880956
881110
881181
881489
881913
882115
882374
882751
882989
883590
883626
883743
883854
883968
884205
884513
884516
884529
884687
885096
885154
885154
885704
885891
886021
886480
886507
886800
886958
887043
887586
887689
887842
888116
888135
888529
888779
889216
889904
890244
890390
891151
891392
891835
891839
892575
892604
892841
892921
893651
893679
893707
893717
893829
893955
893996
894099
894205
894256
894342
894357
894601
895067
895083
895424
895575
895673
895678
895823
896103
896138
896309
896604
896981
897285
897358
897580
897668
898042
898593
898758
899156
899296
899345
899615
899633
899831
899875
899902
900316
900450
900623
900742
900892
901074
901481
901545
901639
902128
902143
902271
902291
902696
902940
902973
903956
904258
904352
904567
904618
904668
904686
904709
905006
905083
905145
905193
905411
905458
905616
905711
905770
905771
906243
906283
906380
906453
906476
906599
906850
906896
907098
907558
907619
907868
907913
908064
908112
908292
908393
908879
909001
909153
909372
909446
909597
910324
910808
911305
911391
911529
911668
911755
912036
912106
912547
912568
912593
912741
912884
913128
913135
913138
913178
913407
914043
914090
914251
914277
914665
915409
915636
915683
916420
916818
917085
917232
917613
918686
918728
918730
918782
918808
919110
920215
920639
920873
920992
921353
921517
921812
922015
922019
922989
923036
923385
924112
924190
924366
924396
924425
924923
925151
925277
925372
925603
925647
925700
925908
925937
925997
926126
926395
926638
926742
926853
926940
926956
927321
927396
927493
927676
928011
928071
928178
928192
928310
928321
928547
929154
929180
929639
929963
929981
930296
930345
930396
930615
930682
930816
931041
931123
931385
931668
931997
932130
932146
933369
933488
933518
933583
933963
934102
934238
935260
936210
936298
936464
936537
936615
936661
936857
936962
937021
937184
937204
937439
937636
937831
938215
938478
938539
938591
938595
938727
938770
939410
939551
939605
939688
939902
939909
940296
940432
940452
940556
940625
940720
940790
941038
941094
941444
941636
942001
942128
942215
942367
942429
942999
943055
943140
943313
943476
943547
943607
943739
944303
944412
944512
944548
944837
945036
945429
945702
945861
946455
946938
947625
948776
948867
949144
949242
949363
949409
949936
949957
950262
950584
950774
950805
950811
950985
951134
951970
951998
952533
952570
952665
952851
952946
953305
953347
953401
953453
954525
954831
955072
955078
955225
955481
955588
955659
955870
956407
956455
956518
956570
956897
957246
957376
957499
957781
958353
958628
958690
958878
959232
959336
959376
959738
960752
960795
960918
961650
961656
961798
962077
962338
962404
962404
962561
962963
962977
962980
963830
964050
964214
964759
964879
964991
965164
965341
965531
966071
966739
967032
967067
967221
967339
967446
967982
968455
968727
968867
968899
968905
969144
969158
969504
969586
969611
969650
969850
969857
970073
970222
970256
970402
970419
970532
970767
970858
971083
971111
971292
971431
971851
972540
972633
973023
973101
973295
974026
974152
974285
974683
974695
974873
974958
975042
975180
975599
975678
976316
976334
976784
976839
977202
977298
977349
977985
978041
978162
978288
978908
979238
979404
979565
979682
979759
979934
981340
981601
981833
981981
982027
982077
982304
982990
983039
983317
983526
983530
983916
984099
984325
984942
984993
985068
985155
985351
985534
985719
985760
985818
985940
985965
986400
986541
986618
987090
987336
987419
987616
987710
987715
988433
988679
988750
988799
989045
989102
989385
989929
990015
990144
990153
990276
990324
990467
990633
990854
990928
990962
991152
991352
991524
992041
992075
992148
992312
992526
992621
992731
993212
993371
993446
993787
993844
994172
994287
994510
994576
995106
995138
995220
995302
995376
995606
995858
995939
996038
996117
996521
996851
996948
996977
996980
996984
997096
997106
997244
997597
997667
997957
997967
998034
998088
998362
998481
998530
998561
998715
998799
999129
999879
1000068
1000124
1000353
1000595
1001044
1001141
1001254
1001609
1001739
1001776
1002193
1002369
1002436
1002543
1003042
1003220
1003282
1003873
1003940
1004083
1004138
1004597
1004778
1004835
1004900
1005153
1005163
1005416
1005435
1005439
1005542
1005691
1005702
1005711
1006182
1006350
1006531
1006557
1006627
1006838
1006853
1007541
1007597
1007798
1008041
1008096
1008250
1008317
1008644
1008763
1008808
1009129
1009260
1009383
1009458
1009863
1010168
1010236
1010264
1010635
1010661
1010940
1011058
1011503
1011862
1012025
1012545
1012629
1012654
1012672
1013631
1013769
1014051
1014996
1015056
1015547
1016034
1016095
1016472
1016668
1016916
1017023
1017242
1017406
1017432
1017498
1017629
1018321
1018511
1018514
1018739
1018886
1018955
1019374
1019460
1019771
1019932
1020008
1020324
1020359
1020372
1021020
1021270
1021339
1021370
1021555
1021633
1021651
1021688
1021736
1021982
1022057
1022235
1022289
1022352
1022370
1022400
1022519
1022604
1022701
1022753
1022946
1023181
1023371
1023384
1023403
1023458
1023467
1023634
1024012
1024477
1024545
1024680
1024871
1024965
1025543
1025611
1025754
1025791
1025872
1025976
1026084
1026546
1026667
1026746
1026899
1026908
1027013
1027071
1027197
1027302
1027325
1027334
1027426
1027452
1027603
1027675
1027953
1028036
1028057
1028092
1028168
1028288
1028504
1028713
1028727
1029137
1029260
1029550
1029622
1029635
1029686
1029750
1029764
1029926
1029963
1030084
1030294
1030759
1030955
1031280
1031490
1031554
1031682
1031747
1031823
1032117
1032194
1032266
1032440
1032728
1032996
1033081
1033958
1034003
1034009
1034408
1034427
1034515
1034631
1034858
1035006
1035207
1035569
1035848
1035932
1036099
1036202
1036670
1036858
1036884
1037287
1037612
1037769
1037828
1037835
1037907
1037916
1038066
1038250
1038262
1039022
1039142
1039591
1039600
1039694
1039819
1040148
1040510
1040582
1040596
1040830
1041008
1041058
1041131
1041332
1041347
1041502
1041703
1041881
1041889
1042061
1042269
1042375
1042518
1042621
1042924
1042933
1042936
1042995
1043459
1043758
1043879
1043935
1044165
1044183
1044925
1045130
1045495
1045600
1045695
1045750
1046343
1046427
1046429
1046866
1046908
1046947
1046968
1047248
1047494
1047700
1048155
1048224
1048664
1048692
1049073
1049541
1049606
1049796
1049975
1050006
1050618
1050893
1050963
1051281
1051311
1051683
1051749
1051826
1051890
1051900
1052176
1052230
1052360
1052461
1052719
1052824
1053104
1053400
1053636
1053756
1053826
1054134
1054274
1054308
1054516
1054852
1054924
1055280
1055355
1055397
1055552
1055596
1055629
1055632
1056374
1056437
1056950
1056989
1057048
1057266
1057353
1057766
1057966
1057979
1058153
1058172
1058611
1058622
1058672
1058686
1059031
1059324
1060082
1060113
1060340
1060505
1060686
1061012
1061542
1061680
1062098
1062173
1062340
1062386
1062455
1062686
1062715
1062786
1062832
1062915
1063347
1063510
1063685
1063777
1064056
1064379
1064721
1064986
1065007
1065064
1065113
1065294
1065334
1065403
1065791
1066312
1066523
1066566
1066617
1066914
1066932
1067498
1067530
1067888
1068212
1068335
1068681
1068846
1068893
1068927
1069102
1069136
1069275
1069333
1069503
1069550
1069620
1069680
1069696
1069710
1069970
1070591
1070611
1071024
1071180
1071337
1071354
1071415
1071542
1071672
1072448
1072526
1072982
1072997
1073019
1073701
1073705
1073764
1073829
1074563
1074604
1075612
1075643
1075943
1076325
1076441
1076559
1076693
1076735
1076840
1077489
1077547
1077552
1077582
1077903
1078022
1078359
1078589
1078608
1078632
1078634
1078925
1078978
1079238
1079556
1079938
1080438
1080484
1080575
1080676
1080711
1080858
1081554
1081567
1081764
1081936
1082076
1082093
1082230
1082594
1083594
1083785
1083821
1083996
1084944
1085157
1085295
1085405
1085772
1085881
1085987
1086315
1086648
1086729
1086878
1086884
1086935
1086964
1087044
1087504
1087661
1087845
1088284
1088700
1088882
1089036
1089136
1089320
1089905
1089998
1090553
1090612
1090931
1091246
1091288
1091395
1091514
1091806
1092334
1092525
1092843
1092931
1093169
1093425
1093701
1093803
1094399
1094601
1094835
1094959
1095343
1095406
1095793
1096139
1096523
1097006
1097703
1097708
1098437
1098479
1099371
1099564
1100131
1100485
1100541
1101023
1101115
1101437
1101564
1101750
1101765
1101822
1102171
1102231
1102688
1102848
1103132
1103168
1103250
1103352
1103439
1103573
1103606
1103628
1104229
1104936
1104986
1105077
1105187
1105716
1105734
1106116
1106154
1106438
1106674
1106848
1106857
1107137
1107272
1107313
1107466
1107635
1107736
1107805
1107874
1108132
1108178
1109026
1109100
1109360
1109448
1109703
1109704
1109807
1109942
1110003
1110036
1110086
1110096
1110119
1110301
1110578
1110717
1110958
1111099
1111131
1111132
1111162
1111218
1111377
1111433
1111622
1111972
1112034
1112063
1112141
1112514
1112931
1113127
1113779
1113803
1113904
1114108
1114288
1114654
1114775
1114776
1114811
1114865
1115016
1115586
1115607
1115646
1115974
1116106
1116112
1116529
1116570
1116670
1117088
1117113
1117441
1117509
1117876
1118138
1118211
1118253
1118551
1118568
1118703
1119277
1119326
1119330
1119469
1119530
1119833
1119981
1120127
1120258
1120268
1120341
1120593
1120685
1120733
1120755
1120842
1120922
1121028
1121591
1121889
1122031
1122654
1122706
1122732
1122922
1123279
1124537
1124584
1125547
1125593
1125769
1125868
1125888
1125928
1126813
1127699
1127969
1127978
1127996
1128001
1128150
1128200
1128418
1128681
1128762
1128899
1128919
1129026
1129299
1129321
1129562
1129599
1129753
1129894
1130330
1130462
1130481
1130488
1130579
1130607
1131097
1131277
1131451
1131495
1131751
1131841
1131893
1131929
1131955
1132210
1132441
1132473
1132834
1132917
1132933
1133039
1133112
1133233
1133557
1133632
1133711
1133771
1133825
1133861
1133986
1134608
1134722
1135106
1135260
1135651
1135842
1135905
1136005
1136176
1136236
1136258
1136268
1136284
1136411
1136485
1137281
1137539
1137676
1137711
1137751
1137808
1137941
1138361
1138501
1138577
1138952
1139061
1140561
1140958
1140965
1141095
1141313
1141455
1141766
1141839
1141897
1142249
1142297
1143328
1143383
1143429
1143479
1143515
1143971
1144136
1144179
1144543
1145780
1145814
1145953
1146569
1146767
1146773
1146807
1146984
1147671
1148027
1148110
1148111
1148148
1148321
1149006
1149211
1149512
1149540
1149760
1149930
1150406
1150763
1150995
1151034
1151095
1151136
1151241
1151392
1151501
1151566
1151586
1151780
1151781
1151896
1152051
1152063
1152260
1152284
1152440
1152441
1152604
1152922
1153570
1154026
1154149
1154384
1154426
1154934
1155004
1155019
1155580
1155742
1156072
1156160
1156231
1156344
1156532
1156538
1156693
1157131
1157158
1157177
1157664
1157784
1157978
1158007
1159266
1159285
1159504
1159511
1159704
1160965
1161217
1161220
1161315
1161316
1161320
1161450
1161489
1161599
1161634
1161764
1162097
1162187
1162497
1162532
1162582
1162707
1162847
1163039
1163210
1163590
1163697
1163881
1163972
1164139
1164571
1164643
1164857
1165137
1165668
1166226
1166471
1166737
1167135
1167233
1167332
1167410
1167424
1167530
1167565
1167574
1168264
1168303
1168475
1168680
1168822
1168943
1169016
1169036
1169730
1170985
1171059
1171169
1171353
1171721
1171987
1172100
1172166
1172572
1172706
1172841
1172854
1172963
1173108
1173294
1173561
1174179
1174182
1174236
1174293
1174528
1174692
1174839
1175298
1175344
1175497
1175539
1176164
1176297
1176704
1176827
1176852
1176909
1177338
1177363
1177561
1177673
1177941
1178100
1178276
1178320
1178411
1178779
1179096
1179112
1179286
1179299
1179872
1179941
1180545
1180798
1181536
1181725
1182030
1182318
1182446
1183235
1183579
1183805
1183836
1184009
1184409
1184519
1184805
1185147
1185192
1185319
1185901
1185917
1186082
1186313
1186633
1186754
1186772
1186841
1186905
1187091
1187167
1187522
1187575
1187675
1188003
1188065
1188689
1189085
1189324
1189394
1189587
1189592
1189846
1190532
1190612
1190635
1190949
1191060
1191061
1191149
1191476
1191495
1191542
1191556
1191635
1191950
1192215
1192410
1192644
1192733
1192740
1192883
1193071
1193275
1193449
1193473
1194109
1194179
1194308
1194333
1194380
1194497
1194990
1195064
1195449
1196129
1196767
1197093
1197193
1197233
1197503
1197519
1197957
1198422
1198446
1198494
1198630
1198833
1199357
1199778
1200566
1201476
1201588
1201793
1201913
1202154
1202327
1202787
1202941
1203209
1203465
1203585
1203605
1203722
1203801
1203952
1204240
1204999
1205076
1205329
1205331
1205385
1205432
1205664
1205785
1205935
1206077
1206266
1206340
1206447
1206740
1206945
1207039
1207141
1207364
1207396
1207554
1207658
1207675
1207793
1208002
1208008
1208307
1208373
1208658
1208906
1209049
1209097
1209144
1209207
1209307
1209485
1209500
1209530
1209635
1209685
1209702
1209874
1209894
1210087
1210290
1210293
1211041
1211157
1211166
1211593
1212118
1212141
1212173
1212489
1212513
1212528
1212556
1213081
1213460
1213529
1213647
1213927
1214263
1214503
1214545
1214604
1214619
1214626
1214630
1214741
1215242
1215634
1216344
1216421
1216471
1216569
1216705
1216861
1217046
1217130
1217210
1217635
1217859
1217914
1218094
1218459
1218475
1219010
1219359
1219563
1219604
1219607
1219609
1219651
1219738
1219977
1220241
1220310
1220387
1220463
1220616
1220666
1220668
1220951
1221044
1221131
1221499
1221917
1222053
1222281
1222309
1222481
1222738
1222758
1222798
1222923
1222938
1222955
1223015
1223018
1223126
1225047
1225250
1225268
1225670
1225714
1226156
1226236
1226321
1226775
1226979
1227077
1227108
1227291
1228216
1228392
1228913
1228960
1229188
1229194
1229521
1229898
1230396
1230399
1230437
1230478
1230487
1230564
1230577
1230890
1231197
1231314
1231366
1231553
1231586
1231644
1231766
1231881
1232023
1232098
1232198
1232216
1232475
1232499
1232589
1232654
1232812
1233196
1233367
1233645
1233688
1233815
1233890
1234430
1234523
1234772
1234828
1235010
1235659
1236442
1236473
1236492
1236615
1236772
1237039
1237047
1237118
1237401
1237479
1237742
1237929
1237941
1238022
1238425
1238511
1238972
1239076
1239108
1239424
1239426
1239594
1239763
1239876
1239931
1240272
1240431
1240519
1240764
1240792
1240810
1240910
1240946
1241252
1241873
1241956
1242204
1242656
1242666
1242766
1243032
1243115
1243362
1243577
1243617
1243623
1243638
1244005
1244235
1244855
1245024
1245079
1245182
1245298
1245305
1245360
1245841
1246085
1246263
1246301
1246704
1246972
1247096
1247155
1247210
1247248
1247550
1247716
1248259
1248531
1248539
1248558
1248862
1249083
1249134
1249451
1249460
1249478
1249483
1250518
1250917
1251408
1251641
1251687
1251728
1251819
1251839
1252157
1252286
1252449
1252649
1253197
1253405
1253411
1253897
1254690
1254965
1254999
1255074
1255088
1255448
1255559
1255761
1255768
1256087
1256448
1256897
1257852
1258048
1258226
1258226
1258934
1259076
1259364
1259705
1259799
1259848
1259938
1260226
1260338
1260388
1260603
1260690
1261853
1261929
1262130
1262164
1262323
1262405
1262599
1262668
1262699
1263470
1263504
1263779
1263876
1264054
1264421
1264438
1264616
1264841
1264853
1264930
1265035
1265085
1265279
1265346
1265413
1265511
1265986
1266261
1266288
1266394
1266421
1266455
1266563
1266929
1267327
1267448
1268513
1268600
1268769
1268814
1268996
1269189
1269297
1269509
1269826
1269898
1270040
1270153
1270401
1270454
1270653
1271046
1271319
1271512
1271526
1271672
1272091
1272419
1272500
1272560
1272641
1272728
1272903
1273025
1273373
1274061
1274075
1274138
1274195
1274249
1274464
1274795
1275159
1275221
1275639
1275689
1275817
1275905
1276262
1276467
1276509
1276545
1276634
1276889
1277029
1277182
1277213
1278342
1278477
1278812
1278989
1279448
1279585
1279758
1280304
1280407
1280811
1280855
1281120
1281148
1281299
1281313
1281512
1281649
1281659
1281763
1281826
1281857
1281866
1282026
1282076
1282130
1282392
1282754
1283096
1283394
1283834
1284389
1284684
1284996
1285365
1285574
1285599
1285637
1285641
1285857
1286006
1286201
1286362
1286516
1286622
1286657
1286907
1287233
1287252
1287325
1287552
1287871
1288171
1288491
1289748
1290051
1290227
1290328
1290467
1290625
1291031
1291222
1291560
1291626
1292186
1292219
1292353
1292805
1292894
1293002
1293166
1293591
1293879
1294176
1294409
1294420
1294538
1294585
1294587
1294746
1295124
1295305
1295330
1295476
1295785
1295852
1296167
1296167
1296225
1296764
1297015
1297371
1297646
1297927
1297981
1298531
1298623
1298688
1298696
1299728
1300009
1300356
1300519
1300728
1300735
1300815
1300819
1300906
1301052
1301253
1301361
1301573
1301596
1301701
1301835
1301979
1302147
1302337
1302734
1303022
1303259
1303376
1303522
1303544
1303620
1303977
1304268
1304635
1304844
1305098
1305180
1305459
1305511
1305593
1305678
1306283
1306315
1306668
1306788
1307055
1307276
1307479
1307888
1308102
1308835
1309169
1309426
1310194
1310381
1310567
1310710
1310958
1311165
1311311
1311461
1311657
1311847
1312054
1312236
1312329
1312521
1312905
1312966
1312978
1313647
1313760
1314886
1315604
1315668
1316038
1316042
1316179
1316232
1316529
1316537
1316636
1317070
1317221
1317480
1317534
1318037
1318039
1319412
1319754
1319862
1320084
1320171
1320308
1320314
1320350
1320394
1320832
1320912
1321218
1321249
1321524
1321837
1321958
1322244
1322245
1322317
1322411
1322541
1322739
1323042
1323052
1323130
1323704
1323781
1324903
1325142
1325411
1325708
1325746
1326657
1326756
1326924
1327070
1327073
1327226
1327592
1328281
1328330
1328520
1328668
1328921
1328964
1328997
1329158
1329172
1329279
1329631
1329701
1329896
1330122
1330229
1330288
1330296
1330675
1330758
1330828
1330843
1331080
1331340
1331540
1331606
1331706
1331778
1331963
1332056
1332059
1332064
1332088
1332320
1332410
1332660
1333094
1333112
1333485
1333571
1333664
1333676
1333763
1333826
1333852
1334555
1334566
1334577
1335170
1335769
1335873
1335960
1336442
1336496
1336669
1336747
1336756
1336869
1336894
1336978
1337120
1337146
1337452
1337719
1337736
1337969
1338197
1338571
1338804
1339560
1340012
1340107
1340179
1340211
1340214
1340472
1340680
1340729
1340824
1340992
1341081
1341343
1341505
1341828
1341829
1342005
1342200
1342200
1342250
1342616
1343243
1344411
1344472
1344742
1345053
1345099
1345527
1345581
1345662
1346108
1346565
1346680
1346980
1347282
1347609
1347663
1348166
1349546
1349848
1350019
1350400
1350440
1350635
1350852
1350993
1351225
1351236
1351439
1351609
1352070
1352440
1352515
1352590
1352931
1353049
1353082
1353566
1353870
1353930
1353974
1354075
1354360
1354418
1354575
1354712
1354719
1354929
1355093
1355228
1355484
1355715
1355868
1355887
1355953
1356218
1356219
1356419
1356763
1356971
1356991
1357158
1357272
1357925
1358050
1358177
1358522
1358754
1358818
1358905
1358933
1359167
1359587
1360049
1360186
1360310
1360389
1360531
1360881
1361334
1361438
1361511
1361574
1361677
1362153
1362171
1362677
1362716
1362847
1363119
1363162
1363240
1363299
1363553
1363590
1363636
1363648
1363713
1363726
1363919
1364376
1364614
1365124
1365300
1365522
1365664
1365668
1365846
1366126
1366310
1366461
1366481
1367320
1367366
1367396
1367718
1367749
1367820
1367993
1368048
1368550
1368655
1368727
1368892
1369016
1369089
1369309
1369716
1369968
1370082
1370211
1370442
1370500
1370818
1371048
1371107
1371283
1371305
1371353
1371371
1371450
1371782
1371974
1372089
1372210
1372623
1372721
1372824
1372946
1373093
1373157
1373768
1373853
1373866
1373929
1374038
1374059
1374911
1375106
1375235
1375261
1375428
1375947
1376484
1376653
1376689
1376928
1376943
1377427
1377857
1378064
1378095
1378201
1378285
1378372
1378500
1378956
1379426
1379471
1379676
1379763
1379889
1379892
1379970
1380108
1380241
1380289
1380322
1380408
1380805
1380822
1380909
1380922
1381309
1381849
1382183
1382190
1382274
1382333
1382784
1382797
1383033
1383105
1383553
1383718
1384118
1384413
1384727
1384731
1384983
1385113
1385733
1386637
1386771
1386877
1387174
1387245
1387450
1387634
1387668
1388092
1388225
1388277
1388652
1388657
1388714
1388763
1389266
1389661
1390072
1390207
1390417
1390471
1390828
1390832
1391671
1392045
1392285
1392588
1392659
1392828
1392856
1393011
1393187
1393352
1393526
1394379
1394414
1394772
1394873
1395094
1395119
1395454
1395479
1395579
1396151
1396640
1396679
1396965
1397127
1397695
1397720
1398110
1398125
1398358
1398614
1399234
1399368
1399670
1399754
1399912
1399944
1400065
1400220
1400408
1400423
1400713
1401264
1401566
1401622
1401653
1402113
1402140
1402155
1402292
1402334
1402343
1403225
1403310
1403503
1403559
1403723
1404003
1404043
1404091
1404169
1404189
1404506
1404518
1404533
1404594
1406140
1406170
1406352
1406463
1406617
1406777
1406860
1407317
1407320
1407322
1407893
1408192
1408296
1408477
1408485
1408536
1408725
1409184
1409232
1409516
1409528
1409957
1409961
1410074
1410088
1410098
1410103
1410167
1410304
1410362
1410444
1410529
1410568
1410784
1410801
1410834
1410872
1410910
1411379
1411400
1411689
1411870
1411874
1412718
1412796
1412891
1412962
1413086
1413100
1413726
1413949
1414124
1414529
1414732
1414905
1415115
1415224
1415503
1415616
1415622
1415812
1416187
1416269
1416396
1417025
1417623
1417658
1418451
1418775
1418834
1418841
1419007
1419155
1419522
1419577
1420119
1420212
1420269
1420512
1420580
1420594
1420719
1420838
1421097
1421274
1421470
1421484
1421515
1421613
1421725
1421727
1422439
1422697
1422775
1422901
1423378
1423616
1423898
1424418
1424451
1424463
1424590
1425191
1425952
1426117
1426248
1426385
1426639
1426856
1427358
1427643
1428230
1428565
1428620
1428748
1428969
1429340
1429479
1429481
1429534
1429833
1429981
1430075
1430260
1430280
1430312
1431298
1431432
1431625
1431716
1432065
1432687
1432794
1432794
1432826
1432986
1433014
1433281
1433422
1433921
1433963
1434101
1434197
1434627
1435066
1435379
1435431
1435587
1435990
1436077
1436098
1436305
1436522
1436976
1437131
1437152
1437212
1437376
1437852
1437895
1438827
1438934
1439263
1439267
1439587
1440544
1440923
1440996
1441041
1441334
1441623
1441840
1441857
1441930
1441994
1442292
1442666
1442855
1442861
1442897
1442979
1442985
1443130
1443172
1443260
1443771
1444072
1444286
1444719
1444840
1444962
1444969
1445046
1445082
1445118
1445156
1445427
1446407
1446592
1446737
1447132
1447135
1447646
1448802
1448989
1449032
1449347
1449886
1450098
1450111
1450249
1450266
1450653
1450838
1451267
1451509
1451744
1451746
1452169
1452390
1452459
1452650
1452867
1453027
1453032
1453605
1453757
1453790
1453975
1454288
1455260
1455447
1455810
1455867
1455883
1455884
1455976
1456067
1456244
1456746
1456878
1456970
1457022
1457153
1457154
1457253
1457378
1457470
1457534
1457572
1457614
1458387
1458597
1458663
1458790
1458817
1458895
1459141
1459486
1459623
1459730
1459873
1459943
1459973
1460496
1460534
1460582
1460646
1461229
1461320
1461448
1461575
1462054
1462096
1462171
1462548
1462859
1462941
1463157
1463333
1463341
1463528
1463546
1463666
1463825
1463971
1464017
1464096
1464271
1464449
1464502
1464776
1464856
1465074
1465565
1465608
1465610
1466684
1466771
1467015
1467177
1467272
1467347
1467531
1467565
1467672
1467704
1467872
1467909
1468693
1468753
1469158
1469731
1469913
1469939
1470099
1470192
1470259
1470286
1470355
1470500
1470858
1471099
1471265
1471295
1471484
1471526
1471586
1472075
1472206
1472508
1473042
1473264
1473628
1473763
1473999
1474250
1474532
1474753
1474867
1475311
1475966
1476060
1476069
1476154
1476250
1476358
1476402
1476524
1476719
1477101
1477126
1477419
1477568
1477608
1477705
1477895
1478086
1478207
1478243
1478442
1478815
1478866
1478887
1479262
1479331
1479581
1479784
1479844
1479932
1480013
1480118
1480566
1480645
1480656
1480706
1480763
1480953
1481188
1481190
1481370
1481475
1481517
1481552
1481636
1481685
1481818
1481879
1482114
1482188
1482211
1482213
1482642
1482720
1482945
1483263
1483509
1483720
1483984
1484034
1484549
1484893
1485075
1485384
1485510
1485556
1485592
1485995
1486092
1486480
1487180
1487260
1487377
1487433
1487802
1487822
1487852
1487854
1487937
1488026
1488109
1488245
1488256
1488819
1489053
1489466
1489728
1489897
1490127
1490254
1490564
1490717
1491381
1491759
1492045
1492603
1492614
1493044
1493056
1493487
1493633
1493649
1493880
1493949
1494043
1494086
1494116
1494391
1494696
1494783
1494889
1494944
1495088
1495090
1495201
1495374
1495890
1495942
1496038
1496094
1496287
1496663
1496717
1497107
1497303
1497316
1497444
1497882
1497953
1498002
1498063
1498266
1498282
1498405
1498993
1499231
1499375
1499520
1499545
1499547
1499722
1500683
1500767
1501272
1501312
1501334
1501542
1501562
1501670
1501761
1501814
1502457
1502675
1502698
1502718
1502757
1502799
1502803
1503172
1503481
1503498
1503790
1503830
1504151
1504534
1504556
1504609
1504953
1505039
1505269
1505272
1505392
1505411
1505532
1505685
1506257
1506459
1506509
1506663
1506950
1507194
1507271
1507442
1507525
1507542
1507644
1507803
1507867
1508222
1508323
1508720
1508821
1508888
1509831
1509959
1510150
1510480
1510601
1510787
1510922
1511088
1511102
1511277
1511746
1512678
1512812
1513017
1513028
1514016
1514516
1514583
1514752
1514853
1514894
1514923
1515057
1515096
1515509
1515611
1515615
1516215
1516224
1516549
1516576
1516874
1516942
1517057
1517066
1517154
1517175
1517296
1517495
1517536
1517660
1517792
1517813
1518044
1518263
1518585
1520141
1520200
1520484
1520904
1521250
1521517
1521926
1522069
1522387
1522444
1522804
1523114
1523326
1523431
1523481
1523708
1524161
1524499
1524735
1525180
1525555
1525703
1525796
1526048
1526283
1526528
1526626
1526769
1526800
1526895
1527279
1527433
1527647
1527984
1528307
1528475
1528743
1528753
1529340
1529390
1529584
1529626
1530066
1530355
1530450
1530948
1530958
1531042
1531118
1531319
1531491
1531639
1531763
1531788
1532036
1532111
1532366
1532547
1532771
1532823
1533127
1533403
1533483
1533579
1534143
1534464
1534716
1534743
1534825
1534841
1534938
1535103
1535106
1536005
1536104
1536635
1536703
1536814
1537048
1537201
1537294
1537294
1537303
1537421
1537706
1537725
1537727
1537824
1537953
1538017
1538395
1538630
1538719
1538756
1538970
1539228
1539410
1539518
1539776
1540160
1540431
1540456
1540750
1540796
1540881
1541202
1541336
1541714
1541913
1542056
1542229
1542296
1542333
1542783
1543039
1543078
1543169
1543194
1543534
1543751
1543826
1543982
1544050
1544086
1544420
1544475
1544620
1544929
1545428
1545484
1545774
1545977
1546160
1546191
1546195
1546421
1546604
1546656
1546908
1547047
1547259
1547769
1547809
1547889
1548035
1548322
1548664
1548844
1548907
1549306
1549822
1550061
1550116
1550165
1550383
1550723
1551244
1551256
1551773
1551888
1552285
1552350
1552703
1552809
1552853
1552946
1553062
1553091
1553206
1553605
1553686
1553749
1554297
1554364
1554512
1554742
1555225
1555359
1555434
1555521
1555528
1555878
1556112
1556204
1556584
1556965
1557374
1557441
1557968
1557974
1558149
1558187
1558361
1558429
1559015
1559160
1559391
1559843
1560144
1560370
1560448
1560487
1560857
1560927
1560938
1561003
1561018
1561030
1561050
1561294
1561335
1561386
1561649
1561741
1561926
1562049
1562157
1562316
1562359
1562458
1562732
1562787
1562834
1563279
1563306
1563363
1563422
1564068
1564421
1564953
1565368
1565464
1565645
1565746
1565901
1566215
1566670
1567180
1567325
1567444
1567488
1567635
1567770
1567873
1567906
1567923
1568087
1568470
1568541
1568558
1568563
1568594
1568927
1568946
1569083
1569232
1569240
1569287
1569377
1569516
1569772
1569918
1569928
1570167
1570593
1570619
1570976
1571092
1571416
1571804
1571854
1571875
1572006
1572082
1572094
1572195
1572320
1572417
1572666
1572807
1572952
1573278
1573425
1573573
1573671
1573952
1574075
1574240
1574570
1574964
1575056
1575207
1575489
1575614
1575654
1576260
1576524
1576822
1576859
1576978
1577582
1577600
1577822
1577904
1577936
1578085
1578163
1578300
1578301
1578495
1578563
1578801
1578803
1578991
1579000
1579055
1579056
1579305
1579554
1579667
1580270
1580381
1580386
1580910
1580980
1581099
1581660
1581682
1581773
1582447
1582472
1583698
1583861
1584273
1584350
1584503
1584509
1584862
1584910
1585118
1585315
1585373
1585845
1586027
1586066
1586229
1586493
1586548
1586766
1586926
1587065
1587096
1587097
1587378
1587427
1587724
1587742
1588044
1588125
1588171
1588321
1588424
1588443
1588591
1588850
1589011
1589185
1589574
1589649
1589771
1589862
1589940
1590246
1590910
1591088
1591469
1591535
1591661
1591846
1591854
1591857
1592291
1592326
1592456
1592498
1592845
1592893
1593260
1593505
1593510
1593753
1594532
1594618
1594830
1594907
1595565
1595682
1595745
1596236
1596305
1596470
1596510
1596719
1597263
1597653
1597690
1597884
1598146
1598245
1598574
1598576
1598702
1598757
1598932
1599217
1599241
1599386
1599447
1599559
1599585
1599890
1599912
1600390
1600447
1600471
1600747
1600960
1601127
1601135
1601724
1601728
1601970
1602000
1602158
1602290
1602358
1602361
1602476
1602490
1602671
1602686
1602732
1602772
1602994
1603133
1603229
1603253
1603280
1603286
1603413
1603576
1603633
1603717
1603786
1603850
1603940
1604045
1604121
1604189
1604385
1604491
1604623
1604976
1605052
1605104
1605206
1605225
1605407
1605436
1605517
1605576
1605628
1605792
1605922
1606130
1606692
1606816
1606844
1606971
1607269
1607409
1607542
1607704
1607758
1607960
1608184
1608841
1608864
1609835
1609903
1609956
1610072
1610200
1610753
1610896
1610916
1610938
1611046
1611143
1611176
1611244
1611495
1611833
1612034
1612035
1612048
1612608
1612630
1612790
1612990
1613547
1613711
1613911
1613944
1614203
1614225
1614313
1614337
1614618
1614864
1615199
1615212
1615307
1615459
1615469
1615629
1615664
1616265
1616718
1616766
1616786
1616960
1617130
1617242
1617292
1617425
1617466
1617535
1617679
1618105
1618182
1618189
1618391
1618426
1618770
1618777
1619067
1620260
1620401
1620570
1620727
1620816
1620984
1621159
1621207
1621259
1621281
1621303
1621329
1621357
1621452
1621909
1622069
1622136
1622404
1623227
1623330
1623470
1623530
1623747
1624161
1624221
1624241
1624657
1624830
1624836
1625103
1625479
1625527
1625717
1625978
1626011
1626284
1626510
1626638
1626681
1626973
1627031
1627160
1627554
1627888
1627954
1628029
1628255
1628633
1628915
1629186
1629545
1629776
1629780
1630026
1630102
1630384
1630452
1630661
1630800
1630905
1630940
1631046
1631064
1631165
1631229
1631421
1631433
1631444
1631699
1631830
1631884
1632454
1632909
1632996
1633012
1633204
1633384
1633632
1634080
1634214
1634514
1634610
1634951
1635148
1635216
1635355
1635366
1635484
1635519
1635578
1635618
1635629
1635913
1635936
1636096
1636627
1636671
1637018
1637091
1637173
1637284
1637625
1637703
1637812
1637843
1637889
1638685
1639150
1639321
1639463
1639580
1639606
1639791
1639988
1640016
1640041
1640325
1640692
1641225
1641293
1641296
1642108
1642519
1642730
1642860
1643734
1643773
1643916
1643994
1644286
1644325
1644586
1644865
1645017
1645032
1645220
1645546
1645573
1645919
1646098
1646719
1646738
1646771
1646781
1647074
1647160
1647164
1647858
1648075
1648083
1648264
1648389
1648834
1649261
1649772
1649802
1650466
1650609
1650634
1650880
1651009
1651275
1651508
1651664
1651681
1652031
1652223
1652533
1652553
1652612
1652616
1652924
1653100
1653223
1653993
1654347
1654462
1654668
1654786
1654793
1654852
1655018
1655464
1655668
1655753
1656038
1656309
1656487
1656525
1656545
1656548
1656586
1656967
1657004
1657115
1657430
1657462
1657602
1657797
1658081
1658123
1658426
1658755
1658938
1658939
1659057
1659115
1659128
1659247
1659787
1660126
1660320
1660381
1660492
1660542
1660685
1661627
1661636
1661666
1662068
1662114
1662915
1663283
1663450
1663559
1663709
1664070
1664179
1664215
1664240
1664304
1664523
1664583
1664754
1664806
1664881
1664983
1665007
1665081
1665114
1665171
1665342
1665814
1665865
1665934
1666789
1666791
1666826
1666854
1667113
1667130
1667428
1667470
1667591
1667681
1667944
1668244
1668404
1668515
1668638
1668733
1668832
1668904
1668932
1668989
1669133
1669618
1669699
1670121
1670161
1670203
1670236
1670362
1671206
1671302
1671409
1671451
1671593
1671678
1671878
1672000
1672777
1672889
1673120
1673250
1673268
1673284
1673612
1673668
1673690
1674126
1674280
1674367
1674548
1674814
1675029
1675536
1675678
1675782
1675847
1675892
1675906
1677048
1677215
1677534
1677778
1677812
1678094
1678332
1678344
1678401
1678424
1678476
1678631
1678989
1679371
1679458
1679678
1679853
1679854
1679891
1680173
1680331
1680716
1680821
1681199
1681373
1681383
1681508
1681875
1681965
1682057
1682089
1682388
1682789
1682835
1682876
1682884
1682948
1683132
1683154
1683406
1683542
1683886
1684221
1684400
1684833
1684919
1684922
1684980
1685185
1685274
1685334
1685477
1685570
1685813
1685831
1685981
1686259
1686369
1686426
1687103
1687455
1687722
1687986
1688127
1688285
1688746
1688823
1688884
1689278
1689398
1689469
1689516
1689727
1689780
1689787
1690353
1690516
1690688
1690819
1690863
1691126
1691256
1691353
1691369
1691710
1691791
1691890
1691919
1692026
1692406
1692593
1692674
1692700
1693267
1693336
1693399
1693439
1693504
1693659
1693709
1693828
1694508
1694651
1694962
1695161
1695246
1695556
1695943
1696096
1696256
1696313
1696615
1696712
1696962
1697121
1697213
1697422
1697600
1697677
1697844
1697968
1698185
1698417
1698625
1699007
1699157
1699162
1699226
1699432
1699487
1699682
1699894
1700357
1700492
1700551
1700739
1700981
1701073
1701146
1701348
1701367
1701447
1701761
1701879
1701926
1701933
1702055
1702181
1702482
1702536
1702635
1702681
1702740
1702887
1703155
1703184
1703210
1703605
1703615
1703833
1704076
1704088
1704149
1704163
1704269
1704444
1704768
1705112
1705347
1705460
1705582
1705682
1705750
1705908
1706114
1706560
1707150
1707463
1707592
1707927
1708518
1708895
1708941
1708948
1708972
1709232
1709331
1709347
1709376
1709495
1709698
1709782
1710290
1710434
1710446
1710460
1710678
1710700
1710708
1711405
1711998
1712419
1712423
1712969
1713341
1713419
1713733
1713916
1713930
1713935
1713968
1714695
1715622
1715725
1715948
1716710
1716941
1716998
1717015
1717128
1717446
1717907
1718081
1718295
1718391
1718927
1718998
1719122
1719151
1719200
1719258
1719400
1719421
1719527
1719557
1719785
1719925
1720394
1720396
1720554
1720607
1720725
1720808
1720815
1721099
1721131
1721195
1721877
1722274
1722474
1722684
1722785
1722925
1723378
1723443
1723586
1723954
1724153
1724619
1724895
1725078
1725452
1725574
1725826
1726031
1726098
1726151
1726194
1726286
1726373
1726491
1726494
1726725
1727067
1727560
1727662
1727714
1727728
1728106
1728358
1728476
1728587
1728985
1729082
1729119
1729428
1729728
1729760
1729796
1730405
1730506
1730885
1730950
1731353
1731439
1731526
1731699
1732212
1732285
1732986
1733212
1733216
1733339
1733371
1733771
1734168
1734193
1734224
1734711
1734800
1735112
1735132
1735600
1735602
1735605
1735622
1735683
1736031
1736121
1737055
1737483
1737846
1737945
1737988
1738035
1738258
1738363
1738914
1739147
1739762
1740105
1740267
1740550
1740690
1740812
1741051
1741252
1741770
1741827
1741992
1742180
1742426
1742467
1742736
1743124
1743621
1743718
1743825
1743951
1744264
1744273
1744690
1744809
1745137
1745351
1745552
1745940
1746253
1746992
1747165
1747227
1747239
1747888
1747967
1748188
1748270
1748517
1748610
1748653
1749010
1749120
1749575
1749997
1750145
1750498
1750900
1751046
1752057
1752433
1752538
1752722
1752802
1752932
1752969
1753162
1753236
1753606
1753804
1753946
1753992
1754260
1754316
1754561
1754607
1755024
1755538
1755957
1755985
1756879
1757112
1757212
1757377
1757666
1758056
1758124
1758785
1758807
1758847
1759071
1759219
1759234
1759371
1759536
1759640
1759677
1759682
1759760
1759925
1759987
1760210
1760342
1760681
1760964
1761033
1761125
1761170
1761303
1761547
1761768
1761785
1762129
1762290
1762433
1763052
1763062
1763315
1763374
1763527
1763646
1763911
1763990
1764017
1764309
1764478
1764901
1764942
1765041
1765099
1765338
1765523
1765854
1766087
1766134
1766207
1766210
1766304
1766381
1766553
1766647
1766683
1766847
1766879
1767068
1767747
1767849
1768654
1768668
1768748
1768932
1769022
1769681
1769891
1770035
1770097
1770184
1770211
1770260
1770720
1770796
1771002
1771068
1771259
1771292
1771449
1771652
1771801
1772464
1772625
1772732
1772939
1773287
1773312
1773349
1773788
1773788
1773833
1774473
1774476
1774561
1774570
1774748
1775319
1775989
1776093
1776293
1776542
1776572
1776602
1776866
1776873
1776923
1777290
1777843
1778235
1778245
1778252
1778356
1778707
1779186
1779235
1779306
1779403
1779499
1779849
1780417
1780818
1781150
1782213
1782424
1782618
1782883
1783388
1783476
1783820
1783846
1784069
1784238
1784369
1784509
1784647
1785235
1785502
1785662
1785903
1785948
1786293
1786817
1787374
1787429
1787581
1787674
1787871
1787925
1788056
1788184
1788314
1788758
1788775
1788812
1789409
1789474
1789947
1790067
1790272
1790346
1790406
1790775
1791627
1791663
1791677
1791689
1791799
1791988
1792061
1792332
1792436
1792672
1793265
1793528
1793710
1793853
1793883
1793892
1794212
1794282
1794499
1794518
1794574
1794791
1794935
1794999
1795021
1795100
1795205
1795322
1795551
1795857
1796009
1796365
1796482
1796508
1796574
1797306
1797353
1797632
1797632
1797784
1797869
1798229
1798382
1798436
1798569
1798585
1798610
1800055
1800236
1801083
1802551
1802555
1802804
1802968
1803609
1803727
1803899
1804068
1804235
1804527
1804862
1805320
1805455
1805543
1805808
1806056
1806246
1806283
1806412
1806478
1806837
1806867
1807113
1807265
1807332
1807427
1808001
1808065
1808211
1808354
1808639
1808804
1808823
1809767
1809859
1809881
1809886
1809952
1810200
1810728
1810737
1811006
1811055
1811175
1811850
1811903
1811904
1812034
1812104
1812152
1812212
1812249
1812256
1812348
1812466
1812744
1812776
1812878
1812947
1813439
1813538
1813643
1813670
1813855
1813868
1814365
1814746
1814846
1814875
1814928
1815154
1815261
1815525
1815674
1815873
1816179
1816369
1816386
1816774
1816834
1817204
1817386
1817406
1818368
1818426
1818468
1818778
1818881
1819163
1819216
1819292
1819328
1819365
1819498
1819826
1819937
1819989
1820031
1820100
1820196
1820205
1820284
1820371
1820700
1821101
1821422
1821590
1821723
1821749
1821849
1821941
1822403
1822521
1822631
1822659
1823071
1823217
1823641
1823700
1823880
1823977
1824255
1824329
1824370
1824956
1824998
1825409
1825561
1825621
1825843
1825976
1826123
1826175
1826213
1826269
1826640
1826700
1826714
1826784
1827082
1827148
1827275
1827340
1827396
1827514
1827566
1827700
1827892
1827914
1827929
1828216
1828235
1828237
1828272
1828394
1828443
1828454
1828479
1828683
1829025
1829052
1829597
1829783
1829842
1830340
1830557
1830670
1831638
1831758
1831800
1831828
1832043
1832226
1832382
1832681
1833231
1833459
1833623
1833817
1833926
1833934
1834020
1834389
1834427
1834466
1834602
1834984
1834984
1835061
1835163
1835693
1835704
1835994
1836163
1836209
1836571
1836707
1837171
1837406
1837517
1837595
1837597
1837742
1837822
1837943
1838043
1838780
1838847
1838854
1838898
1838912
1838942
1839141
1839436
1839562
1839694
1839752
1840037
1840159
1840305
1840825
1840903
1841033
1841259
1841342
1841412
1841778
1841907
1842012
1842198
1842615
1842762
1842805
1843112
1843378
1843563
1843906
1844272
1844811
1845146
1845656
1846083
1846182
1846338
1846578
1847085
1847111
1847359
1847554
1847925
1847955
1848004
1848049
1848261
1848483
1848556
1848587
1848655
1849050
1849456
1849503
1850081
1850081
1850088
1850800
1850889
1850937
1850983
1851065
1851143
1851789
1852585
1852646
1852872
1852989
1853020
1853039
1853051
1853124
1853212
1853261
1853887
1853998
1854096
1854330
1854344
1854608
1854676
1854912
1855816
1856264
1856312
1856730
1856735
1857244
1857289
1857708
1857965
1858353
1858391
1858542
1858621
1858643
1858756
1858981
1859166
1859857
1859965
1860141
1860821
1861134
1861147
1861207
1861282
1861544
1861947
1862045
1862292
1862319
1862322
1862616
1863162
1863442
1863600
1863722
1864002
1864012
1864245
1864398
1864448
1864603
1864632
1864870
1865204
1865280
1865541
1865592
1865688
1865832
1865977
1865987
1866248
1866334
1866401
1866623
1867253
1867380
1868121
1868139
1868387
1868447
1868547
1868733
1868900
1868975
1869069
1869109
1869635
1869679
1869730
1870271
1870492
1870587
1870997
1871024
1871469
1871523
1871809
1871985
1872089
1872093
1872323
1872789
1873065
1873185
1873332
1873345
1873617
1873695
1873715
1873988
1874285
1874405
1874513
1874564
1874614
1874913
1875492
1875563
1875585
1875599
1875636
1875845
1875921
1876241
1876321
1876394
1876614
1876877
1876988
1877146
1877245
1877247
1877666
1877793
1877920
1878017
1878056
1878150
1878252
1878447
1878525
1878529
1878551
1878795
1878857
1878928
1879288
1879342
1879861
1879863
1879929
1880045
1880185
1880584
1880640
1880802
1880988
1881065
1881103
1881243
1881373
1881492
1881600
1881728
1881807
1882413
1882563
1882965
1883120
1883141
1883224
1883254
1883928
1883994
1884702
1884750
1885134
1885725
1885849
1885919
1886007
1886137
1886494
1886681
1886747
1887497
1887609
1888158
1888216
1888323
1888348
1888593
1888628
1889074
1889744
1889804
1889860
1890118
1890121
1890337
1890371
1890674
1890899
1890972
1891313
1891533
1891612
1891766
1891994
1892012
1892032
1892057
1892066
1892196
1892695
1892790
1892896
1893322
1893666
1893857
1894524
1894579
1894801
1894858
1894871
1894880
1894881
1895036
1895036
1895239
1895358
1895412
1895626
1895737
1896204
1896784
1896812
1896895
1897376
1897914
1898361
1898543
1898935
1899073
1899176
1899216
1899477
1899489
1899824
1900227
1900286
1900491
1900577
1900587
1900863
1901214
1901383
1901498
1901557
1901568
1901783
1901933
1902079
1902294
1902457
1902476
1902616
1902823
1902976
1903036
1903052
1903170
1903566
1903823
1903859
1903886
1903963
1904206
1904267
1904289
1904367
1904533
1904828
1904950
1905050
1905115
1905140
1905676
1905825
1905926
1906398
1906461
1906757
1907240
1907385
1907508
1907648
1908472
1908656
1909006
1910105
1910112
1910123
1910422
1910816
1911003
1911186
1911219
1911234
1911656
1911815
1911904
1911915
1911925
1912025
1912074
1912323
1912406
1912461
1912790
1912805
1912970
1913048
1913186
1913236
1913355
1913601
1913658
1913692
1913890
1914241
1914628
1915055
1915918
1916054
1916340
1916790
1916958
1917039
1917258
1917567
1917598
1917764
1917873
1917978
1918062
1918064
1918075
1918135
1918494
1918665
1919089
1919166
1919647
1919723
1919938
1920051
1920055
1920147
1920172
1920655
1921211
1921414
1921470
1921696
1922494
1923052
1923192
1923289
1923361
1923557
1924000
1924026
1924152
1924257
1925034
1925698
1925771
1925998
1926131
1926146
1926167
1926659
1926732
1927029
1927038
1927951
1927995
1928196
1928265
1928281
1928510
1929526
1929828
1929853
1929928
1930123
1930140
1930495
1930528
1930629
1931566
1931599
1932807
1933150
1933241
1933264
1933318
1933362
1933394
1933706
1934389
1934692
1934716
1934786
1934942
1935640
1935644
1935895
1936106
1936336
1936548
1936634
1937105
1937145
1937265
1937439
1937608
1938117
1938261
1938451
1938525
1938613
1938632
1939034
1939397
1939420
1939827
1939892
1940224
1940281
1940348
1940443
1940977
1941826
1941887
1942045
1942150
1942436
1942645
1943151
1943320
1943392
1943834
1944489
1944828
1944831
1944979
1945003
1945006
1945277
1945298
1945305
1945407
1945549
1945836
1945915
1945980
1946071
1946119
1946204
1946278
1946330
1946431
1946960
1947336
1947609
1947692
1947824
1947981
1947982
1948362
1948906
1949193
1949221
1949590
1949775
1949864
1949957
1950141
1950264
1950395
1950503
1950759
1951412
1951416
1951468
1951997
1952004
1952294
1952337
1952373
1952555
1952670
1952679
1952835
1953361
1953410
1953893
1953919
1953963
1954157
1954222
1954283
1954519
1954585
1954604
1954737
1954791
1954928
1955099
1955208
1956133
1956147
1956603
1956787
1957295
1957351
1957734
1957756
1958165
1958166
1958622
1958693
1959036
1959083
1959271
1959279
1959626
1959668
1959730
1959987
1960151
1960199
1960542
1960637
1960696
1960911
1961138
1961231
1961372
1961416
1961558
1961675
1961710
1961946
1962364
1962387
1962478
1962498
1962690
1962715
1962768
1962775
1962790
1963314
1963383
1963664
1963808
1964007
1964734
1964772
1965342
1965384
1965415
1965750
1965920
1966018
1966224
1966255
1966734
1966796
1967250
1967519
1967664
1967719
1967737
1968287
1968517
1968985
1969074
1969279
1969314
1969563
1969681
1969848
1970130
1970212
1970441
1970466
1970927
1971037
1971250
1971467
1971505
1971783
1971824
1971936
1971937
1972078
1972161
1972607
1972787
1972933
1973018
1973286
1973346
1973471
1973747
1973806
1974041
1974259
1974506
1974577
1974702
1974738
1974988
1975205
1975834
1975924
1975961
1976487
1977288
1977338
1977388
1977575
1977884
1977907
1978088
1978123
1978281
1978286
1978758
1978907
1979224
1979509
1979526
1979537
1979836
1980072
1980152
1980198
1980219
1980455
1980519
1980910
1980968
1980990
1981057
1981092
1981835
1982428
1982477
1982546
1982553
1982857
1983871
1984384
1984555
1984620
1984707
1984789
1985096
1985116
1985402
1985533
1985638
1985639
1985671
1985960
1985974
1986250
1986275
1987232
1987280
1987592
1989112
1989929
1989933
1990396
1990432
1990595
1991066
1991788
1992362
1992397
1992466
1992476
1992661
1992787
1992931
1992947
1992972
1993142
1993255
1993388
1993545
1993585
1994392
1994414
1994560
1994726
1994757
1994809
1994882
1995449
1995661
1995816
1996678
1996738
1996837
1997304
1997701
1997999
1998299
1998385
1998506
1998515
1998668
1998949
1998989
1999330
1999331
1999337
1999900
