1129643
1489648
764768
301150
1981814
999
1103967
885612
147729
43985
543796
1238492
683264
741439
127823
1899792
994578
1843159
242593
756370
1316667
1572976
305707
56651
1155864
641964
1703186
436117
1552303
1227028
132573
269886
836589
1047749
1675583
1275071
1758826
1499924
431246
1673644
856496
1569191
1639316
1832874
611095
1187624
499733
796379
1014778
858902
886220
1153701
901722
568186
1143767
1031486
123788
1742673
376206
1540426
785986
776579
591639
1404206
713981
1052557
1607901
1196197
1863063
1812539
1063815
427767
347664
202298
1431758
924675
225529
650164
943639
34300
340530
1979675
957334
893716
1458858
1569561
731942
463697
1529091
374815
1652394
1408456
383938
679502
221290
1064983
378076
387407
1012552
1713644
1491181
1860687
906620
753526
526007
346439
73400
1865986
1861428
327328
533018
273166
1627716
43784
1120529
1238806
1614229
105968
1428733
1642305
394898
15456
1816903
932473
888699
307706
983489
1125463
252065
627871
1247071
480777
586761
1432818
1374181
1350592
1945504
1032184
1811761
1062776
1715770
876085
830378
41024
1914459
1477026
951220
1608820
1211381
1292167
171497
1479430
1128448
249929
1569828
174990
1147104
1443860
1788912
1325915
778180
1633312
1196890
279374
174928
1030699
1549287
1535948
1816981
1346247
1417409
1583353
457534
956093
177725
1630218
1926058
1792745
817294
1732270
719253
1681280
670203
843129
1386802
1743448
1995579
1359874
456276
1105500
1787433
648523
1927789
543602
685086
841682
457128
446606
1372783
66986
1970467
440954
1679438
1467318
1245579
722692
1690014
1807022
297152
980763
1306175
184354
1409393
904827
1201373
868415
1729194
1657866
1683341
862553
955808
216324
742688
701080
963447
1286726
1681108
1391300
1081906
828596
1035596
116917
1183042
459834
41847
913849
711181
1051764
1076371
1196516
1452122
450473
1277996
1693613
651702
777988
186234
357114
1948384
1757629
66631
478214
350956
1453281
42379
560054
1955908
1589185
295448
928709
730709
1560025
671806
1267123
445371
1535362
757992
766965
913047
1269707
1641600
1655169
172144
1868079
435172
566531
1733118
1114079
1177723
1395945
1334989
1715730
691002
44450
1687623
60856
1954858
1452201
903751
584726
1396648
563502
267756
1012856
523646
846059
1128711
226905
1577243
1085035
1269183
1058411
1480758
1194481
965834
395848
348839
1112470
1855819
673385
1070973
966476
1623151
740155
1882416
1863294
212203
1875561
1525777
631281
709824
1360669
543179
1310929
271956
464779
568152
178062
377025
1204163
1583864
1282516
67142
1784155
834486
180457
947573
1448282
835195
493139
254000
1829353
1291342
1772499
191516
838680
1794209
658960
534390
845564
1659844
1220503
540497
77999
386916
869298
526406
531438
728118
1439822
4289
1215766
871771
830510
404092
786610
1729223
845181
658230
817443
445420
1743007
1748517
1630033
1405624
391128
257093
573734
91880
1665558
1277265
71399
1660791
1899681
1707360
1158035
1614962
894308
318621
1383961
162215
180385
644961
1194013
615689
1381989
1380782
451818
1438610
553931
1462777
690521
1633523
1181477
84382
914051
1084376
1357475
622109
1661652
1184721
369915
279405
1727758
1297573
338801
1000560
1396721
956710
1972996
313274
1423881
1890938
748537
1616454
1594171
305156
784808
1224138
1350001
1923179
1232054
1887674
1535174
1375530
1231918
1593862
407766
1962500
361471
1970268
1977516
1171814
714240
185323
1327019
1066983
721229
1384843
105322
1609208
1294005
1210481
500528
778508
91849
1488983
533859
1454704
1459317
1221502
864417
780746
1723354
157230
1632588
94439
383782
91810
40459
1522976
1733850
93348
915005
696352
1752875
508633
1489248
358795
1216476
198536
689230
387642
205897
173588
819655
780142
1307363
805677
162977
1676228
699586
589139
1899522
1901792
21350
1171611
380644
1362232
1564954
413051
1207830
1650187
243164
1104747
923556
973011
899765
628959
1910936
1203721
1196615
1750867
1036832
1050780
1250434
153436
687437
1899213
1072821
938325
1273228
176855
458193
1009019
1912779
1650692
649062
1471491
1000795
1577304
493355
425949
1685816
731832
1048463
1933601
302450
1664583
324979
1419121
1659817
1221380
1940155
1955036
1292201
829964
1310382
1400321
381551
428713
1134372
1740345
861229
1952643
704521
140294
1998146
859343
1701611
167163
1940744
811180
97375
617511
258244
1873939
1235563
1557892
629433
419910
980943
372865
750714
448148
1815286
1008312
1053920
1242766
737824
1125686
1856701
1491271
1379788
334920
990358
1886103
312382
1956670
1370600
1556800
295906
1546272
1023950
1630030
1047743
180732
286886
390705
1507407
1840472
117581
1104194
341622
250319
1974811
473183
461312
1568046
1208753
573055
614764
1418945
569087
1574010
1246786
1301554
1336553
1638555
1018771
702290
1903263
1249725
1394254
1354881
476021
1949681
1530680
489543
1907301
1513310
1050802
734355
1634431
1308075
1397010
413226
366842
1655526
49208
518580
1359367
1372387
1392465
339064
462264
1687095
1600261
1352443
1070672
1034882
1035676
132320
788529
746595
693699
1343964
232118
1228236
1844258
459259
402977
26190
325284
1996067
929119
537465
575234
913871
1307894
1344236
1889885
72274
1521594
1181483
552901
1183063
673746
929716
460192
564855
487723
927842
1060797
1358822
1578438
1163301
753945
1102965
1756594
745884
1409224
1598952
1482694
861497
236764
1750023
1708425
958626
1431530
3160
460411
1788637
886350
1364711
183746
1739962
506024
649522
1213727
919570
1174128
773720
1380140
1395227
517964
1183223
204912
1728628
548311
474427
783456
668064
1233891
546197
214739
270219
1583744
1960188
32842
1485369
1022607
1866979
636980
558118
1696174
801286
1441323
746121
1021810
614481
202243
993268
1334689
922166
1937020
788685
778195
687220
552039
860115
750584
203130
1002330
1608394
579090
118792
973038
299577
410874
1102312
1742319
929976
1874624
283897
1672946
1671766
271263
1954589
457932
9998
1069157
770223
1382283
1038998
1283037
308272
1822842
655131
773412
364849
1584798
1301494
1781329
260133
884418
1570649
1018241
1633008
1825067
1757269
693679
1406214
920776
1300756
517252
350674
784402
1552302
1997101
339850
1389866
265066
875264
784863
1263516
465512
512535
1594042
449865
515874
1721301
1625946
328630
1149385
1144591
570357
1017719
398055
537856
137538
1576265
705095
1935517
1180283
1837703
1243078
748756
997512
1024666
716206
378075
1340866
1917907
1495802
749040
903298
1311462
867025
1948471
657947
1939453
1248363
421626
143168
684073
444561
609471
201296
1673377
95649
999305
829064
60626
1226770
268415
1896063
157500
422330
104245
739369
1615175
1238188
199531
1881259
207394
1116985
1374763
1527785
358309
926662
678331
71558
980997
1698034
1286529
63862
1684801
306769
1225701
1302823
954909
1504228
264641
894132
355197
742331
1456479
1602599
1110222
1011118
1612806
357043
224522
174340
995958
1935372
243389
570813
1181592
1244905
396710
1008362
1827120
200736
1268870
1744160
849636
685189
1487236
1340757
1800285
312172
219636
1323239
1777711
1838648
1397377
1185211
1109037
863705
210098
1790736
1054567
1360579
1817787
246147
1652242
1929729
1922573
461871
168260
1843993
1857015
748826
1327499
649280
180876
1892496
700241
1427913
823126
1946466
332371
1255323
1514568
189805
545387
1761595
610024
464936
1131889
915530
428475
648196
458582
597869
1107903
1676085
52280
414752
1468088
1237562
856907
1583699
110848
834846
943815
1101805
919198
1898713
941256
421172
1657954
1378729
996024
1799974
1956523
1697366
546958
1507571
764114
970899
862038
889511
1911116
366015
1403365
1087912
1390251
162154
89872
1514549
1486510
604289
1705150
1736880
194687
1726976
1776128
1257084
150999
36350
1815048
1144896
839189
1378675
1317988
1113450
949662
1027787
222073
1042726
450820
376142
1707314
65352
585289
962453
1062046
663042
928581
1385066
1693677
396654
370826
807547
1093629
900055
1488500
1244081
1172684
1566477
449324
579342
1467063
78829
593368
1216151
239389
1998328
1838274
1177973
1395788
1382764
1357715
297703
1422901
1634954
1116743
1700630
735698
1376234
1192335
1340142
358703
1722798
1899238
788701
1325068
954737
571100
784811
188857
338530
1232804
1864521
455726
159643
266040
746816
1147312
1059077
1723039
1466771
1756867
1212048
1483209
801818
779542
102472
1080284
1612420
376937
1655541
877720
1279351
1395654
1020394
668213
1193612
674511
1577206
1921638
1338343
1475167
460194
1015030
386978
60200
466208
1397189
1519749
902764
1530885
1032154
1029503
68254
582233
1836774
1634920
954115
946683
1544898
1836604
1074397
740538
52857
1023216
982945
1499842
424527
911389
894317
1338968
1340662
977579
1898671
788515
1879832
1943772
1120978
196369
147976
1560249
670317
90004
1291685
390819
1897393
1103454
377761
1559929
1514287
455992
1641982
1877252
770842
85896
1655944
1413436
1016092
386980
204134
1331533
1039583
1420616
578595
865531
886674
1551477
1661710
777680
402336
525248
307636
859559
1120736
395976
202887
414486
966203
1245416
563284
527500
1533992
292014
591304
648201
533216
298674
1051568
1272675
281206
1234574
379588
1678739
237548
223008
1134963
1462996
1818833
1479962
460579
694166
1293202
951726
826381
685146
255083
1182446
1332999
840501
1707216
638551
1185936
1505693
1173313
775806
657563
673035
1147726
1538990
607356
1355337
1309198
1962451
485703
425941
691520
1113171
1325279
977412
1084633
116480
188577
1828923
1896679
181697
1929593
453630
384425
401877
888104
991404
1186546
1238048
560346
1057075
276970
462836
565569
375258
170640
1214279
437261
1008244
200224
266503
378006
404589
1512954
884656
143801
930972
1885229
787115
1909085
200714
1158136
444423
1128445
931678
1363300
1392013
37899
471677
1025999
40497
1468494
1863008
1679079
869030
1469945
453562
1482657
626092
127247
255552
1752171
1391050
1780109
117778
1499020
1235614
746260
684642
1092882
29385
1225818
310965
168415
1130548
1630646
1231001
1445194
1893686
860314
342293
78098
1183630
1068859
496580
1748911
514781
1304609
418209
1123158
1324952
953489
183343
1968469
138948
1718564
1293119
613133
847880
940962
1850178
1141548
1228531
1588379
1167756
175078
376386
866504
121298
1521970
1690583
1614665
447934
340037
138310
854153
699003
420833
653633
267934
489991
150442
665020
1809086
1646869
117701
1831814
753181
151401
914726
1429694
1055371
1298437
860389
1453251
790851
54525
50707
1347976
1642071
1378673
1937127
1906008
981929
156940
1927692
790699
1875905
1081317
139996
477360
890258
1755517
1333737
1317951
752235
1631766
447540
395137
247032
691207
952087
1206187
1814368
87583
463307
351878
262868
1641971
1821889
777747
1273925
1670121
271400
1062349
604811
1327527
1796791
1030990
3391
1178502
615246
1831533
588491
1932838
846373
555858
1002975
113002
32244
97414
1398773
1661692
1763377
855571
640397
679171
239579
902101
359405
538995
1473098
1559186
523266
14530
1546107
1162526
1755770
1639878
1970912
1029793
1382149
682328
707425
1067200
1677222
1971313
678994
1371998
374533
457844
650445
1685117
1419313
1174114
1802950
1821944
478429
1296530
1045880
1664716
1854853
1088060
599805
451705
356563
459724
1807063
596202
368676
490897
106148
822040
424817
1479468
1704063
1985410
399457
1986220
1269659
1073914
136177
33756
1787353
319917
1930673
1836016
1247057
1670275
559447
979308
1118080
490279
165431
1425146
379820
1002466
1288040
1875988
1367292
569337
1502398
1244667
844328
646565
925971
1409355
388888
1675859
1603389
328980
383809
1958682
978105
1781859
370862
1114855
376795
1588705
1340101
1705692
378654
888691
1647574
1682771
1381736
1057022
1397836
414466
1399889
734076
56879
1717645
833182
797661
1623166
1681214
463774
1094585
1517421
72336
1553680
1665673
71166
1919603
273056
1369632
1203986
1532878
1136267
1012326
946230
1295151
1658688
369959
444481
1420358
1219377
498590
1109452
1605741
100669
1388541
317973
462487
209313
1333899
1382936
503110
931036
102409
1201969
1394473
1080965
317978
1099045
58528
691302
999228
1982955
1047327
34659
1511085
990623
1924660
623099
1998680
906070
673447
1004101
458256
1753210
866517
348932
1184455
246465
1996924
319204
174618
511258
1951095
234096
1444937
1621440
620126
76886
1715753
1480847
1321622
1278668
1494947
65981
1634378
157847
1816890
1256277
1813643
477459
1404342
1533835
1846692
200715
254749
1187934
1219028
537294
1634925
304599
1956350
27455
108067
353559
1395222
194890
708761
387127
1169525
51281
914264
415401
299186
506425
817017
938260
165252
388630
1412828
198872
158820
909824
1043483
1078883
1354671
1510777
1020521
175713
1125843
1766392
274667
1378544
745612
564295
854931
813558
1140603
1644712
1826918
723705
1804903
353848
590042
790325
1894676
945930
679285
1674033
1074831
423614
749441
354646
620699
760046
526798
415875
311240
515046
172185
6091
1313691
309403
389738
1535759
618896
1697152
1562870
547044
1468874
225923
818176
1011319
1482290
128669
1499624
1606584
882426
300312
440841
246424
1021718
620381
1193218
1347010
191302
1704465
106406
1912913
1970381
542449
1092206
441475
1288027
1779003
345068
31174
869752
237607
967937
420386
577188
1290381
901389
1474323
820709
1451111
535667
812402
1391927
68941
1000320
1983624
1009206
423849
1901709
62927
543400
61167
1628118
1998304
1100162
1584720
627894
209351
1101281
323935
310585
1860303
137411
1041674
738441
9466
1978110
1331302
1531740
656763
1879801
1389686
513505
424792
1336342
597039
165855
670717
1267917
1329580
379085
1726990
460866
1500570
421749
1432090
76982
1001558
165027
1323756
564015
507386
746823
1188520
225458
212717
1273463
716894
1339770
658221
735565
1552457
293817
1742826
1287722
903926
1943973
1614122
1262245
1054650
21083
1502927
1254160
822770
1382830
1173289
1513133
705821
1794092
1158923
1993986
1190742
165851
49048
789010
957767
135787
1236003
1823244
1269126
624077
313276
340019
834519
236471
216021
1334169
318864
373762
355567
989692
1290587
311720
551261
1789712
1007092
794923
863418
67953
873133
1711519
623851
1605076
1703634
332675
1155492
576612
1153284
1768621
802287
1736612
674996
596681
1823078
1790254
1683030
475317
251135
1748324
708047
1977756
1754341
1513032
1224966
1230693
1921088
745836
912874
410424
1457502
1520781
673002
294441
1776433
675412
268231
1186644
811920
723532
716578
1435527
1728322
1348065
1296582
1662844
810429
1066023
629979
1451714
1913833
223015
671357
1401788
52695
950315
686899
692265
173821
1232662
1027420
865358
465338
1515066
63582
1659517
1363455
23567
166395
1699917
912643
1261826
244788
1350161
726259
1271986
842148
331017
940870
1230371
1074693
968872
299221
512671
347344
61619
632873
1398144
1265650
1473789
1587409
1669448
691726
991462
725148
1097292
1044156
1368748
14959
242246
755412
455733
1904625
609017
1633964
1277846
110809
1956357
1084081
1400027
714701
186662
611454
970912
1806569
1972683
1653112
1659303
931537
262790
369903
1877527
1717408
1842696
429850
976073
612962
39278
1737170
122074
376707
1056142
745971
1514236
474628
284604
95088
1531412
247376
1274062
36774
171642
368106
863391
934441
1456513
1311286
92709
451356
1758345
1283132
1266794
1453131
1524332
509288
1883373
1577815
771283
153316
480463
1261185
1320499
988585
469382
1011937
877992
944986
979715
1587400
1957153
62978
697450
1313271
1966335
1148758
1487968
483697
1631941
1194531
802894
364277
393375
583008
1593983
1200381
59387
1164637
418802
1568313
454698
215238
607996
947643
87584
1888695
1360024
1868010
137996
1556163
1694335
1301958
561173
637613
1164400
1037306
867358
1731296
650524
117811
293736
455813
190317
734105
1895938
638625
962949
1315837
280879
973540
258497
340743
1019296
1265066
1482373
1928771
407591
740664
1957191
1920839
1898525
552457
1612744
1191213
1438502
1245644
1698732
1418335
1313937
217264
1769267
1050806
1479405
1674231
4742
654439
337779
1424544
1389696
1348915
177253
1470824
812775
1034599
575345
628422
1509304
1225709
904299
103417
1083104
1903582
1207855
1728463
348349
618640
535803
210905
996667
819621
1305941
234943
1508426
1579740
46299
83123
404462
929496
1515905
781056
1738892
1305608
1821318
1578000
608083
667568
943524
1735462
337600
1103779
248685
1172266
1596840
1788414
1975563
262155
999684
1426732
1560392
1091706
148291
134940
557417
1710670
1844156
1529023
1149785
1743249
91957
1474660
1254358
1278827
723132
376994
1981117
815769
1061177
1909011
1381816
1238447
1177296
1188817
531643
242492
1535368
219979
1527649
207421
497920
447628
448468
64638
877720
1201003
1574404
1298910
1084435
226502
1398574
70271
682620
814774
1758418
24431
127886
1844000
292928
849533
1238284
1308823
1526946
109638
1788916
341134
1949280
1367992
539506
620814
1859035
1129809
1903253
103787
301959
801499
1861189
234014
1072660
1658272
71808
1598476
908574
1676990
998714
1704812
1713006
1785533
356881
737626
1230944
861014
1148606
138722
1387025
217229
1251776
1391449
91897
1069849
1909588
1070310
283537
1756672
672997
1645764
1801090
56918
1964681
436394
16387
1997989
1733343
1927994
794913
1315070
1429444
981299
103537
976768
154809
1327897
1563312
1834931
226466
1336806
1910990
265151
1264916
710766
1828375
1304518
1050149
1778353
169918
432569
357582
1979391
985860
1271798
1657622
1990314
938550
1192895
358920
1995575
1336049
557848
143374
839110
648271
455556
1615385
643079
364806
537179
1223835
1856523
839069
117358
1433965
263604
74352
584261
1165041
541726
495238
467766
178886
465079
1995237
239657
112004
66631
1748155
655812
973520
11997
466346
1058467
1622142
1426782
1720635
1744304
1962708
1373814
193930
650565
804965
1434270
137301
1790464
1818284
196888
180422
1382662
1286781
1394376
1791169
1065398
388133
1515608
1758229
856998
434756
747614
620313
421620
1239986
462218
586755
278698
1760487
373648
1706871
934837
1383210
436810
1506406
1934106
68119
746690
485133
681477
402678
1551973
1077391
808980
1421085
1901403
335731
159396
1367674
243868
375170
774483
1862265
1980177
741481
656061
1862775
1105799
1884903
1461172
1989159
70731
234631
627427
1867715
1295191
1749709
1566016
1089763
231263
1842779
1268942
650166
608989
656296
891370
351820
1281582
1860123
864665
911348
1726836
631038
155444
1988553
622717
359895
310178
1974033
1264055
1483262
52869
1120714
466538
1319570
431598
1130941
707190
1614277
740505
316572
1102679
1419419
1781358
279494
290016
431017
921608
1078147
777716
342490
648226
453085
1251803
1076178
1828214
1704845
1104102
1282368
1861607
1489429
157596
201137
1092649
1026484
436709
1242253
1335775
1258425
193602
931504
1452277
1346894
1444139
96741
1491709
1122587
503096
258107
1904502
1745894
14474
1789541
1380741
1101770
909201
592657
592959
1787989
1504029
1293345
1387754
1495025
1075568
981177
694389
973862
1196433
493136
1149706
798303
158286
1495989
1548440
555460
433172
668611
1843282
1908395
1938748
636656
621672
1009976
298668
1950810
1513814
1044136
1018821
1198830
725379
231844
373605
441046
1240553
1666227
154912
1049989
897332
1584647
909608
43869
1653022
442625
1768812
620246
1451437
1922919
299741
1290689
1994402
968251
3523
101074
157708
499488
1498590
1051265
1943696
935299
1158032
659626
1260580
1028048
572742
77140
1196740
1241750
1877950
1824380
1769707
400425
1005478
592241
1690703
676755
1941987
836920
48111
1011816
1348109
1246638
314426
1372897
1529072
827134
1506170
1734632
230213
770003
1325644
286237
1325699
336079
610218
110550
992984
1690727
192113
662205
864018
391361
1282585
1801820
649224
1059627
1166902
136959
26953
1759795
234383
395256
1643183
238196
1055763
1270479
1804705
267579
1387215
1377975
85742
993419
775125
463631
1324072
294363
558450
1435270
447725
1782415
776551
1948674
668156
443835
275944
1866192
1277050
670402
448705
1205515
774382
1338375
1239662
1072650
496229
382251
1064016
1443471
111442
592966
1579977
1540861
1943571
1302270
186894
184636
20869
351685
533209
335934
1250971
837839
1117466
301730
1027345
1404794
318435
1479762
357199
616605
686619
1142589
1605268
1646579
735589
291363
199640
57598
23003
853663
1556750
14825
945601
664073
591947
1383209
314871
860549
676618
1222912
529896
604498
389805
775384
100150
1238774
736179
853656
1617491
21920
1287598
1209744
1050091
534352
167230
165027
86573
513879
358246
1678346
1846105
537263
1596037
1968159
1503272
718446
766911
1146770
1705113
166152
42538
618074
1573749
94609
1175256
708826
1974900
1098516
1770931
895303
291446
1588105
1129401
1755489
1878282
361350
1420763
35997
1978520
5512
437751
1419181
329158
1394533
249006
1712963
1716728
281970
416253
270132
1366814
545158
1397075
250886
701168
336849
1228116
190417
631126
206058
290306
1436448
1072712
1049974
1524827
1290587
1191316
265564
560000
515022
270378
702115
1090771
168110
1950969
581862
1897756
657223
1440524
1347845
329189
311275
155820
258773
800228
939075
1880689
824276
1317241
277838
1659410
1534782
1217336
621212
1378649
634059
1172659
1086793
1283509
609440
1342723
549551
104338
1082383
1948178
587173
263630
1250829
866883
1754993
782360
1300464
429336
191882
137528
1281670
1030612
1513144
807857
490202
537741
303086
414233
687293
360709
1078178
1055114
1484719
706093
1428679
1979039
815579
168436
1899419
1334341
132612
1493221
1159195
795487
45700
1598142
1403764
1189168
133665
1575200
1948870
1302949
64511
634763
1203710
9901
1388783
880659
1200958
1460872
1477336
439246
1371994
1534426
863342
1727115
83577
132953
680064
1371522
313811
559130
1452171
837634
1024433
296840
504257
837762
1559127
549393
1732174
1331274
353712
1068408
1659542
1852315
763243
823947
1900040
206844
1585675
1221542
544166
1993023
1992394
986556
485488
67771
846135
738745
876566
1884627
1952318
1832905
753430
261205
874369
479083
204911
1616271
1080325
1669220
1868302
778540
838461
619521
355796
45092
369531
1282030
1231862
1691903
1990510
706240
1149592
1290974
1799275
1546805
1223665
225453
187034
33255
1134391
1017162
510754
1875015
1117335
286173
1647750
1137566
1733641
605225
282496
895425
579386
486630
1750455
1324057
1097760
142692
1074325
403594
91024
147758
207596
162525
377390
1811998
971277
946874
12821
114025
510946
878282
426534
794563
1939968
977589
1912286
638533
936578
583348
997553
1746412
749965
762220
342944
784819
1599940
918851
818753
455882
552218
1455111
746084
1793671
239568
1714055
1422744
826730
1635564
1855056
133083
204617
1201897
1501874
48806
1235684
1232161
1800352
1358557
556312
1120905
1498015
43861
1798551
741523
1176490
187579
898162
547791
970787
1781545
1284046
1167488
1787999
1744149
757932
1841528
1303167
18611
348882
1447812
1332908
1498248
723258
1732872
69112
1089989
1846681
268088
922948
135037
1490447
1317446
1725110
496290
641164
1049432
91943
768852
63427
33246
1718645
962778
1909247
1979970
291805
1210285
1860533
495532
1334618
268820
1778710
882462
374391
1912250
912389
219425
414142
105045
846131
1381158
1189540
623799
1241711
904784
1553446
797012
464177
328099
1819708
1355284
1230138
143302
27435
944044
45590
1286499
672162
1694324
163852
1009673
1431371
364750
549279
778900
873289
1867314
1541188
1818335
1138361
1659664
1466512
1374819
328466
1063003
678524
1940178
402025
474038
1395209
1198211
829949
261155
1876786
1866581
306453
562924
502862
1953589
1488548
1971230
1401697
540863
288982
1288260
40355
109744
223751
1095473
235977
474721
255332
953155
1483800
282709
869036
1327360
1608333
1597090
962196
1921444
1627722
965151
665474
1561631
1671251
497008
978060
1100509
1261821
581057
1282467
35763
912468
279828
1176627
1317324
1688088
1778612
227016
35656
1080005
104056
970167
179405
1920924
1869729
19142
1368114
1415068
772908
1373482
381836
1222406
290063
228940
1539941
1141223
1224870
685588
718717
267783
859916
154718
343212
1600643
1853901
229058
27260
1157625
909649
402769
510996
450244
142083
1517068
797562
1070847
1208974
1806855
898954
628853
1726699
219279
1234983
511331
1179480
428165
1361116
1851971
997690
440776
1706839
264077
144319
478723
408965
1576417
1223092
886695
1048996
199127
1434062
600424
689683
966717
598510
1404788
463669
1143404
700664
1690022
531975
1624594
530134
1291321
1579690
1750953
1826748
1405305
1513728
252905
1985836
1520519
1923369
265480
1826570
899503
1196792
678292
315382
1010461
219442
33546
489635
551638
1804518
1787880
292519
569730
612853
780083
1605170
1717157
27674
1819069
722289
766951
618630
811497
122122
1309153
134016
1100143
873467
1613055
481640
1475222
1258807
758550
1955950
961528
1472200
854357
348619
679750
1569582
217418
1212364
496859
1845489
1154420
125029
599062
1107225
760951
1965941
520926
617330
395773
118543
803370
392019
1920730
754626
1408768
1018175
705789
98123
1974004
1694353
710596
1173309
1550070
91207
1579752
1937531
30023
1234349
1126542
1158115
92722
1751717
372086
1094644
1029851
1847372
1617156
1788671
103624
525718
1348836
914072
769197
1376218
421074
1300964
48729
553220
1074471
1593886
1219910
1517907
59884
638454
407955
1945490
634239
414448
763434
1349288
160
1861150
1974345
1517386
1393190
1902537
945946
827315
218630
1655087
1876625
848948
96046
766718
5428
556248
315588
86530
1883048
1223360
985472
1751836
1288397
1365317
128849
730780
596222
1384727
174538
1558928
1179824
1352406
1271071
1218967
916267
675835
872968
181945
293370
51249
1873596
1178050
150235
1757735
855858
100106
1270394
1895058
649587
692354
954184
1492248
46544
1906190
533465
1027575
384298
976028
608553
648867
829751
1391057
1473619
1684314
904927
1341575
1735972
1610293
492282
916630
228234
678717
902042
1580181
1222355
1814567
69240
1163406
725996
1051531
924645
1896116
1079584
1806104
1207447
1445709
1031056
362725
734839
890480
688480
525529
1688646
1069501
1239348
1453495
1198505
625128
537778
474328
663170
728231
1544405
491725
894293
1038236
1294367
279980
783284
1889988
742821
780608
87487
715020
781718
777867
447943
1627247
79995
15462
820670
751340
1931048
1904748
615123
1018640
1769281
1406729
282008
682243
834634
1519506
1396276
204764
1675765
1644638
729647
1322143
482445
1557473
871087
1104323
492604
1328749
914308
230555
701314
1544540
1878416
1767745
1716066
1657205
1051329
1748695
1464219
784725
649353
1415471
179908
7410
1403134
1052465
437164
1270282
500485
1971158
682136
914286
1751800
238524
1303599
375144
393892
1485006
648805
656708
319410
458245
937888
1374013
1003688
1596228
364741
967165
1575368
1751661
223440
702375
1492875
1777070
836927
368828
515668
292277
132004
1693978
1742409
1186098
1310197
1661797
1810996
1657973
910314
230233
1841705
1288986
108294
1893962
651202
1592796
1544367
1869076
92330
568504
46420
1847493
182038
372454
361181
652305
338894
973705
801938
1965618
1751751
428867
1914475
1096435
490437
849805
1534000
1615806
842492
1258239
613014
1206333
22540
1698391
1977901
573785
1645255
1933862
1066868
1611940
1165245
258977
485015
538418
491852
1709848
1750191
474208
952017
1031947
1571046
12939
1778071
1498940
1177632
857052
48975
1338711
1111397
349763
1233579
1772898
82250
735907
1480605
319370
135256
1394394
1006965
640082
640267
1325617
1455205
197476
686178
1622896
964516
1914442
365431
327447
980309
1786401
843223
1152765
1058904
1686688
78847
1961962
1481695
1113395
261424
58643
1154406
1455239
1463207
172027
1572758
1275736
1258581
902988
1491690
1503015
317261
898786
1370478
761587
1450594
1255801
1463359
857115
603134
1743651
1972781
726523
1281361
991544
343259
1044134
1106800
232633
1923847
837294
1671837
596218
220308
1005942
21138
344770
853062
1217648
1810659
1618267
1749969
1674510
1587201
1714059
1321224
177308
234325
1312813
473926
1418109
1124388
1767056
100347
644108
1853227
53231
583352
373596
374361
1654349
383523
519987
453567
767485
1473899
76019
856234
1303175
329833
1078949
1932461
149490
253456
574854
690790
1241284
1206170
1090436
1782486
1780519
321404
460655
1214696
1456573
300303
1389591
1223887
639132
490765
1134349
222790
1764754
1865085
7966
368947
933890
545061
58356
1550930
605656
1773740
607496
1635075
548134
688092
1059348
567078
1262099
1612385
453427
1865872
1556725
1259261
1238520
984813
542785
1570223
1505247
213874
382228
1275303
1957808
951696
141176
886296
1210506
1746676
1839146
295147
1617527
1201006
162165
102845
1635511
1024766
184760
1885382
55493
299977
304282
1103458
1629167
1416286
1320290
951606
452392
1276915
1873908
1849092
293921
709965
931514
1678892
1472451
1389103
1185595
194229
1759766
1876246
215493
73255
748766
1976261
1178697
1130811
1780950
1856801
1817639
56880
616538
449022
1846
200203
1917298
1641590
536261
1677973
1200756
843180
1895651
792506
69037
1047618
310626
1414379
200577
1385562
1931309
679483
1242792
1032559
557262
1687461
1877278
768214
1887942
1403518
65262
1504605
773109
1732648
1925481
1568859
1628082
247837
1767593
151079
1005358
121498
933398
1781653
1680336
160791
1552322
1373140
1138333
780656
312810
704224
1285418
62460
1263051
1541930
1859261
530078
790855
743772
1691796
1198724
796876
860385
924294
884956
1803011
1282873
87493
856917
322478
719909
1390247
1827298
256273
41953
1036662
836100
845093
209887
735598
1511938
1854573
54250
69110
675327
1582729
1294592
55032
426578
1989407
695017
996131
594646
8157
699636
124107
1457322
1715361
495655
1027625
1016704
803677
1685110
1176544
1276537
715532
1583204
699020
1321237
623626
1570682
598495
686563
476161
1373687
1310799
1204305
1723095
1616692
1798121
336919
550969
188260
366736
697886
929065
222418
974978
1152928
607410
257297
1445633
1677990
1689315
1290107
1509908
1416217
1864722
726125
569263
142167
882606
429394
953846
708117
144707
1026132
1371308
906875
1394283
1949520
1252824
1387604
1190758
884784
1670689
804354
1571624
1191466
423988
1045626
334116
243636
1302961
968639
732091
710114
623420
1920911
1351530
1056583
357626
964180
1575881
1971277
1330941
1142437
385170
1286266
393997
339590
590125
582650
257575
253166
354705
24861
1596794
779050
1727327
902699
27198
11833
1463774
263894
1266055
619430
699302
574218
1348151
1416354
283645
653589
1298263
1436745
1362906
1253005
222498
671769
169192
1324096
1888353
1422474
882797
631222
1803604
1962011
1617565
209390
595572
1931983
1386552
1622758
579321
1751970
131370
334235
1224146
694638
472319
1025659
1498391
4138
1268273
1996131
1469172
1982313
811400
319802
276389
1186530
511231
38875
1874885
1381835
927119
726915
1401889
1905455
1602924
698265
896393
864630
769434
284143
1570140
1282794
631250
7178
1862830
1121618
1191777
1961641
673914
882912
1453880
1342720
570117
732950
1574863
1844506
1307505
913708
1081510
592994
1096922
4725
864712
807568
433548
1503
1467588
197484
1879071
137790
156346
376154
752215
1948383
1726289
274804
101809
451669
1622814
1632657
911411
1290963
1395168
1688678
1211451
1195246
1952404
1175645
1086672
1873554
1540742
336631
1374356
1795960
582250
1730544
113669
518568
1568575
1412885
1843619
51726
1391759
1724011
1919838
1562604
1814655
412463
865532
616988
1484188
1681656
792330
1006900
1115461
1409976
1671939
93454
1486376
805903
108478
1444951
1512594
447063
1181159
1937045
672225
1150369
384316
1909198
132097
749785
263357
533557
1614765
525524
1419901
736557
648224
1934697
1641821
672534
477519
812875
1468694
1555179
701015
1970210
82666
142842
1910465
575556
480445
529047
1588380
183558
1000860
214152
685653
1785771
278772
320749
1438448
531762
63945
1880284
1797991
43117
1282888
1707087
1081557
1072706
1520431
498480
1510054
1147665
1228780
1203589
1049260
1642897
1795240
582258
712377
1350139
474629
1755219
1790296
1118429
814060
86759
1079213
691892
1508031
1712269
1540041
1750723
1743719
1422470
1541122
1584987
673932
789262
81074
634471
680154
1420588
1627421
221760
300916
325284
1211924
481080
90157
1979747
1216140
1189682
532710
948127
584400
1629939
693668
801012
968517
1924035
1189058
1547361
1547762
669007
1515881
1291414
1046622
877139
329205
966133
810116
523833
443989
1523508
11339
1690937
1156085
1018858
581210
1148770
1389242
1328089
902989
1089658
38681
7216
1525027
1427786
679505
1827191
45630
569351
606093
789036
382559
321452
950359
96162
253109
733580
939556
1475171
925173
1230229
1371653
929553
1355239
1535985
1744291
955057
606948
1066996
1356085
1988824
1120985
691307
1254378
1977540
652462
1419821
710440
786369
1384315
835698
492025
106628
1266108
1295542
1037001
1347812
818191
1696627
745476
1855674
1340714
1464460
706153
1004680
549324
1655516
539685
886219
1695730
538163
271072
1858951
1890577
926585
961685
1106390
1222126
312981
1105942
1405695
1501873
502346
578107
1075424
497712
1833833
1601135
950729
799631
823284
1157628
577094
1892848
1989140
1518976
1787280
1733708
87526
144503
709738
971041
1986083
1542739
1079573
702258
774950
1340036
921432
1435327
138413
442501
1845770
213807
618904
570045
875266
1712806
515034
1329343
1424196
1796162
1239112
1973066
604970
1882503
1285694
1397237
1286018
1146782
75396
1163089
1634800
1416141
1520125
1878061
1660509
1439009
1925707
1357472
1592176
1153407
81311
340924
40634
261607
1921104
880721
768802
371288
450617
35324
246225
343816
1442767
971061
270707
492210
813744
580788
291363
1265813
1625751
506660
828032
1901957
1490039
1060911
213986
1653338
1035214
17957
1551733
1526696
1830078
1717915
653835
211696
1164654
1756580
307164
527036
1009252
709444
1526780
1520009
1821568
309334
1369946
59623
1547643
630711
1699819
1473569
172418
475491
1183524
1036334
1027965
241008
771098
1611670
1926054
60365
431663
1819486
493568
1198624
1498476
1134559
16040
1593016
739935
1957153
261353
1832678
1329964
1140626
1897441
1035850
485577
783911
879781
1608421
1078136
1443170
41145
1969486
106600
1295746
333900
1963070
1864164
1533008
555308
1093811
1140232
835814
395715
913978
1677528
990197
1105915
1361618
1864540
836163
566282
282360
1223487
1702534
172850
159901
37160
786291
1611761
878185
526263
1892671
231944
51020
367879
253266
1777694
1398072
421054
1532411
491672
1255715
1645249
895148
878162
44592
16454
164827
1981808
1163574
1742628
1271564
575819
1529640
1199337
891762
1873366
1532716
443538
1456781
166727
1683028
1283291
1519643
996956
97315
373136
1409114
1092255
475776
1828838
983532
1202381
604964
1988616
1595304
413975
847270
1748064
791398
1143517
1731707
444418
713438
1025380
1498276
297509
1106610
1050352
996153
1832934
420180
1329225
281242
1457256
955103
1061598
1249224
1379346
786418
576100
1186071
1901506
866191
1150269
955270
1280334
1267085
154362
917703
1817325
844847
1977382
1641712
471544
1486942
1861002
40704
472579
1679078
1193554
1248958
1890330
1296677
1870364
1709037
1859334
1685446
1898204
78264
1973055
1807235
1694215
1505507
598282
1649819
1624444
1475678
467701
645349
552729
145969
1584284
1715578
498935
1771484
1736098
1098829
813020
588511
523408
1632243
1315331
1931129
1486485
232301
6038
756798
1903974
7613
1468730
957222
1615828
757829
1614333
1751620
1303056
1057126
1638581
1995448
1593907
1040884
942461
986175
1675226
166456
1025830
1846591
143973
47788
1175701
1310030
385815
1659702
948544
1864564
781592
786608
1767109
1895936
816650
1237328
1562088
1227561
383980
1630829
1627799
1294884
822454
1920705
1594668
1482222
718752
1624108
40127
551475
1169922
165527
403876
3330
1580353
982036
1290239
1897829
207520
660892
277776
1020511
1420008
652421
1948137
834515
1388970
1163186
240571
1250147
1624032
356830
445130
1790635
151128
1896814
333743
565091
432090
1797320
347552
132550
727723
1108480
268749
1912803
822013
281903
1978289
638419
1226951
765626
1362685
558779
1098147
1408171
1110595
1324074
1374672
1852757
1137617
1505698
633657
1370672
1449879
746891
1610360
239739
647126
90260
1679560
1366785
1569387
288191
6626
917362
61474
1900850
1987132
384208
950219
1726306
1473899
1028489
356801
1328000
65155
937647
807187
1122487
1629879
1697881
442692
1868944
1895067
334703
566948
1187083
1904477
1396689
151599
1885545
832450
32505
649419
74318
561999
801129
252474
941864
1786785
960060
550179
1721964
366346
1983566
1479157
1623244
910578
513903
126326
820078
1809766
1397431
1992803
759104
1105537
197949
1036702
1930875
1169362
786630
1623130
5252
292091
398432
692856
641355
892654
836112
1622286
793645
1324902
593230
1188362
847189
1506553
1143204
348703
1526560
1733857
562280
457059
318344
1607684
1093130
123155
1955406
1379943
674643
636069
13110
1758903
1664901
355474
1382434
366763
1138165
184237
635229
258237
1145063
332206
1348930
374506
1287726
155640
708231
1553468
490196
1370142
1242295
829615
1231487
229503
1064350
29460
1970996
942735
1682450
450672
1493814
998991
1157456
1120666
1192703
91306
376555
1253344
199347
597274
111858
1160339
178308
679437
381722
487103
12983
283809
790351
950379
1379189
1689507
1773219
195832
1577457
1878275
1710688
185688
164203
719278
1015258
1974103
1144263
1717852
957249
1740266
1961059
994252
778327
272111
655587
1948386
1757192
1631686
1585355
485656
936219
261778
1898052
52844
755310
1882755
130515
786068
1620184
1228232
516437
1209479
450892
773386
842224
70681
324178
378199
1695906
268650
1068216
1633405
1822764
1125396
1440767
59167
265697
1904490
704424
1007066
47855
1904139
1839285
740952
1191689
506672
1019361
190905
1725522
10509
1927230
1651201
556654
1938010
533154
957073
911487
1845893
252044
1411788
1492800
687602
191754
1720878
560003
1521051
1236973
621835
1847927
1933955
1700770
762325
1233633
83595
186618
304538
562201
239919
1857414
870555
1629348
229947
455638
1770614
1311086
137485
1079135
1527030
1203711
1129174
1424639
1404297
655474
714931
866551
1976119
1417648
1255656
275299
30519
1360916
1653934
1046529
903603
231924
850779
1515025
430120
1659175
1475353
379789
292182
150153
1904669
1610081
1144681
981277
93412
1246861
54454
528985
32762
587160
1050232
1403636
108160
1574931
1210448
1480251
709804
1295535
1635877
854207
442457
1311360
289989
1164060
552678
953394
530718
1518861
1707814
1094832
1554857
1006527
1343879
774732
1274837
1232440
1514016
437090
1592040
920802
230416
348464
272019
415294
715155
1917505
531342
1469904
1079035
111261
96560
979705
333710
819510
1520929
1567593
778692
325281
1602060
99375
113358
1342238
971208
977673
710967
752181
1537775
1721927
1043936
200057
101026
488452
1740148
164698
1075956
1386223
591515
459631
1867318
1084579
1098327
1892903
1985127
571679
1228471
1330366
1327324
167947
1093116
1529102
1447167
411882
1373538
1444418
8596
1572204
1524406
748229
744469
110650
1969634
181038
6952
874997
1743822
1890821
231256
1466581
1152633
60953
1275429
720787
261906
86932
675452
1103482
241618
1339013
1034435
472148
584642
1619273
535108
1062123
1589330
1690461
1629846
94382
978261
1290085
750939
672711
1910680
809999
918146
139529
1609435
1380521
1041813
1148127
1731024
1760607
328549
894960
440760
260133
1006135
80153
489206
1497994
1756854
316580
559100
495067
1972336
1492183
1970553
280274
1313858
1213193
304722
1225704
1188953
21165
936896
1338596
214116
619823
630844
1619012
956219
1235494
41184
258204
264017
1861302
555800
722272
1106389
689583
1673582
1471692
1463095
1753110
1827618
1924486
1315070
1640981
493780
1808865
1998714
898889
1686633
1365707
1893086
1901768
743266
171077
410147
49083
1509937
675768
484955
1602553
1062044
435518
1041101
1866481
1224472
1208373
907301
224461
1247108
34196
415112
78997
103515
1930791
1991298
1639707
469329
211505
710194
557975
1632773
402036
1701822
857403
523571
138050
875601
842125
1916385
1203603
829982
1064863
407896
389212
951706
1924262
1126569
41183
168897
502666
1168362
1364018
1384727
1224518
674357
91356
1530355
1930575
1170637
241193
570331
1886285
743444
1553342
1818901
1888602
1621714
1122233
65700
418804
1630690
1998418
1791390
1280775
1313591
1243721
844245
1234412
1498648
24365
564689
1460341
760045
830999
679354
507154
1478809
812448
81327
1542873
1102809
1717144
136889
1758320
1050344
1299467
1758393
1740118
1631025
393789
293864
1021055
1905129
1650905
1644653
519307
1194246
882254
1023948
1555802
826496
1427511
222863
1820152
1583527
988383
1037340
659956
38400
1042381
475709
1201315
838969
639468
682117
1469781
1265087
1095466
1923342
65095
896601
1334336
886750
172003
1436818
527813
1160165
1398745
1931461
809114
1318738
421251
663850
1638157
805201
293618
302620
695804
1652036
1963340
1422965
136026
1897796
1529883
464937
1677135
512271
625051
361424
746673
1213581
1562256
1191319
1366210
1796338
1510568
35370
1030911
72019
1443802
1021717
710467
239783
1859694
1671905
1132124
431783
529895
1764933
265401
840982
1704215
345751
701408
633191
367444
461699
518097
1131962
1362387
1982202
567785
1339143
1823800
1740560
1996298
488255
1705751
1137557
1378400
1715393
67941
262758
1944795
1174229
1562590
405957
695434
1238515
1139992
1868048
496620
1784377
778434
948681
681347
1123298
755997
1555001
181353
733065
409260
1202267
835627
736174
18553
339390
1432251
1039006
436634
789283
928324
785331
1210087
746529
327220
536544
922842
1501025
1129367
44689
1270883
890267
1912431
1183601
509844
834688
824652
739526
617219
1929136
1085484
233967
1636001
974442
841203
1364118
1605488
892591
1729110
1949424
16957
972458
584405
1423237
48519
867197
473830
802763
1806390
1194930
71657
421157
1898536
1534089
285816
1237929
1184461
525845
1886863
1248812
1577175
9000
1463836
536627
1445969
652780
626609
224157
334496
849330
99764
1879835
417178
1019801
127042
1825107
682402
962018
1288130
1182737
472338
601825
622622
621613
1304362
937566
11564
1894406
931544
87590
1371960
1732395
1008894
1926219
1596841
1769342
1054126
546602
501265
1635316
619687
1480409
553675
1673681
954108
878929
1607475
1995006
1246444
1868292
1721533
1092481
999791
726681
842775
1138117
235561
668248
520981
1472599
1466107
71764
59022
222407
1021315
222308
1618527
1993933
505868
1536886
104493
1704680
131810
1429681
1486300
1161027
344614
1617645
1262826
594114
134727
1235215
1317524
785756
1765039
1293306
249392
1741623
545456
602552
1652107
450153
1910356
1190071
840360
1921337
597856
101589
278699
805632
1597469
574720
1527731
657995
384388
1635028
164619
1636551
132238
1809874
1780148
843576
357847
1367026
434025
320203
591987
355031
1775285
1507678
1107100
1818049
1627966
1475307
1613757
1859694
517859
43291
1712774
395955
903386
1313115
1308022
528797
981028
1777111
1562578
872027
1630837
179338
33083
1969545
613381
1920875
809277
1022927
1509958
1075777
952670
933025
1141731
557196
1953000
753694
1870233
999678
180261
1385358
1510811
1072880
1426680
840217
1887045
518789
48442
1778121
1377312
1691930
1678213
1042223
729640
291936
1433028
1584629
91206
1792099
578192
435853
785974
986547
1178543
1023772
1696807
1904540
1228060
596947
1263032
1309103
327237
555906
1257189
1267092
731052
293850
771140
329405
12177
715058
774121
1399793
341154
1401695
1709526
1366740
1720550
1864791
723940
1047201
176718
1950199
1852185
1139295
1353859
618318
1551425
221053
81376
546812
1538923
523284
662452
1523712
688365
1509802
1536919
1376510
1827028
852263
1561314
12501
1004244
1525190
159975
1233340
70563
515126
1224805
1431952
120626
1588209
326504
1868914
451873
1682324
965640
744304
1430660
867251
281631
114736
1374712
1031918
1286408
757657
1686883
766768
1746899
1892183
164595
1335547
1850672
1598520
875916
241147
1405037
1073939
1741020
1710529
607322
1167864
711537
587905
1337556
378991
1436100
1999314
1753348
1255254
1189898
108909
1480738
1501629
820492
139412
1732324
1101577
1476438
1951402
1687348
945965
861117
1875996
942658
12373
464303
1633425
1927993
439931
1583818
796768
71998
637083
1353712
1666421
1717013
1907226
135403
1935351
1972507
1059346
1239243
326295
1585180
927578
1991651
1243927
1036456
1259365
1896847
46049
1316402
1649123
935970
684672
405202
314304
331342
413285
980447
975967
1508351
683301
1618878
614855
1787965
742309
634691
154481
987862
1737370
574682
881799
1915514
928319
602964
1492486
1869939
340632
799574
1282145
1069501
1879732
1537523
1026576
649770
933380
1422939
67742
385305
862278
400860
1270485
1806386
996423
1446822
1896255
1642254
1197628
813202
1269535
852288
1029008
1831339
509548
1992364
1596596
1854243
892738
1394190
1826790
1745540
3306
519691
1745059
927631
303178
722257
1015711
509952
266080
1102150
925328
577604
1063684
538021
1712404
1703454
402665
1897421
279453
162772
1102322
358907
1039941
4204
692340
736616
1290022
427454
12533
891690
1932434
1382887
1356268
1173683
594080
691931
302345
1122311
1482361
934249
423120
1389508
1709006
427623
684605
1336380
197413
1009683
1631439
60521
1236918
23892
442263
1910763
1985976
851800
848318
704845
1180210
3972
1830465
79334
867052
350165
1062132
394015
1593761
602609
1426114
210357
106052
1638807
74337
350374
1673297
1201327
1533698
1651444
569092
788224
433641
1433325
313352
371917
1591361
1607979
1187601
1922445
1937590
1292035
683667
1122362
1964205
1282800
1641195
779454
1919981
1380572
401150
312080
437768
1638504
1593603
1846632
30331
1327609
257563
20145
802566
305626
1480097
1789513
1155547
1700345
1838047
859085
1420857
491677
1433789
607279
1293799
1401281
814110
1551996
1977700
1003132
1967059
1533461
1505008
1445131
457858
231485
1909501
1784435
983051
1430838
1743551
992586
222064
1679227
1087738
1455777
789306
1552019
363110
1086667
1535712
1649915
1061243
771043
1487689
750760
1955984
1315393
445708
753789
1136076
1701993
1576435
795920
1109137
1277571
1333264
435358
1850324
1902771
278196
822583
1980079
994365
6125
1470035
1123335
875839
854123
1506209
1595153
775457
506517
1706150
631776
670107
1765465
1383299
1171214
1756387
1030201
1555850
442638
8117
1631635
940319
1853951
608696
1820090
1481114
1988398
1248699
33208
427312
1615410
1921104
1277486
1353350
1129695
1184135
1810201
1968012
1403452
293800
225308
1083223
142422
1642845
738068
1599170
1693152
791748
1246306
473481
1358769
1671685
824135
365871
1058464
443981
1949130
871438
1715325
1877661
841109
872190
1421351
946145
1274195
292999
368109
520496
612693
1918577
133372
1857554
1702077
837464
906121
1224665
1835992
1802228
1648477
1186710
1103175
1608225
1167263
1778194
169314
1586354
452281
372953
1049607
233250
1111359
548956
466617
241567
1837866
1365873
780765
697227
1705439
1976057
1424027
1456554
1516292
1027760
656962
543997
1094380
1164530
557711
1445792
1644451
1424839
168469
752614
1447404
909686
397209
1734252
1539551
578229
767826
831074
289113
1374918
1010469
667739
663292
1982946
1364767
912884
1946227
63850
1388904
78249
1984067
1429367
55683
461768
174171
643645
1167774
384284
1171448
96170
521902
1792950
1250052
374044
1308751
833199
838798
694819
1165897
1906752
1863895
1398778
1028088
646130
1790631
1099517
1767850
1128223
1116827
698754
400408
427491
1063178
509898
834967
1165156
1799044
438654
1355430
1861433
1240941
370612
342427
778739
686747
926181
16214
979513
1314798
1696629
464738
209047
1502798
1396168
810440
381232
1018627
1211643
277995
1538020
87461
1511873
744552
870994
734666
865907
1039518
927401
1947580
1284268
1794782
97146
1427891
1614115
441396
606558
1327347
1119882
1103374
365033
1568728
352557
261700
1364796
1556612
1033993
1781921
158551
719490
782149
1219201
1687470
1261896
1536740
309719
1088842
1357207
301359
284133
1140645
283983
37184
1971783
895847
577420
1983490
1770109
1900742
1594851
96347
836825
1444058
673255
1041079
708651
1623542
382011
1980364
787169
1278566
746296
1311653
590122
1720214
1813777
390890
1653344
865634
173561
990006
53522
1030746
1009789
516358
837292
246671
1669139
868987
622692
852849
1394964
657467
1072359
130236
1601003
1293784
916530
1550985
286663
935462
1106327
640443
904552
1744760
1249895
1668425
1574111
569673
869791
1040736
1451412
671808
1629136
1787410
799339
1045144
1025365
953601
1291686
1247279
10445
50675
1162818
336903
1686507
1607206
875910
1506391
1992009
768932
175989
233574
7065
412728
864383
494436
671186
426127
1670554
72099
735310
1632313
911115
1542603
1154981
292658
916256
897686
162579
1085762
1337452
1412216
642375
206509
1452963
186997
1441645
1496062
495285
483299
756464
1290447
1131122
1725305
141597
162173
1201338
1927272
239417
117596
1226406
1142514
243949
1800704
1890602
566277
426737
1396724
403439
586422
420200
231865
785299
1745581
861885
1813294
770783
1438252
703356
1964852
1736573
1575211
566112
1082571
642400
604219
183370
948594
1575205
718014
495283
1907741
1074603
840635
165251
956579
1656779
291461
527418
598817
1384649
1440782
550611
334257
1002351
338065
1552924
924338
628414
1520322
244312
35637
1582316
862352
1982415
769194
1464344
1098810
896322
1524125
1120967
112873
1365262
687015
1462738
764119
321132
755924
1710912
1702344
897769
906444
741745
1748318
1987920
560549
690744
112463
850411
1624990
1924325
1519886
148612
635278
814370
110609
471506
536992
964503
120763
1047000
344497
397911
1284406
1478104
366938
90740
305208
1200010
1032423
1042616
802975
247213
1093078
68228
1359146
1450381
1157874
171819
1700599
293409
656743
473464
1389795
1056247
10608
810689
511751
1830663
572064
58155
136768
105466
1732853
634625
1652404
1681352
1619368
32623
1527188
670805
403843
1136979
1617137
1326949
148979
410822
193311
1495378
812268
1880374
1299588
466180
706847
1091096
1305200
1869217
23067
448768
68173
1826640
1981193
1587935
1368681
1364295
1583282
1585769
1820733
816156
1920197
418355
1291600
1852341
664073
1273151
294996
623458
1028599
361814
1358094
346863
229505
536795
1606363
411861
458388
1398565
55965
1122548
168411
1543088
1576551
125438
1653569
302550
1395135
78351
917210
1559343
322402
552517
1810044
1295465
773948
1427296
873162
1790237
311707
1575854
1758507
666558
707392
1791406
995134
1828819
1597315
1843150
498428
435996
1206267
900056
1893300
781588
1310142
572657
1500472
1060363
315408
1384258
440985
1061457
896590
395340
1636128
1371141
1471674
1320549
1126056
305165
1338463
371038
671103
565590
215296
153171
1380210
16349
340315
304792
1107791
870173
1116912
99152
1324095
539226
802783
1932692
1376289
614333
1310496
799251
1914929
192658
543516
1463388
1518587
821203
292210
397532
1239364
1174550
805873
1838788
1983840
371608
718668
330098
1722498
964728
1134222
1406410
1634298
1418334
195369
1883219
1818011
1535458
1027918
200065
1794325
1346989
507657
1814856
159912
1868106
1325540
1774986
357294
1491840
570173
1989030
499353
246498
1456528
543556
1363480
1238964
1055164
1756512
694853
800763
34042
1348339
759778
1165240
1468976
269225
287347
1320386
1087678
1041734
1745816
50502
362251
1632662
1760745
35686
184789
915684
1912895
1007416
1735017
1007550
551046
1234668
1424208
571957
671752
723805
269687
1736138
1871004
1217416
544861
462888
655166
1346668
267460
1568241
308119
726621
1300424
600437
702178
952325
627607
1530116
1884287
128732
1050426
351638
1393283
1991743
951952
311407
787455
1332167
48084
292176
891734
1427685
223735
1116373
1484091
992507
1568489
176970
276293
1972660
664141
493698
1102402
1930669
977195
75393
1018373
182764
1715847
65261
1883189
1119483
1324861
1776676
57399
67419
1993391
414577
1718306
69695
1284757
1982997
377341
1667879
1135512
888029
1572774
1655606
642184
1202449
435126
1247684
278264
285397
1907408
1205312
318263
133409
1076191
179029
1097245
1775307
1063656
1239790
737182
436087
1397620
1375613
89828
12056
862884
1435635
134573
1081622
186354
329761
163409
145044
391256
348436
1616531
1745374
970674
167035
837895
1951458
1665299
1527181
798130
365672
1805637
135154
1698168
1222673
1178992
1279563
1385875
1622002
498891
305444
1305706
1271780
23713
1297395
1011731
1557823
333364
1925735
1299636
667432
280919
1863542
1763948
492838
977777
1123020
489621
1077302
494259
146868
491294
528733
14550
246613
1002339
752863
94868
1459853
1431331
1304440
1606657
1081063
1774880
715703
397464
991129
952123
1460829
1522336
1864912
1505632
1044453
778019
1312267
1035852
1871530
736254
406490
820818
577801
864193
1241509
1422270
1504488
728761
1974694
1488640
307404
1643555
1340794
1801506
456948
77016
853280
1416087
1773167
1465333
501411
1782343
1584172
1957506
223494
1882718
1662914
1662651
1065258
542067
452152
443776
1785922
1657692
658239
954426
458159
1830964
94385
247090
1886298
989595
1793740
435279
858693
1991240
1253452
1627895
258485
1794721
1991060
381187
1349128
392171
1422820
881094
951407
696017
470406
78034
283500
825243
292996
802753
1501014
843087
426269
212493
1619621
706029
1821305
74845
456050
869799
722323
1791910
227910
228557
730715
670062
466720
316065
1769045
251281
1352257
682817
548641
737186
515776
1430546
115383
604530
650495
815557
1517537
380654
398614
469994
61463
1005705
1385118
63918
260591
94125
667545
1264568
219813
572910
46111
343627
1366230
255538
1385291
505289
975994
472401
1801374
1538529
1363568
1199984
1668132
351881
180300
594300
996638
886611
69116
654541
1009460
1887008
418549
559998
1848064
358817
312798
601113
663857
1714247
82584
133200
442349
727562
13362
1152505
895481
135668
980304
1947455
425909
1386255
1701053
1152731
548459
1677312
1647993
1002168
1688327
339119
898227
292807
818723
1886052
1569900
1584705
587515
720645
190866
996958
1626275
1574726
1623031
1176945
72150
746823
1648910
466699
919080
917518
1593901
1028479
1805273
1795676
637412
934313
1755840
19524
1915806
1667327
1556071
1493893
1790351
1005967
124553
1142188
1308357
106622
730108
163607
1533700
434295
429282
1304697
858902
1340096
1210794
522780
431661
1693729
995852
1732290
1477862
243809
478800
1337379
459529
1698095
1907192
1145112
1515945
1810070
638033
219280
1757869
1823751
1279020
1098153
1858884
263863
254393
1095009
226894
1213751
989061
1709067
1695177
845362
1261009
585338
18006
567920
1032096
1781895
546266
565234
1182501
511475
1146757
329370
1392798
582988
1234442
990309
1922091
758099
973578
1030462
757848
501039
1031720
1317350
743726
1829837
1270881
943012
1435433
3218
193213
196198
585485
1135436
1417822
1220416
1601591
1444064
1032286
1215361
324178
743725
1227513
124995
1950378
1092867
660503
1405834
1611111
1089380
1771207
1792070
718996
211546
1522573
1349986
191396
1050383
1364775
447334
591586
400954
1892849
1348241
1197459
1474619
1109718
305371
1155778
263355
1288097
1987259
1457733
650391
1266301
719666
1402747
1225566
1379412
274181
1504102
45056
244023
777198
15503
1110389
34109
674052
129776
1456865
1323722
683761
1411021
1216820
1694998
8841
987643
662903
10894
415427
1047425
1867430
765753
185134
879367
580715
1488387
1246899
2955
1988191
310096
330116
667251
156465
1822733
240170
146975
194704
611289
765566
1036687
788836
32666
1280230
1346950
595681
981263
1856658
172710
432864
478370
1286925
363955
637919
669305
1379822
43536
315602
1637113
1959019
343023
1561539
183906
1195696
686102
752638
1316304
1380386
1819501
133927
806750
636592
288104
97352
1108936
1832776
534754
413164
1151364
1555197
700013
1165815
100491
1084382
371044
1509512
1915022
1201903
849425
906334
1750573
639783
357202
1296587
1745679
1400479
860159
1289580
166345
642035
1769491
1789728
52032
1059649
941423
1303097
1958703
1691246
704303
1582466
1981365
1156705
1140561
1159052
229181
1888334
98996
986752
217569
379103
1866763
781468
728264
182815
1164248
129153
1900549
379675
1659160
1049683
1772210
1733871
1632508
808740
1903174
559633
60552
783998
839349
300535
1567995
1931702
1085026
108859
334651
884378
1743581
1400307
1056078
1612711
317349
1823078
546662
1013404
1791037
1748019
632284
1874730
743254
387673
1840076
1781384
389883
795957
729319
1770730
276072
1041136
1356245
208324
847062
859715
175908
1460165
1333756
488874
588419
974163
1281157
1204691
522340
1826602
1171613
360241
982902
1408762
825125
635549
1803515
1476532
645558
1152057
1910354
1119926
1949531
632190
507043
1335439
234242
1033181
340635
3068
732092
1669492
840632
1664366
735327
336580
993565
1179531
1649966
1571688
1925165
754418
1272285
935464
46349
1268606
1239918
1179252
916910
796134
1940897
658860
569918
1802325
1810133
391288
260099
1432812
647299
1396636
1352311
168033
1505691
1232826
920387
1110801
1169840
1805994
1712289
677195
51695
160206
1527880
750150
1600878
472075
673828
1012582
1859066
52741
1289
424959
853288
59305
561372
1947546
454577
1739271
1813392
1086992
320895
1175359
1865797
774729
1192088
1001226
1831763
1800038
1402209
750569
376106
1656608
45962
107265
1213881
322969
1058372
947256
1594905
546830
1076033
246136
1298139
129531
1722777
1332883
591221
50738
585500
364365
1313196
333864
1482754
1668594
1558645
1883861
1474555
1311947
291189
1634519
65485
1630688
824175
130623
1218001
1524805
43206
734308
292562
843208
1370372
1974694
1509223
1699546
1757419
576109
1492485
547492
470701
1284072
89060
59281
1844740
813814
1411347
1690403
313587
987628
1391523
1415648
1948006
1954256
1792662
1855351
1200053
1508645
1952762
782707
165724
1171462
817962
842134
199536
247435
551677
438335
1403666
1688539
922289
528796
1257131
590142
244720
1315030
1643119
1133456
1558854
359547
1479156
767467
768500
83060
1862883
1217909
508256
679970
1887290
508360
810938
1919468
490713
486571
1258621
1597933
1385600
9937
1611892
65246
1673562
1285098
1148706
1551921
744766
872145
899337
292515
1154516
586633
306661
333307
954938
1306191
123139
1197404
1706846
1485991
1997319
1065453
1480360
863051
1068111
160154
238069
872055
544105
721029
1588258
1530227
128888
1756459
1849131
1353243
287673
1103505
1807516
1395678
1747871
460033
352503
1151954
595409
1075274
1571609
1517200
316293
669767
396409
1653302
18405
1315573
1067649
576828
531325
1415456
267281
506042
1680839
1200606
1341579
1829809
1557881
1010293
326990
605318
1579995
216446
1776719
97333
1478956
1586091
1444927
962732
90642
32028
538904
1390486
81025
1119697
38088
483319
1464957
245609
38612
1148660
976870
1748401
1273921
312942
1018564
1854868
975834
723579
891488
1975658
1312527
298682
1432866
1115152
553031
972420
1719057
344012
611434
766037
17511
1575572
979017
1427675
1296812
930293
914859
1251925
765056
912630
628147
1286611
1435267
1042034
999325
1311711
1532174
256805
771790
1926163
1369218
1904386
1475776
1961051
1534955
1710193
1906807
415516
1174734
833460
1609788
417185
1844371
1785013
1171006
128986
1115452
1207106
1994484
1821584
1078776
656068
88580
42823
852834
1790104
1593687
1754346
1375805
24220
1514941
1214726
1356456
171347
1570834
943986
662762
1865259
834408
1457239
1302435
852941
216257
733667
1262931
1271902
1476821
1059982
853229
1765389
1036050
1664309
1243775
1955419
1828951
937215
1199744
509100
1431928
158145
1669262
910274
335184
586187
977448
472598
1085629
1349424
848077
148352
819715
1424316
1232097
1366775
1309616
1162140
1376101
1538569
1995083
1930925
798200
680367
852329
960085
1108437
201797
42982
759274
876651
1900238
319656
1473244
457823
661563
1265846
369042
1443111
1970078
1412939
1165809
598544
1546521
1400534
113280
1604107
863475
272832
237441
1374589
1986659
1809490
1519535
264385
78491
650162
358
333272
1877324
109721
774892
1684938
318575
1812636
1475093
398920
353040
54968
259443
984909
1760564
815903
718256
1528124
116921
392562
1302785
1120357
1906822
1617643
1257116
1139795
623416
537027
1368986
855142
997292
493269
678436
1035754
1911918
1972649
462528
1805069
480201
1575833
23869
1390121
890281
684140
1779105
840842
358297
1343592
664427
1024562
978609
943715
1110061
197642
306282
1603259
1997496
45427
603159
1340408
1945311
808071
783841
1839647
1212422
514641
176467
631798
1107875
689882
478498
1990061
1976720
202898
1658812
119329
1471574
1550690
1544354
1950819
83647
1173413
1789315
754122
1983114
168597
117251
953818
493791
329708
1357419
1090569
550059
1244303
1428595
1903488
551876
875573
1680331
1519083
1321783
396543
1244907
89
1595630
1240684
528592
1229600
156397
1368442
378961
1926499
1188111
489616
1064041
410977
709452
77769
3697
635006
750248
885835
1169437
1346748
113936
819854
603548
752939
1903903
1088579
751554
661142
725484
1119994
1893626
1332808
1101951
392631
109252
595112
1994344
1865512
1159642
290093
1432990
345838
1756889
1978530
830784
288062
406662
115433
310053
1208990
367495
178213
1163310
131003
602912
620480
1290592
523855
593100
678259
92172
1378198
851407
1254466
847156
1434481
1180201
1400932
1802109
1912470
1060290
739057
482736
373562
1063615
505576
781417
1976551
20627
1889866
910802
181600
1936032
1036967
969700
762049
1694376
1866185
1603850
1166109
20776
1239527
269745
780518
1179589
1317178
600258
1021112
1666371
909847
323394
426203
1297218
1659061
1905940
1070388
258510
1184871
1846518
313902
1791004
977498
1944556
1803792
723482
1038051
1741661
1600871
982779
1448901
415820
724027
1168757
1072371
949115
57927
1870557
1603225
313667
1088459
1770917
541347
1739436
44276
39561
651598
1597657
847545
102245
863691
1595363
1789991
685112
708975
1745840
1900382
1817409
1114391
548019
1862185
1692604
1046066
885574
434915
517938
810405
1562393
254152
1811658
409165
782453
1889161
1331613
1698893
377774
696686
235619
1554504
988728
91491
1531712
1344557
26393
402649
420519
1650314
276206
1398904
1449038
968998
244571
928809
49279
1545874
1761851
1475647
1789201
305611
274014
1703820
1029559
1848204
3899
709093
1846909
1360116
156952
585868
1346689
1816172
1084477
462548
1660310
442161
421076
1084714
1182826
482205
881087
1531863
1520247
1770953
972126
1543878
692367
286144
926404
1323601
439187
1297178
586397
668045
1688685
270319
306147
870097
893958
370078
1626310
583213
522173
1036694
983664
1848660
438242
750805
925271
632364
521408
34973
1429719
83566
1420941
1155196
720401
40008
256186
1469210
255594
639873
631104
1617044
1769273
1120092
691459
1209923
1344186
1461896
1779030
1893509
248458
269210
1807064
989071
1491052
1235131
1910792
1798354
594265
1968561
1525883
896799
1213675
1062135
233905
948676
1716247
1102122
1786776
1784263
203643
686590
1276803
1899655
1333380
1035033
12559
865944
1438048
59038
1393100
678627
1658106
436053
1219022
1503052
1700116
1539353
1441819
854586
843365
490265
520959
1138687
683499
196463
1123643
1620802
1531807
216866
64150
358077
1815880
1718757
192030
1841424
984554
1178316
811613
736555
1767337
1792586
1057937
695670
510249
1808952
1915598
1850253
1122034
672043
746497
89470
248773
1598434
584601
1201752
1844018
44280
1487481
939535
70929
442476
1007325
96113
1927801
30431
1977454
187841
118967
1168375
311826
1310891
1099194
12865
936312
1349008
971418
1973460
1194393
889757
1769125
1140578
217750
964482
1693315
562500
517311
1702792
399211
1313043
789765
425417
1435557
1771371
1819934
71403
1281287
1552214
819882
1584101
463754
35180
675023
974333
1219695
536486
271813
1058413
1936785
1278188
1579659
988840
1173665
1357017
336412
1294413
131277
56258
1361232
1810703
627843
1434175
652088
1255819
1408269
741683
1013620
1463514
1794781
116505
1056819
116622
1296703
349304
456088
685345
1147906
1258504
1516942
1809433
1769778
887557
302372
894947
722624
452768
1379160
164086
1250071
1231820
1658627
152511
1143935
766933
1959335
796983
752049
786864
192566
482547
336430
1538482
548465
1385454
140920
1525360
1330199
1941913
1638194
1832306
977724
979177
1015752
1433305
1614998
1374350
1026059
1097336
1763746
1188387
125764
746810
1708726
207147
95549
1046160
507887
741501
245565
250920
1719510
581975
621281
1120745
1019501
177571
702030
768813
452896
97332
200288
1273897
1488472
1383869
1616331
959223
1116066
1078137
768228
1896173
1081447
277307
1182703
1797085
1258760
903175
793991
1484938
1177946
569430
1784675
857041
624834
586401
1796027
802173
1474416
1875548
18323
1626161
689480
1922724
1552463
592548
1773184
1439764
300321
186186
1742172
1211401
243960
1680850
1843011
170700
481960
1611142
1074250
1472358
985241
1533068
1289069
553934
1481324
904684
574496
743811
782959
1920099
432035
607139
788769
954959
991694
1321307
758581
1888200
358666
1137205
1338550
1718458
1234143
1744632
385752
1376197
1665031
1172546
1826378
1564549
1079375
1052484
1378553
394163
1813028
1644925
418209
1449853
323551
690787
1396667
1001610
346961
1212014
838137
1202169
1825358
44433
1726156
1577880
1505077
978918
688184
649032
1370555
502580
1630911
588345
170932
390967
657908
1022316
1231700
427585
718023
53595
1862446
1175913
549981
1234310
851088
841228
23701
1661520
206446
1350931
1526924
1784176
1426944
866655
496964
341410
755456
11683
444967
1781510
1949086
829162
76950
1450161
541869
995844
72611
1815212
1104402
177139
642263
744783
1328098
210512
1843333
1560724
1343142
420485
1951417
768010
1028718
974638
1621859
988960
1831221
1759002
808839
525721
234880
1382567
1060989
1464775
1940225
119929
235670
909585
1482263
1298917
562805
1138681
1169144
464585
1734863
194793
1529562
1847166
469786
377644
771768
577739
134353
553870
429521
284558
1890792
656831
708301
1919606
754729
1574690
1426202
200291
1745855
296834
1464926
1412349
1093642
1793572
312107
1325525
1052753
1139335
1295689
740115
986115
1004904
1599091
920180
368656
98844
1876874
392729
213043
700413
1297863
378839
994351
144470
49877
746940
1822846
1211614
1353247
1894953
534930
1364407
1669155
311798
1422028
100446
1885739
499433
130947
1667576
591504
1671572
718710
1671424
1105678
1348485
1883931
728194
70206
1891525
1761455
312726
508731
1868555
293055
18468
506880
1452980
1751718
1959315
285740
1898789
794803
1152199
1231288
1662053
526511
271984
1896544
810385
1344395
1070717
646915
216820
1337392
822232
116960
1075027
694014
1072083
1859788
1157530
1617459
1245633
1809580
1413790
1327569
324501
1985354
1037982
136350
977527
901921
552963
1628967
1735467
1591222
1006249
1631217
807283
378028
804392
1016203
187089
1211426
413551
1041768
1955841
382565
1739988
1718054
839310
1861748
166742
1436851
876216
1470204
593405
513847
1329597
122592
116268
1009995
1010356
1050004
372513
753133
1983898
401508
365883
118472
549894
87999
1843436
1646700
623298
1946442
216807
835221
1468086
809804
1269124
1533634
1843389
895483
920407
1241479
993944
1090917
595491
1648142
1852787
186394
491837
720758
654747
777951
1594905
1188504
1679817
931113
1812393
676120
1500317
1257348
1561062
246444
1926832
799581
503672
348560
1896378
151306
238136
1794624
557898
1037970
339794
355955
434474
216217
241752
849346
1110211
729343
1144601
458183
1855353
807012
923904
1021065
1945090
1492884
70632
1589356
1280867
1914092
81364
106135
180142
56369
1682600
1321131
50573
1979825
1020913
332678
24175
1154533
1876142
1620717
152186
1186470
216913
1040150
499864
1143392
1545655
1665127
870451
1791517
1585353
87170
221315
521121
1507258
309428
1673307
45218
172699
1887375
1116697
173878
999711
1687980
1454459
1160711
702072
1104894
1009138
998124
490194
1432981
802599
296846
375342
203092
1200625
489670
682245
1898671
1461564
1549260
1708730
1970799
724269
1475802
1514366
1273498
225421
997640
1733964
136381
952121
969695
1306328
1021874
118377
461816
615886
1163050
1044140
1060384
300479
549899
744066
903450
338243
329342
334668
1712395
1045981
1671051
396743
1532829
1562688
472157
1721642
1078431
581250
214646
216207
724001
1370926
1364298
1907059
53610
7540
411506
522632
984168
107621
963013
652917
1089562
608962
770086
923814
710417
394889
1826553
298306
1327121
757723
1170303
412371
624188
169849
1162724
1000608
645440
702807
646456
939468
1382465
1327204
26780
1224093
640692
1858379
536757
1015718
464539
4748
657540
1848955
1698945
1244774
1704253
1227822
382110
1508211
1211217
237213
1240096
451114
1160778
1236521
1416608
1751892
1412592
1629727
1868211
1024275
1712270
1787960
1684357
1582596
1692226
596390
141212
1195770
1792900
1878983
1301589
605722
215571
931727
218491
828884
1431544
1811552
1758323
1701533
808565
911389
306408
286621
241385
1280271
1344776
1341292
713471
1637654
1642449
854281
186026
373491
1985326
565394
1083510
570995
1161826
1590610
262732
1609702
1857356
859523
317664
865575
1016674
315996
1921973
1771654
596655
1634360
955908
1303437
943528
1170399
1089034
1861483
474030
1105456
1121044
992728
240907
1153387
995305
136288
1238028
1543186
191935
477574
1258786
1269794
213052
1436137
1903300
58317
858669
1862048
1293956
166828
943537
1275498
1018321
667880
1942374
1029884
1365597
1044448
997904
771106
405109
669199
797006
25481
1872979
1228457
927957
1870723
1827
281324
1980514
1401598
606228
1936121
1413980
50008
388158
1982238
1422862
303201
320233
692587
1244325
1988318
125197
429136
398889
1308767
1387507
306725
1180202
355273
992210
239705
403077
1564914
598235
1064383
1417814
1973968
469126
1572507
430684
1060579
287714
1293142
578019
1262448
1437266
1597018
567764
770217
1869888
1002671
1813627
1988087
114020
47788
650030
705256
154200
874903
1839098
1313996
1901214
814771
758120
189715
1046583
1049294
1033584
1859412
548342
938785
323182
130587
41284
1807092
59990
835421
698813
1009797
1524401
1620067
1005786
287207
219200
721264
662025
353637
58952
1521218
1875768
232319
1329340
1030531
567861
280571
1988163
907664
149731
80854
331205
25671
1011783
389443
624309
645238
1893337
327498
1758301
1720055
985680
592224
800390
1020700
709728
1474000
1620631
253028
122816
477012
1406605
935171
401145
618980
1014744
197188
622894
1270609
1056862
1442497
1298581
1282250
261695
172008
764099
989899
1850345
1991048
1491527
1166584
1917451
236224
1733378
177539
1843454
1274852
486239
1543264
1860148
379981
1020311
1771181
807054
1648296
826578
1539772
179087
1650473
1801941
307143
310891
1648742
753411
1485283
831652
1360459
731522
1432906
19034
1187479
1539521
174434
374885
1699434
957218
1822404
158927
177715
963293
452563
1389279
74548
743537
1248812
370003
102861
985261
202545
1705687
867367
1704792
1892166
497530
563822
1212782
1072572
1856484
1516877
1141692
13603
462875
455273
27789
51995
1864036
1572981
372217
1545683
971830
19651
612126
215639
1251766
765792
837324
609481
631396
1722666
1277444
1127919
1256539
864931
1306284
734112
1324599
1939246
434847
469801
631822
984098
204136
974706
1628282
1123753
61400
1593810
1138507
1324455
575350
266310
1608501
994686
1124441
926124
109396
104551
1233757
1565829
1530999
1107376
1643060
364060
622246
1903876
1436327
938909
72125
985680
1138969
886406
1938086
1907077
1804998
1742005
498139
1202692
1157044
1507751
1624488
1927966
907281
1695884
1009003
1919211
875508
163771
492583
890237
3588
459979
609896
502017
802877
1909145
561353
259368
903943
583296
1561068
1140198
9663
1555284
1016009
601495
245859
720580
1099822
1544805
1824255
1788589
1315899
965262
197068
1148552
98621
695644
95918
607935
1697812
979183
1475253
851244
86024
133262
862988
1689403
934988
978965
614295
1509600
102178
247454
978130
968725
900220
1748718
1100275
215073
386263
953615
1511356
1024157
996435
1437843
1702674
1368882
1473104
1157712
198295
55285
1272969
204941
1166825
1834364
1116012
959186
111181
1101493
942462
1303181
87802
901927
1830739
1512292
698057
833237
290366
1991466
1230917
469922
666716
741782
361057
238545
1295545
85665
983304
1559900
1055973
1774804
793436
1055509
169657
1018344
1438161
335949
1624005
865150
1284256
1090920
1214834
400050
206274
109994
580182
581093
1800349
1135163
340842
341487
471058
1519438
382627
892443
679786
897896
1952435
986060
618755
582579
673412
1010078
768573
1285561
800032
131616
1013306
1047913
74947
1589201
1303885
476196
25039
461431
1561165
376111
1749845
1680567
1007794
452951
1498163
1992518
896090
1577139
302399
148393
1990472
861371
130292
494665
889769
1941785
1553676
866200
1210995
1033152
68008
307832
14855
887384
1246579
1252944
1842355
1897379
614453
561757
1673092
125924
517682
1937398
1391159
103551
172914
509421
232744
854162
1236058
1669074
617184
244902
1588194
1263789
1043363
642846
732482
1920192
661912
1897523
1883176
670995
978866
962560
980525
1530146
1147091
202805
805188
1202313
1506459
1373656
1744991
1909562
221442
621478
1198606
1269486
441318
1773029
1714350
495835
1925358
1754817
1973441
1565904
283486
733313
182389
1915721
1340104
517071
1488358
1881217
156784
749637
430432
1141504
1410434
915427
347938
435244
1226343
1675302
1892036
751514
864498
893323
1104274
753479
699342
508951
1440059
107325
295439
913465
1947214
1218391
1163478
1400535
1266278
1148239
670340
665082
1486936
927465
1237403
1415228
1445069
1943107
1257689
1570082
1051011
1628354
348980
77893
701623
140080
1884989
197741
1049049
1479495
1644287
1247011
12937
566498
686274
1138651
251126
589515
670387
1608322
1993403
1275183
932662
209608
625386
598210
1191603
1826070
958536
1224500
1315933
1374403
1713736
97108
834889
1226647
1797102
1435835
1536152
158344
1626386
1458737
1009333
1244586
1977505
840784
1052933
1255355
1965026
331300
1045378
1470763
944985
1295945
288195
245454
1478283
832340
1813045
14590
345317
808798
492864
1684446
1704714
1912062
1449574
1842060
1245477
1442284
1129373
988610
1105569
1564310
760903
491793
637403
480521
1954196
198611
1257757
1555446
1936905
1614146
267456
1078390
540126
1013010
20169
1258527
230542
995550
1339935
957738
266417
1976542
109195
1621009
1782003
330130
1647189
844605
48786
1153860
1795527
131978
1057186
1768669
1391902
37624
370065
1071919
1507406
68686
305030
566782
1624958
1090919
745632
440696
788911
490871
183524
1976606
1160571
742714
1054733
870408
742316
1980342
1008302
1238588
1358024
1968780
888316
963734
1512956
204918
1793194
135202
1187030
1752265
1538177
981223
953624
1335662
816356
906142
259095
465748
1198792
568899
1812153
890905
61908
1092437
424882
356293
1211888
1454787
709615
321263
369916
365191
1857036
724136
1932561
999830
152437
379510
380767
1164512
845521
1380168
239638
907719
189804
1862733
616083
1784873
999545
1337441
1843940
1681866
126827
1478100
86821
1350248
1973142
1045878
139694
219396
1421222
1163923
987510
960996
1145578
1215446
1622706
795647
1699447
1950200
1163528
1082946
66391
48333
851313
654350
885450
13537
1937673
445634
1775995
1770628
1245909
903190
719268
1915787
1831728
1075051
1127331
1617445
579980
1824103
1325781
1992454
1070758
1142509
224984
619020
174191
41101
181615
211440
64764
1188688
1569214
1995226
1401503
570621
1742957
1939515
723186
997959
289648
683601
316967
331650
1998509
708226
212922
862841
1559585
700640
1139518
1886359
1096191
1264395
1194277
873471
563652
835838
1316246
522336
198760
1059316
485697
1562078
1264095
303151
132814
1190667
1772342
1523509
198477
204739
1393532
121209
1234450
1474541
254607
1734035
209362
1164368
1602371
1979642
1044
1008463
1692973
541719
653743
1608482
733736
711575
452006
1857991
383207
1323400
622463
1576189
1054174
1055356
679322
262505
39422
1752424
491201
929082
1143590
1676912
1624313
1500480
1100582
1724801
702807
225342
1692541
1441332
40727
1203158
969575
564815
992905
1756464
596607
113712
1304421
1720390
1708831
1930411
1217798
589034
261647
296656
1587980
1028215
1424150
1458001
1538252
1925294
27373
1635744
1083582
396579
78605
1036450
553397
1100305
23945
298890
369860
1275732
1734557
908217
566272
206896
1723496
527552
934577
630563
1476276
629612
1799345
1738067
902255
1359020
893229
1738678
1904716
1382417
615260
291068
175639
1270377
1529596
605231
966779
1725460
1977921
256547
1351409
1422008
1599292
540680
1780522
1862233
627930
592202
400539
3933
887134
1720142
1267083
116462
471490
1571604
1089311
378698
1761592
242554
278451
805043
976824
1386422
247202
1823539
716381
1108979
1750848
1783139
222987
435500
858906
977552
920248
406008
1804247
1398131
1911033
1245582
3546
1224856
1825653
1113893
115620
481272
1202420
539306
1484210
1867136
643714
1575259
6900
1765600
675170
1984854
1976816
1749648
908195
562293
1451877
1322689
78606
1461223
735992
398488
1743089
33273
1199944
408886
1150231
590185
