1521933
382764
490746
554464
528215
1891336
1788937
1135493
747831
228228
1391676
805888
7878
1236098
1829774
1704647
1787910
1758905
1510894
439802
426135
581015
529114
633607
1143265
319172
894182
1690377
509431
1271622
1553324
870653
1390536
1241670
407380
962112
17906
1440621
1410295
1666534
1951330
1911641
177295
962484
1608439
1573953
1329774
78299
798259
765717
227416
208431
1911461
1123321
461181
1482046
444426
653036
1346688
986300
1339075
1400541
607134
579112
476002
1155627
664838
608893
1889399
1387606
79984
1773939
1663102
765117
1925376
209405
1111184
1098612
1413501
695226
762567
1111582
1773648
1921541
1415853
332867
1148980
51143
1607472
1091240
1860275
1670767
1676601
695698
1268824
471524
1339802
1858115
48161
1851343
60040
540260
1852239
1003758
1942776
1688562
1833332
889060
1135775
888169
1917984
90115
703925
1646245
961895
617980
1332829
730392
1271477
1158201
1336241
296806
896094
1515163
1412151
1789039
1915120
822859
1151035
1923345
1415055
1949422
474725
1672316
1919081
1050872
225061
1700346
429298
253739
558685
25735
1618366
597111
1655757
489041
839979
1000353
659779
1450268
334944
621180
588353
1280195
765472
301533
1154740
1080605
1552682
106066
845942
1931737
1230545
447261
908322
687942
1999636
1705100
1081007
1771915
990694
1723541
331246
1577533
949352
976298
808998
771750
317234
113358
794846
1731561
401366
1787712
1138004
1369856
102594
445257
322991
345405
1775962
719397
655529
471162
483130
16489
423756
1908358
992749
1781827
494678
299061
307317
18783
1311568
1151739
796735
1105388
1941267
1277693
1397611
1924129
616507
657513
1512123
988222
475840
970661
1349243
203377
260743
962424
1492112
1954575
1150730
1160635
1847694
740501
123552
1986784
1804327
1066187
1269557
1890512
589758
600448
1689676
1224578
187764
1883248
1487309
1194994
45435
627194
733368
607468
336978
358690
313324
1904617
1547542
256291
832176
772980
640478
1758010
19479
621290
10586
374585
452818
1150231
1740399
383633
250658
83496
742548
307750
71942
1129002
995380
983766
1845153
456203
530088
1450481
871327
871956
23026
1696277
603469
1804242
1913338
839152
1059981
667485
1472831
270832
1850199
435200
1467228
1554055
308330
1679262
151696
319698
1709458
670149
833678
1711193
429176
431454
976886
744872
103721
586674
305040
469364
1024513
1389903
67879
731648
317713
779476
562133
1674289
1537939
1291912
1788272
37707
886426
22784
143404
835914
1813423
1137565
1573044
581937
1071842
1231596
838154
1063389
1208018
399255
818272
964934
999826
987743
772267
613067
499846
974174
967429
1613353
1502326
730351
160417
910244
482134
343835
1395343
607755
412148
1126515
1454344
872243
375028
1653001
886831
1403506
1770635
1877943
387834
781268
193899
1086017
115772
75650
1607603
667082
404562
461067
1635847
649995
1094927
69527
41103
449883
1913716
1991222
1305812
942562
1989417
885915
566845
1688830
310517
1604421
519442
1783745
1390265
471989
1322460
783843
1014673
762132
679226
1313598
1875024
1964255
911966
1590671
1849324
1284094
1273291
275263
1658069
23306
357009
1194442
1600823
1065370
1726278
1798624
979595
1556133
582302
1754756
75404
1442103
1068904
1861783
1581694
708737
678026
453785
673978
1782370
1208897
983254
1231201
1645242
957407
342171
1665352
738166
1436778
1397153
1678129
1154167
1287467
1409978
347321
64115
85237
1564764
1809684
1488486
1459372
209510
1841736
1763344
1359737
13232
98650
305974
462961
526652
1628240
1610010
671174
58239
462863
724214
1052335
301940
973332
1084863
1160930
1502158
1776411
1418514
1331609
1067101
58206
327600
621215
665428
335189
74676
1210
1199895
1563640
511443
307362
1752372
105865
1433726
177780
179163
1561780
906187
1632546
908626
872947
1828421
553208
201683
929214
1082725
1256844
1882472
115177
379505
683780
994017
797118
221832
322439
1956224
1081586
1514396
762922
222870
1761676
701794
785842
646124
1123649
707020
1441550
472065
1113511
295693
973289
1319798
1529439
1248693
1602096
1144999
662202
287891
1335761
134523
366635
1039967
176241
338543
1943004
1816022
1424842
1690305
487130
1892333
1859749
433461
649923
962212
1407875
133568
1199434
1080953
1641043
1300913
1283025
761191
700830
747153
272924
283399
855009
1885276
1077037
1784763
1083232
1469886
904647
1954618
660193
1677228
422381
43281
1544031
1184131
1899164
166410
1922624
86574
1966878
1594481
918230
680546
105056
962313
948241
127912
1627934
864556
1890052
805515
1547980
514473
1338240
396763
845595
386742
163818
1846333
16849
254362
1710295
632058
685477
501975
1781856
662420
552626
1715145
1931595
504040
1046442
498787
480576
247881
1689833
1159016
1539727
1839515
233085
1282648
1379480
1275196
1995485
1444236
980828
1505963
1768603
489571
1356867
1574462
660366
801409
638767
693835
1874077
1383466
340416
1297213
407910
436684
1060380
115609
373382
1162386
887290
152339
810036
291809
441763
117727
720340
1985957
794601
799645
161658
477421
536657
1265507
1267046
226821
823041
76418
172084
1410494
921669
450063
1559876
690540
1877844
306189
628224
1547704
209344
187139
1951295
1686743
763602
1985393
1237415
1808120
1562399
1046513
1708986
1713610
599285
1861243
1760246
247266
512043
1618975
1816457
1765560
1945137
1064624
38476
1965426
1576369
1436725
1889450
616160
1573108
204231
1624271
861428
1460236
1750647
1036848
1549982
777073
1095108
1776321
1766896
943174
466966
824887
1489049
728899
1710397
1079077
1190775
1000507
412268
1629551
1206925
1514350
1700142
1270268
1763240
1405867
594333
1267864
370432
864417
258489
784857
1935516
787160
329498
1634669
1374104
1379302
24783
1887722
535258
1970739
1014877
1627123
1327184
652894
1364279
1789576
614170
1988645
500589
995493
1686035
1995516
981748
1423942
1633919
1011090
965611
401406
1432344
329476
882272
422756
1971137
1494645
1853337
825988
1218319
1494833
1505235
1991522
237911
1982004
1400347
1568182
1739471
96036
149820
402754
1628163
1978538
927959
817372
1093131
401363
193696
1186660
1476456
966354
1607182
1125735
911153
1603596
577654
1752110
524193
828950
1467509
1271114
1177925
921960
1058944
1197873
635899
607928
1848551
1674160
1240622
659605
96223
810532
367375
977469
895481
975253
1582366
1335477
1750518
1398952
146120
1805061
686833
102963
1027543
589430
40353
1363197
1486382
425181
72623
761214
1754414
256899
581230
1321897
1238458
1866212
9751
1554046
123645
1886059
1186755
1499
36476
1139633
860926
1124442
246155
1002451
369774
923825
1334324
1192105
1285505
1767781
989891
352125
8594
1171872
858465
445394
190496
656896
1779016
1038883
906282
440013
526075
122613
108289
789251
2815
740705
1016919
358482
522106
552755
441197
1540521
295078
338877
526673
879967
967829
431144
179584
81669
622182
378981
383658
369819
1444915
735525
874100
545697
953780
1137843
296350
1866349
1417128
562714
714256
864305
84849
36693
4749
1957844
1953990
1732076
562335
276511
1241971
357957
1775469
1188148
1591063
325673
1307709
225608
1695592
1399469
1568829
1103340
1748735
480106
1549552
633760
34543
964523
1422372
1310717
685977
1875327
1481933
549221
1029588
1747429
440671
696273
1975283
264987
209291
1177635
1637732
487166
720033
78861
774088
200952
1158761
1046079
332973
823899
1990006
1565655
832258
524759
770452
55597
630037
1022545
1497171
31607
1440577
354340
1743075
1064903
1819404
424772
1466091
96953
770560
808340
1152923
1195160
432347
755096
1529593
1846611
1701985
1185893
1016285
1834369
1638251
1286754
78538
1510103
1881022
1613216
210595
269612
125208
1838332
217482
1322465
437375
870628
257142
747085
587301
1947452
1662950
1507879
873923
1275022
984198
1998327
1607661
459531
786930
1860453
1754416
1908061
851230
802740
1249010
534127
1896627
33055
436582
172863
616321
746814
1692927
592906
806870
758279
1410562
859731
243420
1483075
950581
1093882
1389525
1083833
1469800
942051
31045
758231
404368
666971
349938
1929531
1935609
690111
1593474
998643
1222349
640545
1762034
433617
386990
1243558
709501
134292
267341
928903
140748
52684
372595
1155614
378094
927902
1136085
1466961
457020
902393
1081901
1667703
892379
399313
179919
91845
273426
79882
690046
1101766
296214
1593606
418830
535724
501303
1719260
1404269
634974
1594985
930345
438218
405327
650939
190942
644208
510267
1858407
1738656
1346619
344601
1728084
4184
1991894
1763990
1710132
1030712
1312958
1980148
956298
311211
1367690
531747
275712
1191055
334732
26786
1852146
1018791
686133
1397483
1307379
170905
1546688
1037137
687363
1267483
673150
1652995
1048140
950894
1405800
515459
443505
562303
264984
1246370
887410
818579
20592
1362401
837734
1840286
706343
1679820
347916
791439
1255353
1753482
496871
1407516
836852
1776260
1900378
970967
1113648
1279788
839973
1337414
1151568
778981
1946044
739050
1932949
720099
1208480
44162
1714580
589642
280685
1939151
270032
1640195
993259
1045398
75704
560699
1552897
1296119
1306603
1948131
58014
1792875
1061649
826980
425344
33959
1569741
1711810
277181
1677426
1808909
274280
221794
512670
942480
1074305
871164
978915
661447
722116
1954023
307856
603419
631375
983652
1711293
1533477
1494763
158596
809265
1943864
1485751
1262108
223285
53421
405160
1752627
711887
719691
183209
189572
1883955
669108
158822
1558357
1238809
832091
1752579
992319
1470914
610405
1010074
1870440
1779594
236522
225951
1067569
1056440
703915
629766
160526
803924
214559
1858245
1515471
360523
1775612
1064442
1865112
1785599
791273
924148
1406407
1535954
847291
52822
191356
211511
543427
527914
765126
781142
1183447
159835
1007214
300109
1209988
1109618
579466
855941
1854217
1284900
1140781
713859
1541475
1121714
1698589
621293
1413691
191229
883826
1662201
1921780
1383345
1253724
583512
1322511
1052185
1333164
801179
458658
412675
186030
1516544
1864161
841946
1036663
487762
202421
1092396
1317425
989635
1031703
419474
931021
730873
1146866
26566
1807348
432200
1904562
112240
1946462
509898
384646
735234
1649958
1314426
1204190
1898820
985401
1536909
568072
1855502
348093
949025
1912173
1048953
404122
952396
117773
1934908
1351782
354828
1809900
1075624
1039164
1460332
1261494
1359793
991081
100464
50954
1880854
11822
22769
1137108
1768880
1950024
491254
1244685
1952310
873458
1798890
1811700
1298375
347058
830948
47146
88044
530813
1869272
1480571
112370
1677819
498639
462925
706547
568112
834573
1798814
36644
752906
1006078
1609875
664130
64075
835452
102625
1009691
1851709
1522643
1410538
1349204
796112
818545
564710
1546265
1370154
577867
83818
134396
1399813
660426
1960126
1181221
1513748
137052
385655
677080
601474
365627
1917528
1875798
1428780
1728241
78271
1453361
359689
1727866
581094
978908
429905
241641
1145198
1101457
1867262
1214710
1160141
419507
448352
1555187
500528
23395
755489
765845
272002
1526429
622973
338931
1352617
1721846
427639
926319
1793505
1656991
1995969
1481658
455226
455630
1051278
144585
381589
466927
1226420
562685
1149513
1608913
159192
1383945
1990776
317164
922211
214078
1448185
135561
1661332
441152
1598589
461435
1622257
558234
1559449
1801278
426512
1408441
695699
1702632
881455
422152
292795
190584
94761
1103601
72076
1459292
260691
365893
1059452
838686
388798
1102803
340691
496603
605268
78720
1665651
1663369
850
1734426
953252
751984
1122109
138244
1246907
1690421
1346429
353368
1412294
236675
429941
45161
1564290
1262976
466846
760973
884672
176315
1402351
801825
169370
1805861
200257
552462
1636347
166986
675271
344021
1285816
887125
266186
1675755
130947
1767752
1755436
1058975
418907
469192
702646
1240596
877388
1405524
1069287
1143115
695777
730840
795914
1318989
1296495
586644
1510905
956666
623259
1412473
178203
1080156
623391
1542463
24366
1169256
156921
1924550
1876328
1315267
1700388
595975
1279126
1198553
1171039
1230846
193255
522984
638005
1954630
247131
872170
591727
978749
1691983
1489432
1305524
1828917
506335
1417134
499434
842329
1010195
753585
1658526
601157
53673
1310297
1490901
1987232
1871583
1322623
1468160
549579
192754
1319404
1869040
448651
756294
270238
691373
658042
993560
698064
176330
624256
742334
1901192
806049
1125334
1187652
609989
1613812
183755
1719838
1229222
190402
845979
1435749
1015590
1651772
133266
669850
1865743
311528
1298467
852768
1895270
594734
544256
605020
8522
56936
169112
1345231
1297191
229283
2312
660152
699462
480570
1062907
1752260
572009
1082815
945927
1037033
81930
630793
1365401
859756
1975249
1838129
660378
1856102
1705115
956091
1015165
1975365
150930
753917
1116799
902500
1188085
1878497
1979730
1514935
77202
223152
101313
892257
304469
1301995
447087
1986868
1963552
283452
1150556
1359513
322957
953050
842012
1241823
1815978
81773
1472561
1221244
221175
1769145
1490444
765219
983462
1244138
1868863
1149212
1029184
1583103
1962156
858147
1095937
708311
1577644
957582
272705
873332
858249
1266349
131928
969295
242184
1525163
1197288
1609239
1761678
1623827
1328620
1403255
917533
4878
861981
1160122
1031779
1497176
683278
165655
365754
1470609
541730
1555757
1109185
1410841
1939988
1177715
1847605
719802
883544
348073
1061076
844470
387004
1495895
686072
1916621
73300
737826
1082423
1176048
1397367
1048856
1219722
1975370
404874
750734
948961
205871
1468689
1192501
490925
350300
520865
560839
1288700
728907
1884762
168766
812229
144894
1838613
1985334
1083386
1709985
320441
814096
1531356
1638009
1149459
1756790
1552727
1699392
1223623
444041
97190
1636493
601921
740175
1746801
539723
277023
518331
1897111
507160
781016
1406609
65356
1833430
73378
1832266
1859971
1891818
492342
1238139
1562750
1197154
1744639
863206
1837782
597205
800469
1786247
1826337
806843
1427122
1035614
1270274
1141034
531659
345221
188726
675963
840551
1752660
365498
933266
338440
1974450
452903
423061
498016
795523
973666
1609576
1926430
1939890
561788
1335435
874336
1465855
1987411
1177466
1032111
57146
890685
530031
717559
325988
1877849
439389
1600636
801195
1700015
219647
1153476
279366
49399
337034
1072863
760147
1148926
1163348
759311
1687939
473145
135508
1778515
1202625
1233752
991929
746160
1150117
1476225
1406622
1244439
1459355
787067
1836986
1647842
555907
829722
1247203
1120864
343534
324809
778304
338756
65589
1201114
1346805
1934575
417705
952551
1386989
1366205
1069659
1355790
1486101
1524816
876074
1932927
221552
146460
1047978
1407619
670390
1772980
811363
691517
1288424
875208
1785178
997640
1863630
981143
1207946
1472881
1934044
1375670
13793
1700507
848907
1158841
1250753
976169
122742
917247
72246
398504
1831466
1976145
381960
1591053
1888495
1036855
1406526
687131
1419689
921095
630748
835444
1849492
366239
1148286
381331
862818
906784
1114892
1569933
1739468
315363
1427375
1750682
899311
193222
1014785
401599
932089
1305348
1083964
183972
227717
689791
1729843
1843408
1652533
57992
304924
1274691
1777812
325591
1181170
317548
1800111
387230
464076
435427
120095
452952
221259
569430
1496776
1255470
1213818
1183147
1349450
44877
1675130
989478
926235
1105643
57888
272392
1403508
28374
1781322
1263940
714250
1088360
678660
515169
1479505
723042
1861507
1971362
1788390
663788
884669
857316
1554996
641849
1629676
177459
750365
1382605
1832571
1891133
359749
237240
1380223
1163432
735226
991835
317685
1645741
955006
1339463
1015875
98087
1598751
1208547
122963
1395756
531505
839757
1255975
1998599
12356
324622
921746
1963596
191067
1510979
417267
778756
588947
1126339
166671
1821601
1502180
757043
1022720
1421602
1392794
1679407
424396
1280016
1258546
486961
1607309
1825929
303295
1215504
312695
696964
366735
121725
1638059
1356581
358150
1680633
1068463
166551
725586
361660
1250633
1863598
570760
314431
293204
1172766
187231
1894222
674911
238716
432638
1662123
1318973
366817
1567920
1417156
1883870
1480759
1255619
50576
1143439
1599685
961256
759247
475551
1044090
181751
428810
682934
1352046
1557802
874255
755880
320229
427182
1734921
1660663
522104
1626056
1232037
798671
1063892
582479
462198
231099
598335
1258885
1382779
1594041
513704
289335
1419006
1736025
546308
560527
1673871
1682920
461712
857636
245493
195647
724297
130967
486839
114586
553480
1241702
599585
731173
37423
1594897
945072
56287
1225668
892422
1422920
1437614
10962
1884390
1020411
1718418
1676996
1807524
523891
1458733
1486779
1107505
977379
634744
375965
756567
1328435
136471
1222913
1884341
62463
928471
1284835
1949383
1319926
1188091
1457848
658016
961506
7562
229808
579574
485841
935600
795773
57928
835197
577339
1047265
1071028
438493
1682171
353019
1877537
1195067
524745
97009
1980301
1951950
955360
1089044
1159074
1091465
55608
1684792
1773308
1658874
253686
10196
417807
671909
1820880
706415
1351942
1334028
1769036
1071601
1927808
1380885
1310220
1488084
624938
514223
1807346
1020453
980403
1464443
183076
1721015
669200
40714
1581218
1159584
1524792
1876216
343373
170713
1718801
1452861
1775559
1683863
559728
1641842
638467
1158373
75678
1544483
33356
1506387
1989463
475905
897610
332080
1239932
728207
601725
1775414
622458
1299230
82860
2975
1090483
902191
228739
1393505
335951
1149518
1340030
1870282
844475
1825023
141714
1478406
1626077
1973056
915796
267312
1235327
699061
421902
1658154
332187
401601
1759777
773761
671861
1586195
1498776
940213
1705046
899042
1838588
747899
612167
158867
303591
1158248
27627
1023175
322910
456660
1942
1761157
1144306
1426739
1858055
1010528
1494082
884486
1326534
192953
1665055
1709120
204614
1115538
993469
890759
1801932
238304
1283004
1760000
1882859
1164921
112081
1487732
649093
1463953
1302984
1284333
965780
545611
722206
75946
1359619
1965566
1172992
642929
912557
1619512
609416
810424
23079
252165
1969155
846873
1045498
1263715
661167
1596170
854232
1302147
112742
929618
325536
1311957
127216
824197
973894
1068370
1033451
1184723
494235
888209
1819829
1652654
1164877
1558295
771888
1979849
70119
527418
426268
1429646
1337574
109124
1431242
588246
1385794
259245
23261
997855
930625
1329541
1002622
1855732
898138
1497750
1519147
860680
1576058
925635
1483237
1667796
1971412
485703
151546
1765099
1205791
523750
174770
1797995
1465005
92007
155989
28971
528809
281769
1563451
1320246
1355402
1828206
108871
1750232
1995483
1358787
855781
1928353
1011214
129795
1430567
1053097
544305
252369
1226453
1464315
1229034
1242791
1258217
1686234
1639782
1358564
90892
1592941
706088
1679342
1400514
584948
311616
1205621
517274
562725
1019131
521180
719559
1429806
1540202
1668617
703258
1738248
979286
536248
718327
261819
440230
688037
1378248
1947703
597609
202653
666868
1476706
1922875
1466247
630632
1473682
942075
700276
1932747
115339
204719
1143167
1277250
671101
320639
1589375
1384696
638051
1165704
165874
1827827
180219
1858128
1844615
956567
202887
794370
726000
779692
1206496
887254
824886
1127992
155852
1177425
792912
941393
288201
1398952
253587
284356
612572
312415
1773821
1932304
1696319
1221584
1426730
1090949
832638
1260426
76738
886520
717739
594228
1073117
1354455
1727954
1297959
1463288
1634980
955630
713498
1599858
919627
858224
1310083
1823307
611367
765724
1157493
1362898
1367655
958454
1877506
57805
1460717
952747
52253
1497531
1455323
1157460
1720699
625887
672143
318221
1137212
1021837
806193
1944335
1478718
1363425
374990
1974144
1052852
1522509
172020
1391292
431097
1849709
46872
1724921
802034
1126931
1589243
1039444
1647258
1492497
372301
1773507
745631
1856911
61841
1792589
1096672
372776
452510
97874
1231031
1242355
38470
551589
705669
123356
879231
1925350
514366
417147
826660
1502347
254472
1624466
1523175
1809184
249514
641008
1947444
58233
626614
898281
382958
319563
383236
1249028
568861
301286
1154336
16419
604196
861272
104896
1481106
1746832
893234
1747240
1196637
1383570
544653
1477500
1873593
1577904
1477722
183190
81859
770055
7300
875060
1516700
1283288
1349724
1537885
1498434
1716341
1708762
1423736
278571
541333
94791
1526225
1404713
646162
1353118
796553
1850013
1669424
24592
887831
128559
1970485
1051025
760149
352963
1866274
596584
336801
1047119
60127
1735725
354549
1655415
399406
1027790
732839
892757
586942
1617685
9171
1717846
638905
283682
877673
587187
65530
1888799
1406915
414107
232168
194525
1026378
998037
856680
1156147
804307
857529
937602
768641
1711323
1457169
1388111
622490
1755544
1983988
878532
1225479
250084
1765685
716232
980544
633960
1312548
219979
1873253
1462519
692398
1689637
71975
1428778
692306
419291
1532767
721538
1760632
1298043
336290
425658
1708096
40437
592884
1298113
1152205
862750
678340
1209812
1319578
835384
250910
989698
1622885
599085
1647139
464188
527891
58386
727748
553176
1838864
1242013
334795
1814292
1548174
538387
934264
1257436
114824
848413
1370337
494861
556955
1866523
1421466
44943
1848610
789212
1153464
338492
1034712
1504935
929542
545342
307194
781299
1560721
1303808
1420781
1470502
1947831
376577
1495010
554616
479631
517981
654297
1416166
882729
1339104
1747890
996167
814240
1177263
483165
431364
1521407
1693670
845828
1937965
922949
1746920
20940
667696
1900318
361783
154790
628675
1848593
996832
624468
445168
1842868
1144839
1721063
971117
311954
1452385
157098
984464
1955763
915268
857585
1170930
1441732
899418
1504624
194588
1415469
1153977
1653250
1024406
1421306
14083
1740619
1423965
918081
1359059
769585
107963
29785
627300
210814
1652024
1571238
4595
883088
704366
1685139
1266035
756032
132202
1587602
1487980
13898
1596939
1099512
1684217
22670
498517
1679836
1782760
1541362
199504
455396
1497391
457601
583591
1537828
1860830
1514533
680310
1243074
402123
493949
20301
1364716
1232980
1665818
602141
1369273
1606838
1267843
283120
1400248
1879746
1573852
1036406
237635
1275857
1676711
291366
573808
796822
289324
723334
658816
1870251
756354
822204
458346
127203
1878744
6280
645742
196064
998948
1007621
1530733
1319450
1677608
419521
1152241
20527
1986880
16409
1477583
1929052
1745406
3473
1506142
1014843
911821
1079007
330072
1609694
1125361
1301689
525513
977473
212267
362728
595285
913707
698981
1191353
776399
1568707
725589
18677
1393518
1672317
223814
1061654
1972276
274292
497028
1238842
1278211
1265875
947729
929421
369018
1664734
1679416
593792
809325
530525
768321
977206
1918083
114412
1765223
568727
788381
1231070
397334
820878
1400568
177839
1306660
1273086
1873876
1119404
1337418
624617
1821590
382358
1811625
1267558
1136255
153118
1596008
416561
869475
1041320
331394
1263780
1037918
1106172
360662
1822346
449452
1754449
1357253
1247725
955233
1303874
596013
227032
171562
1613379
1720276
1543810
1893871
418978
1406451
1461660
1965762
1208766
1023678
1464475
867768
210587
454606
223250
1271172
1872217
1437903
343947
753482
936321
338819
910659
1596168
1714999
1465777
1951920
276964
1159494
1171447
1343342
1648356
888709
1323663
27497
40922
1710791
704350
409385
199712
1319887
611471
1897282
402206
1050558
852080
348309
1347983
37705
1002010
499415
1167927
210429
1367030
870247
243482
1736631
1138756
1738557
1735335
1743632
975684
940747
1390017
1875583
439378
1208070
1248762
1198125
471055
964700
1081182
171376
1913249
257233
1440137
111196
218248
280917
79540
1382752
170289
59042
820454
817153
949572
1693236
306481
1412635
326510
1649249
1753060
1015163
1528389
1992466
299777
1355124
852420
1764520
49220
64895
1818671
890260
462696
442167
1775165
113479
1050410
1578987
774232
1071421
1757192
1919419
655257
206821
1462050
1151788
277411
249772
1251664
1049925
1087163
361419
917129
1492653
735266
939732
723219
1304435
752565
1155164
1188537
526976
1562216
943051
1106120
1876318
1489201
399212
326996
1154766
1443680
1717116
1321670
1549412
265342
517076
490920
724935
766385
901109
249035
1024673
741675
1573245
1489493
1221311
458568
312490
1951696
1171005
277024
182218
866291
707396
690964
69130
1567549
1195186
25970
1735706
840173
400903
1076003
304440
1735992
288831
369698
1169211
555800
312978
1088470
982446
1636540
1023761
546902
867269
133466
537062
1758693
473059
850896
836529
494766
1345345
792104
391224
1680058
680939
900154
1160977
1515062
68024
34648
1319067
307910
111615
1872273
667206
323914
1744484
234407
1481161
866369
312984
320614
770471
55834
135126
491259
1220608
1669763
1291298
752968
763227
16697
1233042
712716
1295028
1700899
813669
931738
1806309
86454
625849
1889950
1814975
773663
1656171
522517
1000642
1971199
1763949
222790
841012
245657
1508370
1578475
225396
676568
1524037
1262356
996280
78894
1418242
309625
1515719
870554
1195170
264330
1509033
1137367
952502
660517
507412
682710
119447
538578
1351076
1751385
1639822
1385347
919818
1700336
1225078
959380
1684261
897021
996835
624144
336322
1420226
1352154
1581561
1613007
1367602
1645357
1057552
857579
982808
1274520
1389897
1214609
63834
1946272
752631
1143551
1416877
1611391
1547460
567222
612086
1778374
1340099
1562138
1810122
1893377
639755
1542806
851061
1639350
150957
932073
1733574
1435487
1749535
544714
686044
784636
961295
1416171
979906
443372
49136
18133
330645
1825529
48163
1182744
966993
937637
1196970
1141131
1455612
1563600
1207219
531123
1582086
82248
1978271
576220
980981
952496
295765
1723665
231362
272460
1535051
818661
1812085
88806
117211
656300
957103
181254
355156
149680
733775
443515
170676
721586
968464
991108
1226183
942046
1942566
1882214
181511
1239032
1264411
945331
936214
402865
1126304
1373976
1539546
1524903
1536758
1369456
820716
373018
664102
1281114
1796379
1577373
1119228
1811168
752432
638318
298779
704874
1053458
581488
406679
1934408
833309
800777
750632
330031
1868731
1660262
1131743
511970
1976793
1740859
1693064
1008694
1042776
644763
899116
107223
200082
1543244
1007205
1499134
1650526
363331
578853
628782
482432
72727
384387
1966619
402160
12384
1948962
546019
1033317
1059092
1111244
875265
911078
818345
1510056
1017787
1035119
677164
1025958
273175
418878
1584410
667127
1251241
1184344
1396029
419498
1974732
168074
415045
487816
424657
364104
464615
1864903
1055413
1732626
41903
1934521
80750
1540712
995553
1598357
860077
1211506
1801761
1478057
74905
49688
583834
788458
1698797
1487253
277825
1322105
1985231
1804931
1274504
235229
1897143
1932090
40244
1859296
501415
672123
411200
1499535
994294
715571
1055039
1438683
1019278
1677633
210573
183231
497747
1517246
1439341
1582549
1203075
1098663
47370
1965363
390649
254664
1373202
1393626
829718
1752189
1768857
263111
1105285
1615394
888313
707553
1292030
1173070
60456
1379765
1827091
286282
963804
1118084
1527930
1965188
1020867
172503
1406699
1191723
527730
1034548
1409182
622751
716448
1890952
1002017
1708766
1964412
1884423
1100627
369850
1217027
701444
1009490
1258354
115427
990822
597975
1953055
1593283
812354
1840937
381497
432594
653195
528183
620425
1683154
1308776
986267
1085048
423598
1019834
682914
1837021
1528887
1110237
1259272
568791
1206199
1552520
1378062
39511
1693224
1847997
1129817
1654781
117849
133706
350153
249943
931975
1890817
1998204
1308995
1341879
1147752
1004594
357404
25489
1480786
292900
1462739
1876551
715695
1181206
903623
1166528
17381
147916
251762
544797
365053
619070
782833
701311
567148
42371
1945564
104781
673734
288904
649549
968328
1535048
31720
1612979
1630005
586968
1034240
72686
1429624
1412683
210365
355925
181216
427951
1572557
1612734
404988
1715252
918713
919357
211238
1146289
174857
1049462
383724
1016532
1425312
1433135
254275
1098025
1801837
884122
431958
356251
804822
1317105
1155399
422272
196831
1940531
1240905
893456
505560
725867
1406836
888248
625609
127591
1559840
1580607
197062
406473
1094952
1239597
1093293
1807323
989742
790523
959724
881800
1866074
511146
1981651
1822225
1527731
10161
1791361
1678317
1229109
728346
543517
821448
542760
141649
562244
1985273
1799769
1679365
996502
921706
851251
214040
1766655
1229319
905910
909883
786723
249772
810945
1635140
282349
1060348
683737
835647
1520397
51335
517762
783888
752328
771871
1818723
1568453
743667
1379974
1591448
699730
237067
1935149
1391702
112036
1966521
1005118
1670901
1395525
1099950
1162943
331341
261377
22806
441657
1418335
486538
1310620
1666796
459682
1763776
1384563
1118055
1781932
1860768
1652707
174546
1286975
1600583
699465
1162103
1304804
767618
1835351
623799
1995854
197399
608504
1021821
326308
361985
908594
267233
1459848
1245898
647482
1020591
1497553
1444673
622716
491785
611525
1401669
982435
244471
677936
870845
438924
1613954
1030951
1000771
580731
1589516
876218
633862
1775210
161140
1758264
1677532
649109
684690
413985
835866
14448
1215793
1534780
969065
702179
472618
1779321
549888
112711
894605
1681211
563563
1545578
1687970
1008387
1933814
1334241
1063029
811470
1139283
1737457
1433277
706956
807316
65756
594412
270706
1606243
814771
498444
1815104
241203
1586501
1337804
1017835
1595118
747655
1138094
1222977
892969
90702
1144376
1198196
77072
313519
1532884
319856
258482
1673218
1015547
809780
1989488
1934594
256364
47045
375062
1152982
365207
180885
1115857
1615507
1249490
1888321
811108
1302726
348224
570721
889844
529589
372764
1393464
1844384
1918631
1494197
847238
1222663
807303
259564
1984301
563340
380812
163431
1606418
823690
1041271
1725631
65415
81387
799187
76208
248408
1953119
1115392
1231106
632019
574571
1896640
929988
281833
1207220
628339
960701
767415
363519
1478354
1291469
376491
234781
373131
1888329
1240872
1600339
1710871
1985481
602557
650664
1532903
233402
710658
335563
1577566
1122080
247660
572829
224037
1160776
1265191
1340001
1848875
786566
1049289
872606
1013212
795209
1849731
1559443
480527
688357
1026992
647799
1851928
1280850
1458737
1251514
131691
427731
386010
1749134
727230
1787808
214798
509049
1021758
354013
1576341
1092549
1328202
1641595
702488
1031176
10602
671247
554414
557906
1450483
1699273
483714
1404964
541925
750162
1495879
1084042
1169165
1168676
1655763
1027518
437524
774081
1448933
999006
241169
337078
1737288
688243
121785
99104
107054
14805
1641570
276048
9737
432699
509772
1844970
1711924
1990320
1476568
331918
1074486
349713
1580874
1149258
1421263
1767164
1086434
604165
1864151
1144487
1048413
638265
1770947
290787
341974
1812133
1950182
1886815
1470082
1341004
770598
1953892
1631110
715883
1592110
1476172
1172994
1252058
1814726
1490052
1113771
1532403
1904308
1884238
477658
108246
1007966
339567
980951
1890940
1536415
773434
1224041
1902131
280501
1528027
1361273
1214456
1849246
1002380
275438
1247428
1803787
667275
1777523
1618635
264611
1815835
1712451
1391992
699199
711907
95263
1644040
192863
1787419
877071
1360247
589607
543543
155997
1755986
1829816
686102
811411
1459062
193117
1763154
1030396
1299854
1162203
1519274
1190131
1792530
1506197
1373654
1075569
635179
1136275
1735381
1030894
1485944
694177
1902407
726736
1088418
755547
1719074
379712
1727550
905202
1457945
1304903
916809
1833273
937744
1755702
64318
1800666
730217
1491930
1788602
1839466
1815052
1926353
447169
31749
1503080
1818128
1186441
964117
1250417
179169
319347
1676839
1582434
511850
940354
758903
1376959
821478
1526196
1746878
59470
686922
1913936
1544207
1326204
455207
1130921
1772411
1836733
1638729
1653161
1041654
605703
1428890
598582
1602940
542233
253810
1707900
544353
293838
781653
1163280
1823096
184047
1991766
769746
561355
873857
1366927
447902
1250979
1773415
425038
1761545
432665
21414
1048212
1429055
1706864
123883
1956465
1249933
1757841
1392780
438561
1205521
906223
814426
1695055
1222468
1549522
278563
1628241
1693786
847625
708409
1581073
185759
252806
1181573
1315134
1011644
6403
190817
1461251
290673
294612
1281891
1776754
1403218
921023
528552
1478573
810034
879794
1927665
1742567
669621
1479376
1510115
1418476
1938146
1896018
540120
1810167
571873
449651
732080
1923821
1507503
782381
730824
348941
602693
1869309
768827
1605627
1378383
1082626
237080
1780356
918770
175708
1220441
1492745
273109
888281
178358
994461
1507704
1364299
922893
309105
450090
1957572
372096
277140
1839022
1582322
1393023
1073463
113123
1104619
842783
1291819
1515239
1109819
512529
1138162
381116
1182848
1369175
1250793
1243414
1427647
229331
1943960
1578643
340651
332705
1261550
384108
1621341
549234
1745439
1759863
1814468
390363
1814846
1008414
1345316
1270003
937684
944063
1498571
781862
1658729
1136653
1870912
518133
962516
950996
1608073
1144025
60809
597950
1020783
1211549
607669
229560
832352
436929
437220
544504
687186
652050
805188
367326
1249087
1391272
936841
1672514
1923239
1264712
1317086
306656
776279
929970
79565
183487
1816129
1381062
122028
599520
1099735
1792227
1936530
1326990
1103740
1580131
961162
523198
644775
315193
1189209
916065
1483057
28214
1348950
1461094
500111
1301310
1592530
1929134
365009
1109052
1905266
39738
1928495
1140139
1006668
1578176
399575
1039477
1765116
1436184
784468
1151592
1317599
557394
890141
1652012
778276
316832
1205710
1418229
1258292
234443
1210725
917790
1049554
1949473
1600312
77062
82057
993199
105883
1772596
1102193
1633428
1824800
1784078
1931651
1835359
650098
1265407
1572539
536932
1153848
1622913
1557764
1201466
210114
1737182
1260543
1210158
168660
546475
355223
1372992
1706007
1852260
1492358
1710616
662215
1363890
292805
807853
428339
1035531
1252369
299895
226168
841316
341710
35998
996363
1275856
365344
521384
1677777
1866403
56208
1383297
97503
736531
1873734
204387
1671822
1972158
123867
304843
884041
849663
1562768
937000
609434
884404
534111
283485
102159
856517
117242
1271238
1537296
295490
1631957
370087
1692848
575976
563443
1109293
1028625
1548625
45714
1086423
1750779
929056
1815021
1551944
944509
1457024
1332960
1689903
1968300
1098276
320499
972576
253399
359664
287013
1503341
616335
1220182
1281483
371477
52983
1768130
971161
940954
1528240
874340
1894799
204606
586394
1724801
495101
4668
1935512
1051934
1946296
1088087
686109
1837832
1736946
1458438
224997
616132
1418846
573522
838017
925246
324074
738499
308972
1018227
841857
186584
1700447
319428
1197907
868261
125087
1068216
1417615
474932
1559794
198037
1873977
1272789
776009
407796
776101
1077533
326940
1171590
1277970
684235
1236447
1102566
1275135
345163
832118
1692879
1826399
1902030
892447
494487
781833
661258
1253733
1113236
1881172
464525
1245324
981651
609848
1547535
1069277
1429617
616015
187918
1704113
746314
1978534
83787
819652
1034642
780380
167173
1103068
436922
320386
239842
813395
548731
1089880
958393
1757870
1559695
1710096
1511523
794776
1446125
1205437
487757
1534377
1582633
1849919
1290073
1923017
1687175
1586110
1184058
1011694
1840214
545042
608630
607408
898459
874083
631645
953658
298907
1186726
1946448
398085
1489415
1937903
418237
1140161
1969011
460
1933992
1046097
1368467
1847576
1383348
778424
1923341
333113
1331491
401927
477864
1425460
240158
1081231
898897
1554465
215016
1497150
1073112
1641436
137802
756823
1787666
447580
1314393
1033824
814470
1141698
785653
596445
575146
1354854
1137050
1071453
504532
1509084
1047147
69876
809357
1842911
1494007
1734592
1898144
1825653
624063
3674
773529
1528826
1704089
31399
1805394
1944133
570479
771406
1508652
1588718
1856314
811441
1655107
854845
1816848
1433048
25476
60152
1847202
242039
444454
332901
1007818
1934760
1445196
1989293
894469
854679
978259
1916482
1769853
1160409
1556293
1090058
411241
304436
903712
1494221
1278294
1566860
979850
199527
246940
1154171
877178
293108
1581422
1765278
1611553
65391
1217162
1502693
131254
535552
294569
1305289
1383482
1872102
849097
1126845
730030
1783456
977781
1944186
1277295
1900730
1463888
979324
1640586
1104105
1978876
1849814
315941
857943
1788955
1614389
1713540
1254183
337350
722779
81751
220524
352892
838847
554206
1315819
836113
1709502
1793059
1410757
397849
601762
542254
469276
282275
1257085
856963
1298681
1388451
58142
721110
322087
264704
1292793
423912
645181
970038
1733147
1599196
530210
1733273
715661
588761
1179825
1153753
1871638
1187985
1022967
1172885
1548849
1643238
1187315
881399
299526
351328
988001
1282886
1513477
1015460
1276890
1941267
1395319
2022
1889650
1257990
380976
869557
122544
1406155
102574
1919895
1632832
701817
1680171
904505
1857439
1757726
458180
1703330
1740975
59536
468668
294923
1474639
402173
627194
1222335
585831
551190
316040
99071
1581889
466084
1006219
986903
408900
1135202
1005184
1880525
1142156
1656416
1646240
725268
501996
1206096
1585026
805828
815690
511429
315895
1340185
663210
1752193
722731
465228
354907
1105722
74367
619306
1898981
961677
618378
1411446
1820254
1819256
756690
526258
926023
1345253
853584
90952
1421010
1537086
403005
1322221
1909283
1933075
969089
575701
200812
1798604
835191
1712215
1518494
1573725
612749
1457718
1346653
1135152
882853
124544
248686
813665
534566
141367
544318
1118303
1987712
617961
839652
489480
833084
1590267
410390
514659
1284931
1812382
533995
1293747
268243
183891
1422927
793015
1108014
1850312
650799
1125278
382694
420176
935612
324776
658362
1000722
853489
911716
1266274
592876
84112
234269
196539
68943
1157262
1475369
1897734
1937315
192903
313744
1328352
1014226
231332
361948
1518355
1840651
1051673
36018
1088867
1745445
1495888
1078694
659299
892683
1299379
1621642
1001329
676835
1866628
1538270
884321
41176
1249471
1252848
31083
1522712
1384304
485110
557643
773741
1253760
878219
384504
1437995
950984
943794
1243524
627940
361295
867638
960673
588044
525858
111051
127147
599047
636532
958595
351855
1354989
198334
194222
950935
305778
1787352
137205
1028768
1570370
1181094
875161
1834521
479886
1040988
1509281
206860
1772365
1887800
1133542
1734028
1529079
1323676
209876
912597
967807
1004781
1094756
1635663
1579580
1834146
1054550
1732424
1938795
1276800
1101936
96713
1556013
1618539
877486
326828
302753
1880441
1912221
509850
1911196
923710
421924
668933
658295
1118512
792345
1365915
1164122
1487193
1598075
424328
1326223
1256376
1233196
1453256
1621869
754553
950516
939913
1489604
617508
