765042
1709347
353418
155328
1459623
1022352
529247
1975205
1856735
472251
35460
1606692
1356419
868890
448292
293218
1132834
53598
1300819
899156
1540431
767344
839193
110788
1070591
768228
1363553
33916
918808
725740
1623530
765189
1459141
1009863
1323781
435384
485068
1333112
1577582
524036
1980455
386310
900623
850056
1212118
42281
1052461
196998
576602
188186
368243
1102171
625109
747333
95352
1990396
32357
775292
506906
1128200
55092
1102688
340989
1931566
1864603
928547
1538719
1938525
569251
1762433
910808
1409957
182997
544731
730758
1885849
797323
1130488
1306668
1324903
354776
1657430
1252649
701415
1487180
636677
1233645
728557
327210
1375261
1265986
397326
1651508
1900491
138821
955225
1811175
1162847
1409232
1969563
1849456
284908
289259
77653
1804862
1624830
1996678
1302147
1879342
1501542
442768
289852
1497953
524197
358476
739926
96920
311
1652223
1852989
400348
840758
1110003
556067
1891994
988679
310935
417231
193459
532107
1252157
1793265
777292
1770720
1667681
1182030
1763052
1478887
850961
649481
1248539
477978
1812152
139800
771588
197370
1984707
1778356
395762
154707
191215
1503830
1653100
544487
489857
1835994
1563363
1517154
1859166
555069
1183836
1463341
1259076
216653
1655464
1136485
686861
1759219
1037916
803646
188229
235612
138238
152470
453545
1490127
888116
1212173
1301835
565725
1748270
1954519
967339
801482
1164857
1694651
1320350
1625527
1024012
1943392
620096
639236
1422439
92312
968455
530762
930345
1301979
562452
1627160
1077552
649047
26589
1655668
1567906
1258934
429823
1446737
977202
1240810
399218
678257
1618426
563302
1968287
710876
582592
35273
676629
1981835
1639580
1068846
1419577
1380822
1703155
533709
511418
1658123
627889
1417025
178851
122365
547516
563847
1868975
523922
578720
1433281
524390
1039694
478395
443722
87468
1853124
361874
1850081
462374
1975924
1665007
491101
885704
1681508
1991066
1606130
688189
1129562
249459
195631
99610
1361511
1682835
341518
1659115
1835693
1022235
1178411
1951412
1086878
1329701
1363299
1902476
133091
1232499
771216
1890118
962977
477120
806780
1706560
1151586
1574570
1591857
1602361
40969
1815154
195631
1079938
130745
1211041
1659128
1605576
622656
949936
1863600
1701367
1206447
1413086
1163881
1813538
447513
683243
1569287
66530
328382
1713930
1587097
663898
1534716
193503
402627
1300356
1626011
1782618
28080
594927
1312905
866796
964759
767201
678423
1924152
1479262
695873
653845
943547
970419
743981
1103250
1300906
376160
1529340
489824
83940
37289
365348
1580386
576431
1627554
1672000
1837943
362805
879457
937831
1866334
720789
1233367
1335873
1140965
550400
677672
1386637
659818
1410103
1645032
412028
1137808
1362847
641999
411048
508772
242700
1375106
397322
742001
1575489
1369309
551534
189948
1760342
1233688
894205
1026908
447643
1644586
705745
1940224
222284
1336669
1711405
277703
1560938
565373
620554
1005542
866830
709836
28243
211369
278835
1242666
730594
564173
489248
1100131
936537
1219607
704324
1722274
1905140
1968985
1434197
581230
1566215
351103
546772
1043879
1293166
1629545
193772
854496
285313
1761547
1178276
1552946
416634
363084
1871809
1245841
1541714
1850081
247477
930615
1474867
1712969
1438934
1735605
1001044
939605
288192
160709
597863
926853
1498993
879225
351469
1027675
1578563
1947692
1947824
129527
1579056
1642108
68759
1979537
1251408
528424
1275639
1887609
661257
152162
1283394
329091
1122031
193007
1017498
1228216
1699226
848909
554817
912547
27844
994510
695941
1527279
544406
534607
712016
1028168
1858353
1990595
79433
566588
1281299
1723378
1225268
477148
1537421
860890
942215
333919
148493
1068681
1812104
483416
1878447
1739762
1262323
822810
909001
811050
1300009
1878017
587368
389713
1477419
1974506
1923192
450409
1719200
374509
773584
867084
602063
49653
1812256
481392
727751
204245
1457253
428885
1537294
1745552
1437152
1797869
1481879
1337120
1960542
1286657
1162497
1772464
1372721
395555
1737988
302924
1572666
1639606
1579000
1476719
1373157
14535
483362
173126
4941
1469731
1253405
542822
326134
1788775
559951
1631433
961656
1331606
1722925
165381
163082
1132917
188528
1824998
427284
56955
1568927
610565
890390
289818
658741
667112
589896
1388225
1062455
1601135
895083
1005691
1838043
417799
44471
592811
844624
141206
88710
540007
1045600
229573
1495088
1220387
1682789
448634
1478207
941444
1502675
651545
28119
1633012
1635216
1081764
1697121
994287
366583
426505
1106154
5663
850434
1151501
770963
509938
1643734
274824
1326657
585604
61674
1006853
1827148
1985639
1594532
1744690
47074
1861544
1982553
182897
131554
453036
37424
1002369
422066
130279
314000
1399234
924190
1597263
1039022
1656967
920873
1858981
1347663
186496
1372824
995606
861405
1391671
960795
629723
1912406
351173
1487802
1435379
493492
1177338
1782213
1854330
792785
1744264
1752969
1404169
291860
321704
1523708
1686259
1415622
1129753
822572
765132
1078632
1128150
158378
1514894
1081554
1827340
212955
269751
1367396
858410
944303
945036
365853
853643
1637091
929180
136762
382102
1769022
738836
1158007
1428748
168042
412365
1510150
1768668
1572320
1128919
1498282
398906
1516215
596261
678681
580614
1605922
696483
388867
1600747
690363
106469
357654
445288
1945549
1047494
134522
1893322
1667591
265245
1179096
996038
1581773
1342200
737836
181057
1501670
1285857
181375
798814
1892032
1777843
1949957
1043935
1342200
950811
55504
1394873
148034
1031490
587644
783243
1131277
1710678
1507867
61301
1672777
842687
1766879
1563279
1429481
1291560
1129026
369974
39203
212439
1971250
190565
1585845
913407
553365
487776
430140
741754
332787
175328
112429
740226
1903036
254059
335239
1554742
1570976
721358
851173
244056
1653223
1477126
844284
465522
1752538
967032
1958165
286277
1358933
601674
1019932
373618
925603
265204
591503
1131097
266712
259138
1851789
1171169
406094
1871985
620442
1417623
1914241
1726494
568043
1465608
1913048
1907240
104938
381520
1476060
1718927
616905
794777
222634
650174
412497
992526
1599217
771353
1505411
660124
1763646
1335769
313207
89404
1222923
514436
569533
1927995
921517
576679
1159504
213966
1647164
830702
1247248
290122
1463666
1641225
1600390
322031
1029926
1375428
1149512
1342616
1771259
312173
1865592
243728
77737
1494783
775196
813442
751381
96084
1259705
1966734
1548035
1648834
1340211
803247
899831
1829025
321596
628758
303309
1546195
344278
81796
243403
1228913
533525
1588171
1252286
33961
251596
97861
892921
219813
1266261
1017023
196558
1872323
285390
678482
573614
988750
130950
199317
416144
1919723
529754
892604
1808639
736141
1700739
70364
953305
1231586
808410
1362716
800655
1773788
1834984
1111377
1700492
911391
797179
429801
1902616
231055
1113803
640192
671858
865015
149214
761966
442248
114546
1465074
149078
548301
1880045
1174692
1272728
213348
188269
1980072
121446
1701146
1456746
1187575
1920655
630921
620226
381010
1778235
183591
1008317
1631444
104155
1154384
1202787
1027953
111015
1930528
1992787
265230
762484
621912
1220310
1782883
1428565
316742
1744809
1494944
1300815
98205
1933394
546960
472978
5938
674089
1370818
604862
1399368
155862
950985
1025976
939909
1174293
1178779
928011
1282754
1829842
61435
461234
1416269
1002193
695497
928071
1176827
1410088
1668244
1236473
1369016
883854
1684400
427617
495587
1684980
1062832
1413949
1359587
1321249
1814365
217328
891151
69748
1820371
553917
351556
452691
769969
1924000
918728
179262
748643
1049606
1204999
1792332
492976
1072448
285931
1317070
430862
1837517
1551256
532396
891835
1864012
101209
1038066
1076441
115566
477003
565313
470896
1690863
1161320
1994392
954831
1652616
1885134
1167565
793213
1184805
1331706
107681
1447135
1889804
545203
1087845
1602732
150134
1441857
588224
387168
1923289
1810728
1044925
1382190
1325142
241340
449921
804023
861451
1135106
287158
529371
1917978
43993
1358905
410362
1692593
1278477
629278
1022701
1660685
1708948
293954
1532366
450670
354688
1245024
345924
843384
395070
903956
63275
771830
476181
21463
761362
157785
968905
1761125
259288
332323
1560144
906850
1554297
805733
779382
1096139
1116570
734461
970767
1890899
941636
226039
1222053
347501
152612
1787925
286361
235463
1877793
259327
465679
664811
1603940
131338
1552703
1117509
1813855
1209207
943607
947625
798883
309740
1571804
683599
87355
765785
115361
976784
1144179
598190
1284996
1168264
899345
1721877
1368727
125083
694470
740216
1858643
1471526
1704444
1631064
906476
241391
1216471
547104
609392
391048
386904
654478
1610916
815658
63163
1021339
879015
1356991
798434
1564953
1562049
1585315
1426117
169838
750147
210265
1993388
1575614
1568563
1589649
431416
1458895
1678344
1366461
1243032
1353082
777442
1493044
1790406
786356
370497
147379
296064
135145
1133039
273461
1650609
1075943
1420580
1456244
1378201
1151095
41267
528657
1353566
256174
112305
1217046
1428969
1868121
992041
1707463
254670
242240
1846578
234570
969158
700278
1107635
1473628
1161316
1531118
1505392
905458
463823
600847
1613711
364497
1132441
1463333
1779403
195646
846238
685516
1647858
1172963
1457378
685112
1685185
1841033
1688127
1313760
894099
1099371
153097
854798
1089320
1494889
568426
1196129
1218094
971851
1421727
1986250
875099
990962
1227077
98005
1726491
1865977
830931
1856312
1776923
541894
1597653
557306
412659
113271
1823641
1100541
1877247
7669
629386
1815525
1919938
9582
667876
1175497
1292219
1146984
1223015
863968
440135
39528
492975
1269297
953453
936962
1050006
427746
190831
94514
164028
1455260
833078
632439
1539228
1272903
227438
1489897
1208008
1027452
1679458
886958
1375235
1827892
1078359
1949221
1149211
843550
901074
1076693
1222309
669031
1740690
1168943
1820700
135118
627112
1453605
209270
1460646
13699
507594
1022400
54217
792971
1963808
595898
1959036
680226
252156
501626
187285
1462096
1806478
995106
1683154
1399754
789171
422737
270996
1956147
266043
1049541
436267
1463825
599223
1197519
1239426
1883994
1341343
130110
1230890
1026899
1840825
1048692
1363636
1910123
439943
796422
1484034
862658
200216
630725
1419522
223590
777615
1450111
1620260
349018
1331963
1181536
1332064
179584
1556584
1111218
893829
1998299
978162
1702740
1410910
208972
1212489
364332
998481
1266421
1895239
1161489
894601
1152260
814282
1406777
1271512
828399
1862045
358355
745837
1085405
1482945
1783388
819313
1639988
1642730
779508
1869069
797271
1443771
267127
1408536
1962478
1058686
1059324
1904367
729410
671491
561106
1865688
172433
1962775
1206077
1776866
1686369
1823217
431006
732145
1105734
1319412
753994
13504
1679371
1821941
321036
1426385
1065403
1556965
1811006
189791
77386
420834
1631046
676555
1154934
410179
134023
4091
1868733
507305
985760
521860
1713419
1863442
506212
480551
138127
1326924
1165137
1650634
879880
402996
710227
1704269
1274061
1517296
1098437
911755
1542056
1593505
82664
1719258
1762290
309092
401840
974152
797745
761185
411646
921353
1122922
1408725
1544050
186165
1937145
938478
692054
6225
275048
1779235
1305678
362881
1583861
1992476
1035932
1622404
1926732
216626
206061
993787
1457154
279189
1332059
220348
1199357
1481475
1290328
1929928
326745
1841342
1412718
462431
1786817
58987
1958622
1793883
1040148
1075612
1025872
673162
1114654
1180798
218250
1616766
1911234
638482
924366
1631421
719438
1408192
1667428
1651681
582164
1322411
1569232
1650880
569637
454183
708902
1541202
86865
689090
416577
236739
438182
1073705
696743
925151
1822403
102883
220376
785671
698329
1133986
382401
1176909
31019
962561
827021
87941
770604
1664881
21014
1141839
1457614
765835
1503790
189260
784676
1593753
1771449
1380241
96723
914043
659323
384590
470781
1251687
1543826
1015056
955870
1193071
1447132
84729
958878
1223126
470384
1922494
1219604
462996
705026
1740550
642819
1974259
434312
1393187
1729796
1470355
636534
448760
1325746
1524735
1595682
1129599
585149
715814
19258
1306283
971083
871268
304445
460693
1101750
1788758
1758056
383276
449420
1373853
1209097
1146773
177619
1623330
255123
1675906
384339
1945003
223593
1470099
1471586
1406140
358037
152790
1453975
371284
715111
1323052
956897
1674814
1803727
1256897
1112141
1759234
734422
1437895
1481188
624754
1761033
1109807
660562
470699
1104986
1327073
1707150
36680
1106116
369952
754793
1880584
1118253
1773833
1021688
334488
362686
227978
1354712
4140
353359
734467
284644
202493
1449347
1755985
1406352
1693709
439916
944412
261389
752417
1421484
240650
964991
897668
1200566
1240519
273123
1314886
987090
832003
1437131
421189
551093
1730506
1354575
445490
192272
267891
1670121
1453027
992731
531425
926956
103992
1684922
852177
302243
1798382
1005435
484760
1858391
985719
1120593
1230399
1414529
121304
476104
1454288
587080
1593510
150254
428073
857516
1140958
1949590
688030
1702055
1108178
1508720
785964
1080711
822944
1527647
1509831
256742
1791677
1034003
1930123
1464017
228789
1658081
1401264
659455
1913601
1827275
1791988
85237
1998668
1302337
594756
660576
1040510
816999
1270454
30313
1928265
42284
1375947
1456067
1029260
1175344
1544475
400174
157587
830558
773422
1605407
184726
1214619
1826175
880956
669361
1051890
1337452
668404
483811
1864398
1607269
1713968
1328964
1965342
124234
1985974
996948
344443
114679
1629776
1627888
1380289
1207039
1834427
1963314
1753236
1164643
1211593
17778
413688
1065791
815340
1022946
275843
1890972
192681
1861282
985534
377054
872730
1507525
1032440
156865
516169
470761
1525180
785869
1783820
1808211
1488256
740598
1600960
1923052
441844
567870
1684221
462514
1808001
1989929
745842
791465
234021
1004900
1839141
1636627
2338
860648
176071
1455884
1408296
1856264
708066
1265279
350807
317052
1602772
996851
662167
789595
1340729
1117088
1747239
406713
682590
778998
1998515
1053400
834217
384646
614054
78469
1673612
42427
334189
1188003
1798569
91950
1377857
1537725
197812
996984
437714
159748
1559391
1819163
1577822
1335960
665675
862877
152051
1537303
1685477
884516
1821849
938215
1087661
747546
498441
1354929
1303544
116565
1354075
569181
1307479
567187
1580910
1673668
1764942
325672
1249460
265903
816039
169682
1192410
381432
981601
1621329
1340214
1478243
249570
1114811
241439
541096
217229
666494
1035207
772099
1828237
1271319
1944489
181385
263513
1740105
1424418
509595
101096
1522444
652442
949144
1303022
156215
554172
1880185
302528
250368
930296
414605
164827
209347
225244
1826269
877744
312217
387392
1063685
920992
1478086
1602476
1345581
1229521
391011
1734168
624650
1360186
280622
1970212
1889074
866958
1556204
1163590
1702482
1893666
928310
1661636
1818468
701512
1972078
701011
1266563
631152
426058
863817
1251728
457008
1168822
1412891
1962387
1191542
625531
1833926
1240431
207464
1609956
1717907
1774570
100397
1017432
111314
1913355
1277182
698830
258281
722
1962790
1966224
764975
759276
1833817
1561050
1464502
458649
1218475
90588
1369968
1493880
1301253
1060505
160786
979565
1379471
534476
343696
1307276
764083
1069275
1576822
1917873
1386771
1499722
748042
512029
1557374
1236492
266224
1051311
1179941
1965384
1597690
1834602
435026
259260
1260388
1058611
159292
765355
1395579
622295
1946330
1681875
588763
528200
964879
1274075
479855
1978088
1615212
1438
1683406
1347282
1849503
908393
1370211
733688
1493487
800679
1260603
1125547
1238511
1366126
1879861
1976487
1508821
780589
584822
1346980
1080438
388642
1413726
1282026
484767
854837
1776093
1938261
1710460
296361
590049
1212528
1504556
820740
756620
1358177
48774
365642
385750
1131841
1481685
1467015
1846083
1638685
1577904
848154
340410
1771292
1823071
359244
1236772
1874405
1989933
608723
143558
220949
694622
1693439
1378956
1808354
1435587
166506
1911003
528739
1853887
872133
755454
57581
1301701
1936548
1347609
904567
993212
1238425
1356971
222350
978908
151057
1841907
1657797
1749010
931123
1420512
447182
193554
1875845
746384
1763315
1136284
404541
966071
671553
1664304
1277029
1697844
370737
790897
338235
1596305
755583
1703210
351083
1636096
751833
357456
1253197
464206
1770097
1441930
292544
573042
1021633
1903963
1328921
1662114
896103
1665342
1462054
1591846
870329
1035569
780701
265615
1723954
1726373
1828272
1325411
1514016
418110
364141
479539
480
1451509
1273025
874481
1837822
409349
1076735
985068
370164
671993
1451746
1792672
1564068
509568
1036202
1297981
64962
489473
1754561
494633
515194
1022057
304652
28625
1052176
89467
979238
395625
682006
1820196
745942
978041
1242766
970532
67620
706301
1152922
1265511
1604121
141314
1785662
1691256
1645220
645869
1278989
1649772
1296764
1231197
555436
704629
771293
461263
197753
971111
1654793
1125769
756790
91934
1062786
546128
503891
1421613
812244
1261929
1665171
240647
1729728
236112
106989
1074563
1066932
1205432
300330
200510
1824370
98580
1114776
1573573
850066
1185901
1459943
1210293
30297
803428
1748517
1733371
1894858
1194380
1029750
425361
661911
1823700
1664215
177879
1872093
45625
16088
945702
649914
54514
908879
363797
1194109
47792
629262
1462941
34693
572112
1135651
1111972
669310
1960696
1906757
1101437
607388
72877
1335170
750405
925700
537816
924396
1051683
673474
166304
1048155
374
1322244
489854
63079
206920
1498063
1668904
1620727
721620
85779
1511088
828288
161459
1016034
934238
1740267
1664754
1784509
1730405
1653993
1331340
177487
96835
16048
241875
536598
766098
907913
1212556
1728476
198695
82
1614618
876501
67945
661903
1368892
754286
877379
1128762
844648
515663
1237742
471200
84850
1151392
1057266
1523114
235586
1260690
1728985
1766683
20355
979934
1682884
35092
1272091
979404
976316
1484549
1903170
1529626
1141313
1119330
936615
44272
1103132
877237
967446
1578801
289196
579064
528048
633698
1715622
1205785
866303
1933264
1827929
592248
1143971
1683132
1328520
1637018
47771
592584
1557441
868291
1411870
1086964
455825
1203801
1577936
1608184
266385
1459486
1765854
841741
1628633
786423
985940
467582
1379889
1104936
1759760
1086935
1534825
30637
646231
156033
301649
1003282
1280855
190859
1212513
1415115
433120
1905676
45839
1971824
1186841
821319
537459
1440544
1569377
452551
1639463
390629
120552
59955
660626
1089136
1363648
1773312
206166
1623747
148948
408681
1795322
298051
927676
1637889
1214545
581410
347040
1921696
1601127
1561386
181386
1664179
581400
1656545
1551773
1778245
43263
686902
1937608
415353
160972
189459
215062
304338
1285599
893679
979759
203774
1689780
1977338
1329279
96481
70766
1120922
138852
1235010
806873
654743
1029686
673869
1626638
556042
1578301
434043
1340992
506185
1965920
1699682
618816
895067
1787429
1221917
1039600
1491759
1281866
937636
429931
1320314
1013769
1630102
641117
1875585
1404043
309145
1411689
907619
459316
1004083
1482720
589165
13503
1035848
213895
1472508
261552
330048
1390207
1320171
1312329
1952670
191735
558376
1413100
1515057
1163697
341919
1725452
1120842
985155
1057353
1770796
1918135
795370
77304
1280407
1797632
542069
432570
1501334
264383
1585373
258887
1085295
740699
4944
438934
1864632
488274
375661
519377
1669133
790745
1120127
694473
753802
1663283
986400
1029764
1265413
1187091
1147671
824683
1775319
1414124
1881600
1018955
10501
1768748
235765
1418775
238212
888135
1866248
273168
1436522
323446
1588424
228797
985351
955072
513860
1868139
1091288
277874
1044165
795589
1819989
833897
427287
1189085
1955208
1902457
470550
1243577
588396
231254
994172
1548844
574708
340785
779367
1944831
1410872
1399912
632204
802777
1101822
1901498
1128681
50139
657142
799750
824015
1217130
717581
1711998
958628
820190
69612
1388092
200205
936298
1029622
817778
586228
1069710
624662
876179
1371305
1827082
712891
830135
1146767
755531
1936106
724104
1639321
687427
1763990
107984
1737846
321318
1834020
1382274
1502757
1674126
1410074
798344
1252449
1009129
321973
733627
429084
1631165
1627031
461089
337056
1020372
411391
777326
643653
256839
1531491
443933
1613944
1605436
824812
1978286
1534841
563260
268926
514860
276407
1167410
660470
421612
170196
1010264
150288
104958
103821
1436305
579683
608938
1467704
1530948
602927
16623
1246301
944512
1415224
1789474
1321958
772240
47936
1352440
1022753
467407
1752433
1757666
429075
739954
434524
159575
351338
607260
1428620
1197503
1329158
537650
168173
1664240
1010661
1678401
537371
1915918
949409
1578803
884529
1268513
129411
11653
1017242
55982
365336
689889
201492
1483984
1737483
1305459
1710290
65525
1824956
826812
369075
544530
1478815
1143328
270691
646868
125601
1148027
1504534
1980990
311460
1930495
1776572
879333
775676
20950
769767
240589
400994
1520484
601506
1745137
112887
847944
1058153
83741
1039591
1285574
717080
333341
1691126
552757
494466
597841
1859965
417952
56581
841737
119438
837920
619376
677613
278161
1300728
430641
50584
1902079
735357
140219
1733339
1664583
1471484
42512
832577
1181725
633875
1514583
1210087
19249
814427
946938
558564
1607960
649847
1666791
1026667
1878795
1992661
1508222
189984
17748
737629
993446
640489
1536814
1835061
708872
1948362
1526528
559629
1497303
1442979
1959083
997597
1637812
852419
1823880
248355
1950759
635065
1333664
614003
456424
1037287
779541
1295852
313504
501095
1161634
1350993
619261
292150
1042995
1355868
834820
623530
779878
1863162
1397720
19145
826768
1032194
952533
610712
1109100
304672
270317
895673
1753992
9007
659685
598479
311527
804621
1916054
1875921
1536635
1027302
938727
940625
861418
1388763
171146
1083594
1457572
523527
6050
1027197
187175
1571854
447156
212670
876486
1560370
418752
728768
1358754
72740
457194
603125
156557
551017
1755024
1041058
1152284
1177363
93875
1721195
364272
556477
1403225
692915
75165
250305
1617679
85686
1580980
217230
1954737
1543751
269938
1912025
509604
37647
62734
705282
1105187
902143
1979509
1168303
622809
1457534
357783
1743825
1756879
855381
82420
396045
162677
1753606
884205
790086
1754316
1281120
149843
619223
126786
383273
128344
1742736
976334
51156
1526769
1130607
1737055
1649802
1980152
1768654
532025
1717446
1137751
1617425
413788
202909
657503
1493649
1458790
869694
1693659
1205664
1363726
1862322
579094
1464856
1612630
1886007
78451
1239076
353702
969650
1730950
1752057
328942
15464
1431716
1097006
1989112
1502718
648584
604200
703877
1231881
1340680
295492
887043
1482213
750053
971431
405304
1752722
642655
1515096
136395
1388714
742282
1671678
534524
35578
306088
698319
1463528
158267
809914
1354418
1028713
1929526
765355
1734193
357934
800615
1592326
1920051
1767068
1870997
1517536
1921470
1277213
912036
1109942
808067
899875
170518
969504
1900286
707720
1162187
1811055
1130330
524351
694035
654779
60280
848413
1431625
1446407
405650
1230577
1541336
1812249
586469
1376653
1608864
1112034
1926659
49085
397971
1735683
1297015
94548
218313
490533
1578085
205855
150550
1148148
989385
1887497
1444840
1448989
1691890
507113
337995
409811
1172841
305649
1020324
1677812
290687
1802804
1002436
1071180
974026
1310710
8140
1113904
595319
1478442
1794574
1861207
1895626
1444719
1439587
652875
1400408
1831638
1815674
1041008
568063
1051281
98525
1957734
1340824
1719421
1520904
838520
214584
1538017
171991
1724895
1985638
1562732
589064
1209685
527307
1238022
21109
1848587
1635629
1584273
77395
1709782
446100
448303
208690
1190532
442620
1221131
1469913
1801083
116053
1962715
1675782
405832
711925
469055
891392
1003873
314291
724064
721070
275582
135610
1339560
1088284
1071337
271794
1504609
657665
1006531
418686
658790
52204
1513028
1350400
1345053
1726286
1011503
580941
1073764
1798229
40845
155396
1950503
1601724
679261
1634080
97171
117872
1729119
447548
584985
1905825
999879
349502
1654852
1241873
336236
1962768
344720
1511746
578271
1837406
1524161
1450653
1568558
1274138
1488026
138169
990015
1838898
952570
743680
656418
267132
133002
1982857
355867
1039819
354745
1956133
716459
1763374
1050893
1112063
1230396
43201
253722
1795100
1356219
838332
1257852
742398
1613547
1805543
320160
1913890
1494116
1780417
1872789
1358522
1110036
1741770
1970441
933488
545008
1051749
1674548
1007541
567343
940556
969611
426785
154201
1671302
1900577
1191476
926742
104416
1971937
826224
1542229
263880
783570
904618
1652612
1591661
1902976
148794
1977288
1586493
43174
1487377
242861
1422901
1888593
1213081
184280
483303
417288
1499547
909372
1601970
551369
363428
1155019
1332320
1163972
559407
582869
569941
278154
429960
1889860
1796508
982990
1292186
983039
1042621
87669
443953
534114
1143479
590016
445141
1605628
1344411
914251
526694
505955
283344
260158
1877920
738693
1658938
488538
1231553
542320
777164
1703184
316673
402944
802577
80622
908064
258891
1243115
789957
790508
712818
997096
547790
1334566
338437
27857
1338197
1610200
1814928
1570167
765569
444275
410485
873419
476758
1924026
614229
379222
31718
1892896
643523
1007597
99073
689147
1588443
245156
1337146
853429
808008
1214626
927321
1538970
453108
1082076
568621
126798
194339
628321
1902823
1109704
1174236
1578300
210988
1945277
1003220
1586229
781709
321226
1115586
175484
1477101
618253
808167
541877
1901214
1087044
1567635
1794518
1255768
1209049
393101
1805320
1878252
990276
318428
563757
1561649
905145
1971783
213291
541039
1471265
1565746
1689727
1612048
1928281
1766134
1560857
800345
1369089
1532771
1678424
403137
1478866
651396
1816179
122881
1082230
163907
1561926
1270153
962077
391803
1648264
1065007
458100
1644325
993844
3585
1917039
1186633
26537
577580
1632996
997957
1515611
1766553
329461
2759
1598146
242632
292917
1942045
537088
57179
1410362
1306315
1473264
869118
840677
1090612
685543
1969314
1543194
1610072
52248
898042
72198
1766647
675447
771973
309834
392966
56987
636537
1208906
1190612
50269
1458663
1255448
1939420
924425
976839
702819
1596510
1633204
1517057
651826
619131
1605206
83749
326638
1332410
386153
1793853
79718
147634
674268
1201476
1189394
1941887
204351
534233
1066523
1124584
332788
27406
332543
568935
825543
174498
1875563
249382
141229
16039
1785903
702113
643239
551430
1101564
1805455
857467
725070
1974988
99435
1384118
1038262
51723
1629186
64691
1400220
1664983
657070
1752932
1640325
1984620
1163210
20358
1309169
823803
181811
346284
50105
1213460
1679853
98474
789275
1191149
517306
556784
774300
1610753
955481
89781
604585
177872
1031554
360719
1695556
209510
881110
1389661
575902
803472
686360
548185
1994560
1065113
1094601
113466
1771068
929981
1151896
138059
702918
640599
758022
99368
99533
902271
634063
1553749
300617
1143429
1916340
933963
48695
482690
779724
831808
245269
646965
1042518
1481636
1021736
752282
1205935
919110
1152604
1539518
1895412
1723443
179220
1831758
1627954
361931
396562
78923
1618777
1161315
450626
378000
189722
697837
755466
1379892
796070
1182318
1241252
106103
408614
394426
1690516
1827914
1843112
306457
90654
9979
1020008
1520200
1031280
386182
94594
728062
1255088
774236
1372210
1615307
357218
698705
764757
260392
1300735
413411
336732
484790
1148111
23349
1275221
1001739
332738
791952
1426248
1587724
308331
1644865
1041881
1161450
940720
641043
1218459
314719
666413
1303522
1824255
82041
165624
663829
1184409
1621303
1482114
252995
1376484
645647
259637
327162
62295
77207
84204
1506257
1553206
938595
1294585
569999
520232
1666854
1664070
717518
183422
1157131
1476069
3155
797153
1365664
1969279
1115607
1256087
555702
1111622
878638
1023181
890244
719570
3258
245091
189103
1977388
1032996
1367320
1602358
1392659
813483
1072997
1596470
361191
1455810
51511
241906
567596
135238
1561030
215126
769804
1774473
448507
810820
70089
1009458
1635519
227390
1274795
1654347
377703
1599585
992148
1622136
458538
1647074
1333094
764551
692271
732797
1270040
660413
1592456
1416187
1562458
685483
173542
1886681
684233
306569
599243
1305098
421536
284503
1054516
378625
886021
1518044
749670
877486
1716710
1402140
322609
1980968
372999
1579055
699633
474692
1853998
1770260
66103
1027603
687728
211354
343249
1317221
1496094
230925
196809
1172706
1739147
1596236
1085881
1714695
1103606
1892790
1948906
683628
1117441
5994
655764
161687
733924
1483720
657218
622664
873828
1350635
498659
487220
1336442
1860821
1518263
767300
1209530
1695246
759885
1919647
1380408
1486480
428279
1592498
1617130
1604189
1990432
765389
676395
191810
724070
1790775
780752
190847
597516
569632
747625
1637703
1587742
1444286
278573
14472
670654
962963
864327
435831
1080676
644373
1789409
866356
231416
1037907
1834984
1794282
97271
1201588
411734
1398110
358658
560243
1880640
1757112
505199
1174179
906453
956518
1656038
1078022
380297
773900
1612990
166169
900450
1646719
772947
525710
1603413
1589771
1407322
572208
1235659
501077
1618105
1741252
1470192
1296225
296520
482352
500140
556128
636146
1417658
842505
23381
59058
1350852
469388
1319754
1363162
1873345
319392
99143
484036
1592893
857535
1390828
1584910
1156231
426260
406089
1369716
1953893
1097703
566769
1213529
67706
462973
127933
577654
1497882
293391
222429
189910
1301361
690260
581839
1594618
1731526
166061
512661
1350019
1821723
1234828
584422
142011
698453
1873332
887586
1150995
1652031
148333
1803899
896309
249971
1402334
1802555
990324
738951
189441
601022
492094
1487822
102343
1427358
769520
1830670
1785235
1337969
981833
1255074
1973346
402173
256742
539916
1056950
1703833
1640041
576251
1260338
1602158
138505
1567873
697402
1026084
1240792
786799
25485
1632454
719229
1522069
1226156
443144
560536
80342
402682
1497444
875695
1019374
1825976
1829052
6994
558103
1076325
639342
1312236
1992362
458423
1574075
906896
887689
679209
1440996
1203605
1057979
1054308
1103573
361760
180535
967221
324503
1894881
1430075
650968
844896
175253
1911815
1530958
107721
434041
58182
1697422
1795205
1984789
1035006
1148110
1177673
1626681
1433921
1272641
855233
1362153
308243
1840903
1995449
548567
761938
705606
1232198
236163
1286362
178332
406571
1056437
1292894
566782
370336
1599447
137493
581433
98871
1772625
905771
1603633
755461
1813439
1696615
1368048
1759640
71812
981981
1361574
1336894
1141897
1769891
265830
1468753
1507542
1377427
968899
1625479
1582447
814160
684035
1735132
237734
1842805
806028
387298
1245305
136673
1322739
1587096
91462
882374
1239594
187914
678667
1109448
1125593
586382
1919089
1026746
1458817
1295305
574699
807091
1971467
1356218
357768
482174
1783476
982304
786727
1538756
1411400
1637625
1592845
1233815
176026
1639150
1674280
1442666
877284
133654
630735
1463157
1577600
487933
507106
1673690
1340179
455938
1847111
145249
840170
1896784
1675536
688091
1082093
1527433
207216
1013631
1944979
96787
261683
547923
33210
761721
762148
1236615
1133557
421825
1776873
1699157
1962364
67451
377318
949363
349301
1169016
172004
64313
1205076
1240764
1376943
1192740
147764
1208307
1547889
1746253
995376
1715725
1065064
875919
417953
1202941
46731
855210
1259364
328242
1635355
1539410
693692
936661
1429833
1192644
324841
911529
186810
1933706
1138501
1382797
699945
1610896
741799
1152063
1865987
173861
716790
1915055
1604623
1364614
1853020
1360389
997106
720414
432963
146315
501701
261427
826886
1027334
161983
1444072
233060
825522
617546
550722
1194179
270261
215515
1223018
1946119
1881807
98567
702144
1827514
1584503
5817
1617292
937021
1780818
1660381
896604
1501312
667249
150059
485554
1874285
1888323
163404
231270
335447
1499375
3668
1479581
1110301
486657
1329631
176109
1588591
1592291
1733212
1240272
276284
788703
1954604
601335
743930
1970927
340997
1960199
1424463
782490
902696
621283
1045130
1545484
1895036
1344472
1570593
1060686
356102
1008808
965164
926126
1812348
148899
1890371
698051
704140
1262405
1311461
1230564
1142297
1371048
314021
508572
1410444
1368550
321008
849706
759575
941094
1873695
219445
1103168
1480953
977985
934102
1521517
1814846
459594
1847925
677613
1296167
1043459
1363919
1452459
651876
1071024
1481370
1826213
1953361
1574964
1338571
1524499
434566
1278342
1115016
1660126
1296167
1628915
31344
1506663
105484
1686426
205630
1398358
1635366
1767747
1477705
1055629
310444
1034009
21351
1856730
171552
191680
1958166
1973471
265349
1117113
1985671
574208
377949
1202154
392493
534570
529011
1094399
989045
1118551
465280
1390471
709487
1346680
181568
1941826
584045
306082
39281
1330296
94611
996117
1189324
1496038
1698185
1376928
1380322
790002
1630452
1311657
613098
91442
1415812
500361
331302
1111131
859827
193630
118654
518180
1572417
593006
191152
1188065
1997999
1797353
1028057
1287233
1589574
1226979
616648
1213647
1552350
1474753
1156693
165575
868350
1168680
1573425
125491
1682948
1850889
22383
375308
1378372
1945836
1186754
1701761
608309
695409
765126
1197957
1879863
497096
77362
403001
1848049
696623
455924
1537706
571648
1474250
729312
1621259
893651
1515509
850911
565123
397696
240761
396613
352291
669299
768026
621571
596872
190502
1042936
1904533
1594907
1552285
177227
211789
1209635
424731
883626
1572094
768327
1913186
1210290
538951
801279
921812
35429
1854096
1357925
1560448
108465
44724
151794
1932807
1169036
306812
1336978
617335
1656586
535996
1790272
500259
1599559
1617535
421219
546544
1903052
523790
1331080
1358818
960752
1738914
833807
1313647
1514853
1294420
425470
1370500
1531042
335843
560341
620026
1062340
867499
276243
642626
1958693
626286
692867
1842615
1337719
280143
711957
48492
895575
1401566
572343
1289748
257211
1973286
882751
1826714
1396151
1665114
367131
697526
1430312
1342250
452890
1292805
1910422
619409
1012629
1403723
675209
1504151
1514752
887842
1928510
605583
853299
1081936
1103352
668966
1488109
1539776
1594830
1110086
1581099
45396
136106
1961138
573407
1631229
280181
844982
1378500
807727
1041131
1276467
663634
1628029
1111132
1464271
593200
1060082
1727714
1191556
1854608
705538
1221044
637185
49522
204874
1387450
1961231
602289
390143
252027
1555225
776293
1637173
1635936
317815
1841412
1004835
1264841
860757
1895036
634823
1825843
303377
537051
1101765
850418
791910
132143
604345
1220666
1402155
1758124
1798436
754387
846560
388941
974958
1378095
481870
212508
1788812
862887
265386
998561
464493
1620984
1138952
471400
186901
481332
1621159
1453790
1066617
1942150
198875
579475
195241
981340
1172854
1665865
1022604
1246972
708665
1393352
1498266
1061542
1107466
782563
539794
224713
341106
863421
184498
1410784
825087
117474
892575
940452
410737
1909006
333730
1086315
638655
1843563
1588125
674490
641541
1077903
1175298
1761768
1214741
844391
355913
1651664
834092
1767849
1311311
1390832
115959
619601
608043
822466
634784
420251
569165
1028727
1106848
1565464
254162
975180
520443
1846338
1693399
709781
1750900
745979
1078608
1395119
862900
1925698
1467565
1740812
995302
1131955
1381309
1760681
1316042
1162582
15395
591218
1507644
1540456
414039
281065
845841
312692
1685981
229350
579217
1244235
494302
73548
769335
774901
1930140
1138361
1874513
1220463
1523431
1127699
131385
1028504
1276634
158539
184036
100902
110610
374486
313001
1216861
1069696
1547769
1796009
1055632
1838780
969586
1912805
106081
1247716
1793528
1279585
459327
901545
1389266
1496717
1219738
136492
1371283
792880
693697
1137539
782619
1884702
510226
1747227
564716
614914
1657602
6561
42129
1160965
113159
1299728
78997
878382
1937265
1950141
294285
268428
1742180
1820284
412807
1166226
1719527
939410
1328668
732211
1899824
1837171
161959
344247
150464
884513
834176
1954585
1195449
1942436
190842
1543039
1143515
1587427
1103628
423102
1691710
1669618
1320394
606629
1645573
232819
75173
846391
19468
617103
253994
324226
859123
558741
1583698
1578163
1804068
13853
56208
930396
1187675
99303
894357
394472
689257
1640016
1819292
1602686
501946
1687455
467168
1534743
367272
1672889
1787374
386314
1490254
1133632
1025611
1387245
1770211
1058622
1432986
1489053
381284
382711
173370
1706114
1226236
312682
1365846
1037612
771954
16431
395663
1819498
1866623
851000
1862292
1029635
1701933
1353049
50135
359410
1028288
456725
508821
970402
309265
902940
766797
144953
188355
308630
1821101
1216421
1537727
1835163
1492614
1850983
475126
1480013
1690353
1326756
1114288
766037
1553091
1505532
1562787
776497
91651
1279448
1298688
1843906
930682
15292
1517813
928192
1809881
444216
266031
846718
1250917
517036
856046
1546656
1402113
1182446
309692
298385
368841
904352
367126
1897376
1696712
421275
1959730
1396965
1151241
1840037
873411
1947609
1225047
89738
1925034
50986
1269189
1937105
809563
1267448
1449032
646850
1540160
140153
997244
174042
1710700
1779499
131058
512840
1480566
1701447
604305
932146
628985
1006838
1089998
1945407
1137711
1041332
905006
970858
731755
1527984
928321
208086
1561018
91595
806453
1992931
931385
1266394
728755
200877
1437376
1743951
1529584
402644
1750145
1095793
1812776
1361438
1412796
1596719
58467
187756
1911915
928178
933369
394524
1819937
101311
1312966
389096
56824
894342
274714
659622
1077547
1119277
809922
1298531
664596
432672
1945006
1935644
667857
905616
269471
694446
1728106
716322
979682
1024477
27538
1221499
975678
882115
1137281
1177561
1555434
62461
243246
849176
1974738
585116
1733771
1725826
795149
441999
1776542
293456
409210
565671
1599890
384012
1858542
1665934
1051900
6592
1297371
905711
1279758
1656309
1226775
1952004
41299
1187522
385739
1166471
1107137
1809886
1270401
1749120
1537294
1896895
1134608
1549822
254544
1410801
668922
681084
303198
1878150
1742467
1623227
1037769
1099564
768795
737959
769532
670829
534872
1435066
1456878
489974
1954928
340182
1912970
300715
670726
287457
1094835
1877146
1951468
1788184
1281826
1219651
108614
577317
1460534
387583
1670236
1110958
1589011
905193
1845146
352233
1442985
1811850
470484
1912790
53225
182542
1999331
1429340
990144
1384727
1066566
1490717
1528753
1380909
1175539
1891533
1600447
916420
1263779
153582
662126
638780
645788
1635578
1236442
959336
1552853
1410834
304793
1657115
1755538
1882413
161908
1069333
1771002
920215
719390
1837597
677454
1800055
410264
1422697
761385
798652
34115
1634514
619850
1336496
426607
1116529
836843
755446
1701073
794897
794631
60861
655546
1972787
1288171
287577
972540
1943834
57752
761093
548229
1562359
1246085
414770
1997304
1272560
893717
1777290
306307
1793710
59406
515552
958353
1947981
1129299
1338804
421721
756978
995220
1074604
1987232
80124
1913692
1934389
1094959
559408
1682057
1737945
572477
539930
1565368
1400065
830719
387736
694682
1121889
2233
1493633
561846
1355093
1169730
417145
915409
405333
1281649
1980219
8692
468479
567290
1056374
799462
710897
1438827
623239
1826640
1382333
845275
946455
80443
438509
1086884
692360
1343243
269309
368710
255912
373616
1151136
988799
1574240
135138
1245079
1355228
1972933
1131929
1081567
771120
1526283
287732
818778
471460
584977
1191061
1691353
1432794
380871
1455976
1804527
1091395
582922
1671451
634853
1562157
1412962
1287252
469556
1992972
1838854
1765523
54067
1843378
346928
1025543
1741992
1230487
252749
1585118
37761
749161
1654462
768280
734024
1383105
659698
1328281
859560
1005711
1119530
1921414
749118
953347
552598
124830
1854676
81746
784314
128769
365013
125499
1395094
1834466
369681
1069680
734152
761845
1107874
693600
65444
1950395
647099
568280
1501761
1444962
829205
987715
1240946
1005153
472213
67168
442927
1812947
525747
51138
1078634
844993
579072
176732
993371
204691
700292
1157177
882989
1023458
1292353
31834
922015
1207364
603936
639111
261120
1055355
998088
838904
300739
1255761
865983
698862
1992947
39841
1128418
1270653
1136268
77370
430793
293731
1718391
731515
358899
428865
1726194
1323704
188477
540108
193019
1062173
803921
915683
826266
942001
590471
221643
569815
439509
800056
641871
1456970
1473042
1249134
1185147
1306788
1586548
942128
234546
1026546
13407
1694962
413721
97701
1939827
1808065
1687986
1645919
278872
391152
370486
1634610
1775989
549058
1535106
1159266
325075
1127978
1751046
1607542
1818881
45139
102353
30206
906599
181589
579288
725218
913128
1774748
1136176
334254
1560487
991524
704722
643341
1022370
1262599
1584862
1476154
1787871
528139
516615
1308835
1173294
1219359
742657
1268600
389771
863385
418910
1873988
1167332
1276545
1118211
1132210
329433
48354
271407
79862
1410098
1305593
580336
1168475
1537824
1336747
242781
1096523
1529390
1420269
236500
763744
1918665
675810
813236
1768932
1332056
474546
233571
16309
1227291
1295124
718202
1058172
128765
719612
1842762
1309426
541165
1030294
1526895
161274
1848483
1222281
253807
665241
358330
1010940
873700
1053826
797333
907098
323352
1113127
662852
1853039
1967719
1695943
955588
1541913
1677534
536281
1205385
185884
236761
1394772
1057766
1812878
356263
734875
1646738
953401
1614225
81889
60592
625275
939902
1136236
1537953
652265
1681199
307440
752414
296027
1778707
1715948
1646771
1542333
1688823
1122732
1505685
1937439
122733
956570
1450249
315623
1881492
1659787
118325
778542
1484893
212648
962404
550830
1624657
1899477
266782
1598245
1865280
1036099
1053636
736572
656324
1997701
1510787
685536
982077
436464
264804
1728358
207534
1788056
543860
722247
1819365
1361677
78687
1330122
501673
582163
1949775
185238
1207675
1906461
53138
1903823
1482188
134875
129444
412753
1046427
906380
1075643
1131495
1516576
840476
1764017
140926
1667113
58467
1353930
900742
383520
970222
1874913
215252
94859
1727728
130134
662011
1916958
692355
856632
1704163
1214630
1999337
1466684
803636
1000595
151541
1068335
1063347
927396
1006627
1749575
1819328
1185192
1364376
1229194
1436077
1171721
469208
1546421
1100485
1295785
714240
1242656
1459973
389457
1495374
1258226
188735
328740
63420
1239424
379671
673111
1247550
1193449
632476
1956787
1611833
147790
1544620
1543534
1190635
1901568
121013
943739
891839
991352
1813868
1245298
297481
763388
362843
1602671
1952679
596577
378621
1070611
1730885
1285365
850083
653042
1505269
1145953
1666789
1605225
949242
461792
1349848
820176
193972
306268
109024
813661
95628
577475
283582
1018321
1220616
1507271
816052
1392285
1091806
1946431
1114865
998362
990467
582909
711759
449892
850747
1411379
27001
1980198
1321524
1555359
430080
847704
666059
415969
1547047
385915
51979
1888216
1207793
821767
1692674
1144136
70893
383293
1507803
1591854
1881373
1184009
1559160
1894871
145963
1741051
1209485
1978281
787137
1851065
1748653
1141766
621632
1083821
339331
825634
977349
422997
1966018
329909
448303
1911925
1861134
386834
580997
752180
24152
1106674
217065
1351609
230130
313691
1650466
665852
1333852
441963
488216
817005
1033081
1794791
1817406
129433
1720725
1800236
1999330
99220
603413
184485
1662068
154385
187913
1433422
1489728
114665
1913236
325384
1114108
1977907
58295
164736
630690
758692
73955
82843
110606
1083785
663352
1420119
1904828
988433
995939
1678332
1467347
460335
1794935
1635913
1363119
276849
292764
1690819
109369
407962
9077
1669699
1014996
1526626
251688
1012654
1451267
1383553
779289
190876
1642519
1868900
720937
1869679
1908472
723292
442117
331613
1533127
1390417
1721131
728808
396793
1961946
1666826
945429
245603
1216569
973101
392754
178792
1138577
1719785
603336
795989
801783
1045695
86807
1605104
1901383
616512
1825561
1680173
1821422
779433
9107
104210
407960
65179
1136258
727549
1872089
655552
1059031
1961416
1460496
507015
1477895
1969074
678825
326659
217621
78117
1678631
1220668
1790067
1847085
1848556
863789
1528307
996977
1655018
1452390
35898
1219563
1021555
1469158
809208
1156532
455776
1722684
1101115
1304268
1560927
196909
317236
316729
168103
1111099
1462171
616476
1572006
354011
522750
1198630
581644
1992466
200533
497817
625186
661931
460248
96440
1974041
219568
52008
1965415
1713916
1303977
617878
1771801
1333571
253772
1076840
70771
1974577
1042269
1762129
1886494
1125928
1699487
162552
1027013
57631
561032
1305180
570328
1350440
763443
507420
1404091
1503498
1808804
1370442
49248
1105077
241603
1719122
1312978
718609
233168
1302734
336244
1831800
417639
1657462
1034515
446712
1675678
1517175
1786293
761297
417772
1727560
684334
1663709
373531
824559
346755
99090
1232812
1667130
687719
254625
638621
1174182
1316232
1386877
19337
419323
1049073
142142
798764
837815
889904
427728
1735622
990633
1898543
332622
853117
1999900
1697600
1185917
1892695
1044183
682835
904258
358485
842195
810610
634065
1861147
333900
1475311
1664523
224561
1115646
1120685
433839
800095
1211166
1544929
1057966
1207554
1970130
775851
1647160
250145
843244
420151
57148
45913
587210
586618
192417
1658426
48578
1994726
99093
1287871
1956603
770987
1394379
1396640
1572952
1661627
1883254
1609835
1996837
1352590
896981
254228
1029137
1267327
1209874
192464
1332088
238621
417752
784323
2531
1761303
1341505
1301596
1685813
1114775
1911656
1821749
1196767
1765338
794776
21092
1641296
1294538
1796365
1453032
813408
437235
728622
533837
885891
1487260
553931
1331778
1307055
1581682
1423616
1476402
1792436
1317534
857868
1535103
1163039
561410
1919166
657767
1069136
1883141
455826
429510
19403
614051
1003042
1133233
7789
1458597
322686
737826
1771652
441865
840626
1382183
1878529
426699
1891313
662020
1282130
134881
1951416
325184
1127969
1030955
1281763
278742
532138
1340107
132262
1972607
1329172
1842012
1522804
579650
674762
1806412
366263
415659
1875492
1821590
1675029
1323042
1409516
1581660
1496287
1371371
1630384
360511
1630661
536158
82623
1883120
507975
248874
1463546
1720815
1234430
861961
184117
1766210
212032
1022289
810091
1630026
799861
1265035
108537
1693336
362744
1673268
437513
1407320
1964007
71603
697836
1837595
242690
440379
1685831
1293879
849412
818247
160964
1406617
1480763
228510
898758
150877
81143
1873617
1466771
643092
548314
155934
1532547
1873715
1968517
1477608
1971505
620864
957246
1510601
433543
541733
7372
1697968
380039
96745
1209894
729461
668076
309074
406524
1494391
766996
1851143
658824
331320
797069
1355887
1189846
792846
1618391
108377
1101023
202188
1699894
237532
1133112
212020
1333763
990854
506305
58565
1702681
84931
27317
693180
510101
1382784
1511277
1546191
974873
20982
1774476
377356
137888
936210
759529
788320
1599386
305952
842133
1985533
974695
875851
115943
1561003
622060
1985402
1042375
1009260
1225670
1418841
1499520
1802551
1445427
1179299
997967
1888628
1877245
1555521
1677778
366567
23436
1248862
651220
399067
222939
1591088
672729
636894
1612034
1171059
1818426
432900
27791
971292
1773287
1598757
1598574
1043758
244799
832821
1286622
1477568
1688285
790230
1985116
1197193
620342
206101
1576978
1791627
1735600
305831
1788314
1232216
17109
916818
1251839
720554
1881103
822798
47589
853067
1980519
649635
1543169
1458387
577634
1644286
1045750
267537
1016095
1467909
1222738
1157158
840033
112534
1954222
547761
719572
873147
692948
526422
1946204
1452169
293150
899296
163781
1934692
1320308
1501814
1149760
1201913
1303620
178681
1918064
1418451
119600
624884
1719925
1726151
1846182
668988
1120341
430431
1410529
1701926
815577
232176
1034631
1261853
21841
1966255
483384
202589
1878857
950774
241184
335337
1129321
190017
1605517
1120258
1110717
633475
819210
28950
609288
1050618
1323130
293070
1724153
301676
1315668
1285637
307137
76776
22110
986618
1069970
940790
1864448
1521250
877397
620504
649249
995138
539862
1237401
1975961
392123
759590
1069503
1053104
1341081
1991788
1882563
1533483
290161
787902
714792
925937
1294409
457571
1773349
861777
295747
59578
1540750
306891
1530450
1290051
1276889
1110096
1704768
1673120
894256
1395454
1361334
321387
139460
1779306
1055596
426488
1537201
1336869
441320
670905
1457470
1091514
1522387
444418
654059
975042
1490564
581019
1665814
1619067
465782
600411
1407893
176490
199567
1945980
157577
715523
498652
387604
1243362
1176164
1215634
99544
1316529
842131
1421097
1461575
1018886
1193275
895424
1344742
1785502
116701
1174528
1495942
827778
1461320
1567770
1308102
331553
1345099
1366481
159683
715418
1266455
386277
1325708
957499
1867380
1085772
909597
1185319
437289
128012
965531
776338
1320084
1550383
204270
139786
1085157
1442897
1112514
1998385
1023371
937439
1774561
753099
646730
908292
413391
100786
1062386
1390072
695107
1319862
1602994
1072526
475571
1322317
131793
1902294
1530355
439122
1625103
1891612
194898
249667
1024680
1064986
1719557
1476524
1795857
1812212
1001776
1645017
1534938
373546
207835
1071354
652579
913138
577072
257389
259966
54286
1023403
1680821
1648075
735753
1457022
1654668
1068893
705008
731414
774480
418396
450716
1575207
85804
1829597
1278812
701326
1804235
63807
1559843
861590
246730
10795
375871
316638
876676
1327070
310133
1425952
1911219
670421
669828
106142
117722
929154
1683542
1982477
1611495
1568087
473525
1832043
1710446
1177941
1265085
1243617
426370
1603133
1952835
1192883
1689398
1111162
642271
688631
1743621
1615199
691621
780085
926395
634521
1126813
1797306
1998949
1107272
1349546
1679678
1977884
1907508
800416
1946071
640649
1452650
956455
1876877
1864245
121916
1878928
291962
1053756
473044
1474532
1725574
400780
1137941
917613
71617
584664
1445046
1796574
775715
1281857
1806283
1634214
103419
1046968
1421470
1685274
1497107
1473763
586121
549750
578270
753151
1056989
541569
74800
686135
10123
439232
598283
347894
111399
286407
1121028
1219977
675904
159965
771784
786119
1109703
1859857
1164571
684621
1561741
1186082
1659057
6340
1537048
1502457
1624221
563183
1543982
48136
1568594
799489
395355
139961
520309
427592
1468693
1353974
287100
725749
796410
359960
883590
292079
1979224
1470500
24402
375693
1608841
515709
323167
1409961
363758
948867
253427
1604385
83262
57856
984325
298100
1450098
1660542
1626973
438440
1107313
136972
1005439
336229
714365
1050963
1404506
1443130
478433
968727
117071
1033958
1234523
902128
1227108
610639
1918494
58398
516078
321932
1648389
1833231
1247096
1569516
1144543
1287552
765580
779046
1878551
503146
530676
194472
1965750
1354360
731149
1498002
257836
1162707
294535
879453
1394414
1920147
1735602
142442
152187
1093169
367874
1567444
551479
1852872
1110119
1291222
1633632
1414905
463040
245794
1722785
1815261
1297927
161526
1953963
773898
1521926
637677
795949
1442855
877217
698983
955078
1757377
955659
645700
332889
1167574
838984
244360
178999
1960637
1330288
1031747
458114
77870
466082
1262668
1554364
528903
1726031
7795
1238972
1885919
689931
1693828
1927951
1980910
687421
1572195
1517495
535461
1648083
1367820
1661666
197756
272358
1784238
1682089
190650
1807265
1092931
1088700
1935895
849748
43913
1246704
1328997
511052
914665
716169
1720554
1167424
1735112
1078978
1689278
95064
322530
429860
912884
819273
774044
497444
641048
1176852
1145780
474055
1939034
36034
1668832
1262699
1232023
1873185
523814
367105
544479
1679891
1291626
348802
269265
592778
607818
1718081
1133771
1409528
1046908
1853212
1759071
1838912
1387668
1580270
1273373
755467
488849
435400
98610
1687103
1237941
1360881
836985
73072
37641
1020359
1836707
1480645
582482
1420594
29095
394831
715522
1329896
1979526
1239763
205124
871526
1938117
1418834
1173108
1643994
1865204
1699007
125883
906243
940296
662140
1071542
281366
217205
1572807
857929
1759682
616519
325153
1567180
1967250
1087504
222706
1431298
126757
1561335
1967519
1439263
1037835
1371974
861858
1512812
1452867
505411
1704088
1983871
188663
1018739
1260226
1623470
1769681
581137
1179286
642481
944548
1795021
1380805
316299
1015547
1205329
370270
907868
853159
911305
1448802
1444969
1068927
44312
1281659
726965
777021
1680716
1040830
1532036
1485075
1351236
1826123
1752802
814956
1694508
1565645
1281313
1090553
1978907
1943320
1508888
1747888
1621452
418546
671104
950805
1301573
313963
1419155
763478
1689516
326725
1567488
297674
1318039
1886747
1268814
1274195
866138
621752
1542783
1538395
1506459
1954157
1439267
1179112
1978123
440067
1864002
610549
1731353
9820
1434101
1398125
1348166
4081
1467177
678906
1959987
1322541
1032728
642817
1731699
1363713
990153
1171987
1232475
1363240
1783846
380648
1055552
1883928
1699432
711838
794255
328774
736055
1360531
1766304
1494043
1710708
1651009
759238
1264616
1906398
484856
1030084
95612
935260
151966
1481818
1544086
172411
870447
1116106
1871523
876824
1294176
123190
1064056
1952337
1717128
1558187
1327592
1301052
1151781
943140
499026
221249
497733
248560
227593
1724619
1428230
1850800
630719
1025791
1445118
15720
1579305
1832382
1825409
399980
554821
1848261
327634
1244005
1259848
811554
1882965
931041
1701879
597333
1240910
264389
1641293
205418
1213927
176228
893955
1696313
1118138
455848
1764478
875740
1905926
1797784
316725
156290
1119833
1758807
495746
1086729
1651275
1603280
591689
467382
1222481
1649261
1201793
41594
1951997
318690
1237118
1881243
1603229
371309
1232589
1194497
1579554
1186313
1584350
1725078
1875636
1501272
863265
1480118
489162
237984
402236
3470
23304
673617
1161599
923036
1533579
696220
942999
1018514
753787
469295
94796
1526800
1152440
739558
1214263
1041703
804418
1760964
538688
1507442
1993585
1231314
774763
1869109
880803
28875
1269509
749074
361703
710126
896138
304865
1959626
973295
39787
1837742
1692026
168446
1957756
1073019
1692406
987710
1603717
1222798
984942
1269826
838718
937184
1103439
1355484
222518
2041
992075
951998
1904950
1465610
1973806
681749
941038
1611143
991152
1514516
1705460
1545977
1120755
709133
1365668
1367993
1209144
411242
1054274
1426639
1603253
824862
951134
465304
661428
385570
1250518
1918062
492151
691937
1409184
1778252
34752
1067498
199599
1547259
673925
1770035
315210
995858
165562
21507
766595
1516224
618551
1879288
57892
651418
1437212
313924
649337
933583
1021020
1131893
616579
485712
1670161
1838942
508613
1828479
347043
1628255
846304
888779
914090
1378285
753162
585388
1503481
1865541
1826784
1925771
1495890
467019
1208373
641264
88174
943055
1212141
858934
1191635
5286
508868
1018511
1530066
1483263
1362171
1995661
779870
1156538
642072
1365522
743613
1021270
483299
366346
1738035
1286516
1698625
698929
1298696
614391
759457
1248558
899633
702691
614704
419102
700608
168275
1707927
1483509
1684833
146449
682592
1225714
1575654
599471
276960
1383718
1936336
340604
1870271
861915
552080
388539
1720607
1340472
1341829
325407
1832681
1551888
169565
849628
808783
870785
418462
177432
1357158
2094
1719400
1244855
1440923
508231
384500
1584509
938539
299449
1545774
1322245
1881728
705950
506652
1246263
48753
262564
1363590
1620816
619065
1985096
1764901
870052
1696096
1472206
239890
328819
104554
1553062
1256448
321696
528113
1276509
618438
1753162
293392
371085
183029
1266288
1836571
640884
1616265
1925998
630573
1517660
858562
1670203
1159285
194972
1317480
137077
285125
1333676
1410304
1517066
691543
637689
1830340
1696256
1993545
807515
1206945
1336756
711298
1455447
785498
763939
1970466
711719
1617242
1679854
1461448
211224
1237039
719964
1000124
1934942
775401
411135
1963383
73377
755130
657250
1184519
723916
482642
571586
667541
1700981
72460
1482211
399050
1079556
41253
952946
1828216
1041347
101334
1534143
1910816
992312
678806
1367718
1271672
526052
1019771
630097
1518585
1132473
1042933
1432687
839011
1823977
687214
554944
873578
1387634
970073
1645546
1293002
1776293
911668
275406
1008763
1620570
1747967
565357
1787581
905770
1110578
1975834
1961558
1489466
1271046
1232654
1330229
446970
712102
608770
400704
143726
1753804
1142249
115150
410542
1772732
1486092
904686
1406860
300750
1183805
1233890
1635484
174401
503596
69283
1455883
1860141
1586027
864888
1415503
909446
1491381
655351
1520141
1055397
1493056
1732285
1495201
117686
731988
1652924
1599912
1839694
1726725
1286006
531386
1546160
1813643
628330
1985960
1841259
1237479
14854
1869730
647149
1143383
1876321
1736031
1258226
1820031
685853
1972161
266899
617717
802894
254440
807778
8259
809177
846140
35363
814485
729097
722088
1459873
665660
675936
1998506
692613
1435990
610781
1393526
412781
1590246
394031
634796
1222938
1384413
417958
1460582
438348
667157
1871469
975599
1961675
1944828
182247
586232
632239
672464
969857
1355953
1898361
957781
1048224
1738258
831082
251261
1084944
1500767
914277
1748188
530663
1566670
1495090
1492045
1040596
1245360
1432826
1355715
1115974
907558
1718295
1217210
1060113
1312521
1321837
525221
1865832
808499
303050
1702887
1582472
1602290
1310958
1496663
942367
830704
763675
1794999
1720396
379573
898593
1203209
740269
1558361
1905050
158549
1828394
1231366
1011862
622060
1881065
200459
737623
269455
184579
1822521
1898935
1955099
1920172
1986275
1427643
1337736
1032266
415702
1107805
143853
1124537
85894
1034427
1133711
1993142
495598
1832226
97595
798988
1569240
538327
1004778
559407
1479331
89243
1136411
668149
338614
1626510
1357272
836443
1745351
81105
422133
1122654
1461229
912106
1772939
1809859
1614337
676323
577809
1876614
1984555
272996
1475966
119628
741742
746788
1894880
717084
1808823
135328
1443172
1563306
1193473
400435
1702536
1042924
1547809
433393
1269898
22523
1102848
803978
247975
1517792
1041502
1759677
594069
363707
1106857
1681383
1516874
241800
1006557
1194990
767188
1709232
416393
459143
1381849
786199
1162532
1022519
1404533
1190949
167735
791914
1895737
1637284
320455
13669
578703
1259938
1663559
767772
1616786
44936
1372089
607649
1659247
1591535
1716941
565985
1920055
901639
1939397
40056
1811904
480990
1080575
1073829
1245182
496187
1712419
351503
1900587
936857
923385
1263876
344915
1685334
742298
1024871
1844811
874963
1464449
781868
1677215
450614
602050
1974702
967982
949957
1921211
374295
448166
1959279
315521
1374911
1555528
369494
398735
1272419
643079
1167233
531152
1167530
1889744
1061012
987616
1697677
815379
172335
357658
211889
755748
1888348
1643916
888529
1933241
422101
355301
770567
402971
720855
1692700
1467872
490781
340140
1791663
1532111
1523481
1568541
853872
1430280
604299
1352515
385999
1031823
191941
425448
31924
1597884
1157784
1705582
1716998
1586926
1230437
1940281
1540881
1480656
1498405
705658
1568470
76677
1416396
1876394
1946278
1550116
1947336
466079
102606
1569928
1046343
1186772
1253411
1192733
1316038
271575
514348
709440
1150406
994576
602298
1763527
617079
1562316
1532823
358476
1000068
587684
718834
1180545
220469
67423
1731439
1784069
1140561
1406463
1704076
925277
1425191
762729
717677
1397127
1828454
11361
575243
69558
366798
1387174
1792061
1129894
1061680
455034
872928
1556112
179389
503095
1298623
68846
764156
265278
1285641
585723
1351439
642843
548690
1132933
186558
1216344
150701
335276
1867253
1536703
1487854
421408
1229898
909153
1402292
1598702
1687722
1899176
1371450
1453757
513475
1578991
1755957
1005163
141014
734238
1833934
1626284
403862
547245
1759536
1067530
1616960
1565901
307003
925908
98747
1467531
1857708
1911904
705347
1615629
747484
1120268
1500683
580411
339020
1287325
804237
1770184
759577
1388277
1765041
1760210
796156
1550061
398181
413567
1862319
1404189
1106438
1264421
601570
1764309
359005
1010236
1978758
783512
1601728
238917
1219609
342590
1726098
255435
1586766
1825621
1433963
1310194
862792
1935640
1280811
1237929
895823
1558429
1379676
1858621
1509959
571481
1165668
1708518
665814
918686
1923361
187284
1682876
1510480
697122
1254690
355976
1217859
1631699
1870492
20763
694874
578319
220835
238368
663238
332870
208597
167071
1836163
547892
164964
1392045
493883
1897914
350626
1481517
983317
1423898
1668638
1617466
1473999
241972
478634
818304
865040
1265346
1437852
478299
296722
837638
864127
138375
1873065
1934716
358623
874387
588829
1467272
340217
796481
1001254
481592
607352
1827566
1234772
899902
1615664
1380922
1670362
1903886
1571092
464389
1591469
575546
912593
15565
550855
182051
29907
1410568
257728
1732986
1420212
9728
547239
1052230
485045
461483
695776
1155004
32993
897358
638199
515454
346618
1293591
359946
717879
526238
521328
385975
1360049
816809
465988
1176704
224050
725334
1001609
557233
1170985
354438
1576524
1981092
826844
216894
1333485
1791799
1436098
1172100
321423
1927038
1192215
836070
471144
346007
1573671
997667
1127996
1857965
1062686
1643773
1878056
1097708
653508
874379
1691791
1441623
1833623
1723586
535001
1098479
965341
1899489
1047248
1675892
1272500
845852
387103
742115
1036884
451788
524790
1052360
1195064
924112
87569
1842198
918730
153074
584255
701424
1007798
761693
1130462
1677048
351950
302419
1207141
1199778
479229
564229
1587065
1403503
1689787
1850937
636056
1952294
1421515
149918
809675
1159704
1162097
76351
1501562
1028036
1879929
1549306
193811
37330
441241
76777
662129
1713935
424128
1284684
518468
1552809
435936
1441994
421710
379905
886800
1183235
158267
1893857
1805808
412302
1048664
1973747
859803
669090
1818368
792881
436260
961798
412575
1969681
1275905
309886
29931
1671409
926940
416487
1047700
1973018
158360
35656
183166
1186905
134682
1254999
1830557
1420838
317521
863718
462648
998034
133718
1206340
514415
1710434
1304635
747002
583523
1479932
500334
1621281
1807427
1949193
448711
1994414
355032
274792
1515615
962338
1290227
1681373
119401
925647
17260
1149540
1938613
1892012
1657004
272360
1300519
591553
784129
509304
473907
699247
1112931
1504953
1822659
1912323
1367749
1014051
386482
1604045
1729082
1966796
725638
1757212
938591
1388657
1275689
931997
1422775
306144
753608
1656525
589892
699954
1998989
1892196
718683
1671593
657067
1857244
1971936
567618
1067888
1642860
624213
1485510
113529
267519
1024545
1090931
681958
1352070
648934
1578495
1604976
129811
757732
1220951
1365300
1485556
1816834
725142
296142
958690
168051
1152051
974285
136378
844043
1586066
411282
1759925
1499545
939688
176101
960918
14422
1205331
747036
1665081
1576859
7566
1855816
224213
1119469
455446
10114
259936
159514
1607409
509179
242218
538432
203663
1954283
1828235
811689
883968
269353
596402
954525
534605
1817204
548160
159513
1029550
614114
1401653
904668
1678094
763326
803926
149027
1243623
1449886
790377
1083996
1844272
1258048
1733216
897285
1016916
231897
394956
866164
917232
427403
466357
43298
1559015
998799
1063777
1271526
31506
1311165
1288491
255912
506828
1421274
1191950
1959668
53044
304663
1745940
153097
1900863
1197233
843600
1016668
332965
37888
87549
1663450
1286201
1816774
1822631
59879
1036858
1506509
1046947
381414
172470
1482642
663631
1580381
344219
1392828
1847359
1926131
1404594
1660320
659764
1876241
737296
1191060
856625
1894524
1562834
1373768
1198494
1012025
1917764
1040582
427192
1543078
601003
1905115
340084
74972
272853
1939892
1967737
1432065
220297
869599
1117876
1542296
1940348
746700
1080858
1232098
189848
836412
512594
1750
1819826
313678
685464
1019460
1840159
326606
657923
648718
261389
1254965
1685570
827241
57371
1281148
824123
1810200
850689
932130
475476
589836
1806867
420931
669921
1952555
1558149
1021370
1191495
1904289
1072982
1705908
1076559
761602
1761170
628749
912741
1993255
1870587
138624
43649
537760
153374
749358
827671
1121591
977298
587403
389608
671550
381689
450898
1156072
1206740
1046429
1568946
1066914
300033
862388
1316537
54308
302059
141163
146321
1548907
1225250
436847
944837
961650
1668515
67135
336111
1908656
326833
649987
246474
1981057
122318
1831828
1664806
637329
1557968
1571875
1761785
274339
737933
630910
1807113
1264930
1785948
390043
1693504
367047
938770
893707
1316636
121867
614296
1385733
1203952
920639
1146569
1402343
288401
814250
1155580
159037
1907648
805730
727367
1307888
908112
1373093
1155742
172335
581020
557895
665646
1589185
1365124
605957
470231
1869635
1570619
495951
751374
417076
1850088
326024
1071672
1328330
367567
1797632
1341828
702903
1131751
414403
463367
1668932
122405
1701348
1161764
487700
550923
561650
1233196
1316179
1528475
749721
806242
505222
1809767
1294746
806608
1107736
1374059
1551244
1742426
1753946
463861
254971
1282076
279744
1961710
835788
1891766
1464096
275124
1824329
1765099
1130481
1612035
1264438
1397695
1618770
1709495
1720394
1571416
1159511
1863722
80717
1996738
1135905
642311
1092525
1674367
251946
801553
1017406
1538630
1403310
1239108
1671206
1334555
122503
801976
263687
512784
1514923
1502698
1295476
340563
446294
84906
8639
239948
1561294
406284
1708941
701853
267351
1290467
854815
757666
696962
1400713
400410
1916790
346185
128855
343973
330083
1690688
1479784
719734
714804
1228392
788976
1827396
1010168
1945915
885096
1720808
1820205
1763062
1987280
1284389
1722474
1214604
468864
357300
1327226
889216
1450838
905083
270786
317864
758502
1027071
1320832
1904267
110610
383635
1023634
1732212
823003
690438
1198446
1154426
1798585
1667470
1220241
1248259
1419007
1868547
450293
966739
1423378
752536
73105
1045495
897580
806533
1173561
1606971
752808
289223
448513
1208658
1940443
1697213
1853051
1728587
1579667
1602490
599949
1209307
983530
355552
524362
1093701
294925
850333
1838847
1410167
1917598
750019
267916
464299
1209702
1569083
30974
261152
301476
251379
1611176
371536
1696962
1639791
56369
647724
464614
1563422
996521
1276262
82395
690834
1749997
1900227
905411
619213
788500
1054852
1700357
630544
850117
1960911
788946
437693
1763911
936464
1928196
1918075
394202
467152
1069102
1773788
1148321
1451744
1065334
1353870
393831
9811
822694
1588321
1426856
14201
37312
201518
1077582
1531319
1611046
739251
1621207
260506
1819216
1025754
239857
682120
1128001
653404
273030
1080484
1005416
674235
1781150
669311
742971
1133861
555567
1853261
493179
45064
664154
351366
1895358
1000353
439801
4290
418162
1779849
1632909
1008644
1526048
312972
133520
287458
1658755
1415616
1209500
1011058
959738
693029
817582
962980
1073701
964050
427542
587084
1754260
47708
1613911
768152
1031682
1848004
1962690
1116112
668054
1883224
984099
1609903
302053
1544420
319027
1318037
300393
1994882
1629780
722039
1352931
1311847
945861
290033
1668404
1373929
775023
1445082
1171353
1430260
567334
1194308
295157
40930
1239876
1646098
630847
1310381
1135260
937204
915636
378069
218967
654505
1303376
782501
1709698
1400423
1926146
55357
412734
1093425
969144
1119981
1698417
926638
1575056
294211
1525703
1927029
922019
1259799
1794499
695264
178845
580423
877748
1531788
1480706
111727
1064721
593364
481031
1548322
286207
135169
304840
1146807
1358050
1248531
303047
1654786
355169
687361
537312
395223
792227
1064379
1368655
1759371
1383033
1198833
1476250
84605
1813670
1037828
1166737
1197093
203348
643175
768221
244242
676915
1008096
722461
1766087
1371107
1429981
1396679
600521
1531639
1089905
704186
1607704
818266
421244
1303259
1312054
1125868
607108
1002543
1746992
1953410
728042
1852646
912568
8558
1806837
202025
454380
1576260
1082594
1508323
792563
26102
1795551
873385
469147
536647
1012545
308378
1470286
470493
97269
962404
842412
410248
1595745
1835704
1727067
925997
918782
963830
267170
1058672
1049796
1108132
1662915
200285
508311
249219
881913
1847955
1393011
1237047
904709
1024965
1713733
1176297
1371782
818862
970256
527323
1149006
1264054
601522
1868387
1034408
681742
766774
1688746
1274249
1802968
664727
400944
1803609
1066312
1371353
609876
1487433
38303
438920
1936634
593726
406820
1744273
1689469
1247210
827502
1603786
1829783
466811
1219010
500082
1901557
1890674
448550
1154026
1095406
1006182
488733
1366310
1708895
1888158
1719151
1871024
1766381
1441334
777883
1590910
471864
205210
804737
610231
1467672
271674
1372623
883743
1812466
411866
141745
1656487
999129
1979836
1424451
1625717
477122
943313
545719
1588044
824933
405717
957376
623902
1525796
1703605
952665
1967664
105301
1222758
266032
878340
1933318
112665
358955
1434627
246945
681769
1105716
987419
1864870
90103
1949864
355539
1164139
943476
1546604
212125
1707592
302682
982027
1420719
927493
1982546
361370
821785
753150
379683
1039142
1421725
1620401
1321218
1758847
1263504
82031
360841
1156344
1812034
186712
522206
747198
892841
449703
34020
1854912
163815
250413
153542
1839436
931668
1849050
139577
222154
612235
274890
1032117
910324
874530
339039
558201
881181
1945298
1333826
1705112
1754607
867759
456342
662101
772297
369014
1469939
1362677
480871
1929828
1291031
607470
872093
879581
1540796
269037
1683886
80115
1605052
1839752
878963
64318
242569
443497
1274464
1243638
1890121
862525
1123279
948776
363863
1602000
306707
1113779
983526
1408485
1874614
107642
1816369
1131451
499111
512221
200207
143770
211653
1119326
1917567
1231644
1943151
780978
377705
959376
1104229
1910112
1806056
1411874
856443
293907
276590
1282392
939551
614560
1598576
1089036
1247155
1399670
121191
271880
664285
638686
121537
743768
1450266
800086
145717
381601
1152441
1942645
1748610
280033
775559
1157978
1351225
164750
1202327
1154149
1621909
1384983
696692
1111433
1042061
223188
1078925
1457153
1890337
1961372
4427
1178320
473691
1004138
1424590
568575
1268769
1848655
1068212
527633
1554512
1379426
1062098
968867
29764
425188
809239
724176
1310567
29753
1791689
1001141
1141095
1151034
1912074
1790346
900892
1376689
1931599
1750498
481122
1614203
1589862
1052824
885154
167287
1729760
884687
1625978
867895
998715
680740
1621357
282029
1404003
1139061
669880
1766207
1992397
1631884
950262
1766847
1017629
1207658
850060
1432794
1027426
1179872
1346565
1485384
1678476
1141455
500173
406095
691247
822855
1675847
1787674
1516549
1606816
1933362
1845656
14452
1994809
467247
1149930
198836
451228
652813
959232
899615
1091246
1102231
972633
895678
1862616
475490
377890
1896812
425853
78970
546834
1342005
1266929
998530
1178100
143529
1734800
1054134
290097
806645
1587378
529649
420982
574106
1136005
1442861
1479844
1812744
1403559
1633384
1092843
633030
656337
1395479
1345527
572637
865615
1502803
383662
154498
1691919
1709376
929963
448384
1188689
1950264
1497316
806165
742066
1624836
1332660
1789947
288024
610727
1682388
694686
1703615
547352
1817386
1251819
989929
1964772
601741
1885725
269612
60186
1494086
1407317
1331540
1086648
1004597
1062715
1442292
1095343
844366
1028092
842748
1894801
726421
54155
930816
743028
1280304
198508
367382
465500
342305
1470259
1446592
1367366
1729428
1680331
1222955
1536005
144765
429738
407839
464485
178962
530095
1214503
284881
1836209
587849
1806246
723965
1782424
719981
1010635
339719
839281
1505039
1607758
1359167
61767
787194
1630800
1557974
1533403
1691369
818368
512259
22792
24229
800193
89488
1150763
1206266
182971
746266
1910105
1531763
1511102
1471099
441445
1635618
467251
1492603
1828443
1054924
540635
116533
1700551
986541
1593260
620142
1027325
1536104
481605
643019
219692
1815873
881489
307372
1229188
1969848
847519
570000
556229
967067
1487937
1741827
886480
492727
467835
1294587
1903566
917085
29650
157800
1929853
996980
1088882
1624161
758637
681488
172463
306956
1055280
742745
1157664
298101
87875
683011
1340012
564897
240393
847542
940432
1793892
549464
1133825
1506950
703697
32210
92231
280590
518780
1896204
1262164
1668989
1901933
481105
326357
1187167
536176
61772
766212
406773
1847554
1784647
1078589
806284
885154
1006350
1635148
1130579
1924257
1071415
634082
521569
1982428
844000
1118568
1226321
1399944
731499
1588850
113682
1249083
1796482
1631830
1034858
271382
1718998
1392856
1172166
844976
1957351
247718
1487852
95088
818664
521863
156941
1598932
345162
738545
122060
1392588
1534464
799477
1987592
1818778
1431432
1008041
458713
14172
672196
1940977
314822
1930629
296019
1738363
964214
521651
1827700
1673250
79444
1705682
1678989
501239
1673284
1960151
823326
527861
1811903
1612608
542637
1052719
231816
98767
1092334
1713341
417678
1734224
362068
585287
1564421
1005702
517288
821190
1315604
1684919
1656548
326671
942429
1747165
498475
1709331
1433014
956407
1550723
1892057
664290
847290
346368
1443260
487259
1505272
27695
1009383
1372946
685887
1667944
1567325
1161220
1429534
367897
424556
538505
446713
62606
1833459
1877666
1604491
795086
1884750
554995
605872
23020
156570
1093803
1857289
1708972
1934786
444177
1603850
1268996
1174839
113801
252473
415607
169556
1128899
1345662
1810737
292535
902973
1464776
546374
1216705
1569918
46847
1612790
1933150
247022
974683
869187
1122706
1384731
1903859
1354719
1215242
248157
1481552
536290
1447646
699324
201788
148454
62518
1794212
478593
425433
1614864
1470858
1880802
1807332
691205
661629
1962498
1295330
479572
1618189
1528743
1109026
11960
304080
74160
580310
1901783
1705750
901481
257176
1249483
1388652
1572082
788887
1275817
1008250
985965
193973
8922
1207396
457616
1963664
436375
1705347
264518
302878
1523326
1861947
952851
1459730
768914
1907385
327318
1493949
236383
1356763
255334
1264853
1370082
1334577
328860
1913658
1866401
575597
1605792
834570
1567923
1525555
989102
1330828
1971037
662908
1502799
496447
950584
761138
233951
1828683
477027
147877
437285
1145814
1652553
421476
1946960
469249
73687
562170
925372
454596
1204240
1599241
1878525
1441041
1330675
1717015
1251641
572453
1189587
1911186
1385113
1507194
1589940
1954791
1134722
1926167
102674
1784369
89719
292649
269553
197706
1880988
1023384
15795
1065294
1702635
438206
1239931
207343
1217914
1379763
1854344
480255
1003940
844793
637238
1546908
753742
987336
206882
792720
1472075
1681965
239443
1923557
1512678
604018
621894
1573952
41022
1957295
1894579
1640692
1611244
1172572
1203465
1658939
54712
1646781
818950
1125888
773929
395621
868770
1153570
1603576
1798610
1360310
394399
572510
1655753
547711
1208002
1374038
508733
1852585
1481190
1759987
1886137
1211157
351310
152506
489861
969850
1189592
757772
1977575
1874564
229808
680318
298793
1953919
320481
1109360
521927
1183579
1062915
570034
1550165
1116670
397923
1618182
562117
212809
1624241
886507
1630940
1231766
1938632
1652533
1286907
1401622
1858756
1198422
683580
992621
626970
1228960
1702181
753066
1414732
1249478
983916
1404518
1712423
237154
790887
1699162
84184
107835
693624
1488245
1615459
1135842
1616718
872011
1275159
859884
620091
1569772
1203585
619741
1485592
1030759
1079238
426372
1167135
1875599
279116
1304844
254584
628409
682506
1012672
743963
276825
278338
1503172
153870
798881
1809952
197223
1305511
1814875
121667
467527
1462859
913135
1038250
630765
275623
984993
216685
1876988
198899
851820
417440
1283096
1406170
765404
271077
1046866
1548664
388855
446147
1151780
906283
754451
255509
230078
1841778
978288
1021651
1436976
1441840
1553605
1455867
579005
1398614
1634951
1290625
1545428
1899216
301674
1945305
859694
1330843
6240
1995816
1330758
670327
1964734
1820100
546351
1283834
395567
1435431
1660492
1217635
1695161
1063510
630054
1868447
744125
204628
301127
54710
893996
1917258
1263470
1494696
1603286
1622069
1595565
900316
1346108
1041889
686562
1600471
1947982
1253897
18333
1814746
570057
1241956
875087
545868
924923
1429479
1610938
102431
1671878
246351
879908
1380108
1230478
155178
1023467
671002
33426
408726
1057048
653603
1471295
671606
1573278
1194333
625708
730008
378526
1510922
1516942
1959271
990928
1779186
1555878
1249451
458610
1816386
415559
732827
1069550
1904206
1255559
187598
1914628
1051826
1839562
1485995
1161217
1378064
1462548
1984384
1488819
571232
560532
1688884
1606844
1952373
629280
1668733
1465565
1320912
733118
264746
322441
1445156
922989
1036670
385264
573302
1499231
1021982
985818
1553686
689554
204799
78741
602439
1693267
247659
1242204
1938451
340811
150398
1826700
913178
444810
695856
1776602
686157
85395
57014
1636671
1637843
1476358
28616
533287
1899073
533115
1069620
846550
866071
1137676
701361
5184
1834389
1379970
95251
221583
1736121
241379
951970
1156160
1120733
1704149
387076
1408477
1615469
5291
902291
182560
1614313
709493
139301
1994757
410143
433111
1840305
791540
769511
191527
1912461
1297646
712787
1758785
1203722
187592
1373866
1060340
282447
1151566
1262130
1743718
482734
353091
1892066
1085987
343301
1727662
1049975
1029963
1463971
929639
1721099
296689
1016472
805752
72708
1743124
1630905
336115
1513017
1118703
1734711
725819
323441
780973
218710
1077489
387723
604107
101984
933518
1281512
365584
148153
973023
219746
63844
