70776
440335
1738422
52512
1683548
578584
1837267
51958
1055872
1151518
1733889
1169700
154320
1797704
516703
1663992
764917
870389
1446169
839214
573502
1057936
521223
966520
1718413
1187737
1858933
321466
301597
694670
358282
337848
1746084
844533
1609070
1005498
352824
1490729
1497319
587611
1535770
518990
872799
625327
1295745
954969
1812992
875984
1406818
1300351
749708
1897643
1771112
1956881
745240
1752853
616187
1211377
1371067
1748967
545404
1781753
1272906
1168195
985174
1027295
1468775
1827143
931666
1133650
311603
593718
309160
232484
1900412
1749857
420121
1362652
915231
648631
642515
1139235
1610749
1493606
672902
1997326
1149232
65903
406396
1681652
1585149
932762
1427830
648314
1319040
1002285
1135638
256939
224519
1591108
1303222
1438255
782848
1892260
1397119
1706781
667157
1558148
442054
829498
1983754
1866716
1401110
241807
369661
1027886
1561726
1127532
1872635
949105
1175279
14836
195808
563445
1239065
1544742
1832660
197139
980348
886968
483315
1769558
1269632
115901
1567526
306158
1354347
517818
854782
605391
418596
1729004
1063471
1178793
764400
1066988
1848350
1647492
101405
193575
191082
115510
891238
1032876
1335604
332638
476462
808843
891442
999702
1494807
715118
242510
1223646
282087
1985413
1060574
1264389
217659
496317
1846873
843536
37995
1178755
644659
1653155
1744476
171737
807956
611823
1932340
572214
1888563
458720
980364
1055804
1715660
1181555
704383
1830431
749118
805093
1880411
1662901
423230
1792531
329594
390914
811524
1171102
831202
1611290
949101
1548930
1251471
1675404
129847
1837167
104709
1216921
1350263
14837
1687683
812371
252521
1374651
1538002
1956733
426844
1762049
935838
707157
1907373
1106235
1782335
160831
541026
1287784
1816624
945457
1207738
570308
854743
390055
873985
145247
1086183
1933373
1821228
1159986
1460410
1423508
1405727
176303
641328
1377165
590222
1605959
1653280
1936988
572627
744911
722595
1577504
1220122
806279
458132
1487604
296125
1143906
1941443
1246857
1449789
554187
332684
1941460
649006
1480141
928903
1667745
564096
1818843
781053
1726922
1595225
1514285
781320
925083
343226
1771529
336325
850012
744458
116259
1423788
18263
1766975
126349
17838
353446
1559150
1926339
1649285
106454
1308038
859888
73932
242985
1439128
612087
787199
127790
1692391
1738057
1212836
480253
1926543
902148
1162235
1023802
511563
1832857
1689860
629963
1621778
1089886
866064
10502
848258
988490
709793
438879
648902
505908
221339
898980
1379830
1396602
1241744
136709
887756
1909651
947890
1544844
1051817
1311714
1903583
82953
1191377
760605
1446515
675088
1943227
1808972
776093
1623249
728804
1014958
1673437
370620
1937015
976606
1445661
699857
1607492
764381
103325
292753
1698206
608541
1537156
542840
638714
104720
1371596
968279
1891254
1515965
705520
356487
1222313
1237531
362644
1273938
825216
635390
1648943
512736
824467
1867548
829920
1653852
430638
1626161
1760214
1764694
15822
1700313
380287
1133672
886733
568366
1615945
679694
170154
1800163
1276306
1416924
749435
513408
103571
70239
808391
1836167
1304257
33916
1821750
1932217
691880
175207
554167
340738
1126617
190238
683463
451653
930204
1062254
1163992
447314
268231
356363
1926898
778282
327130
559415
1244430
335634
1852313
28365
141009
928797
1813081
23893
1330237
522397
1978142
412346
1057625
457420
1034565
1495447
954087
1468811
288168
1816897
1086139
1240108
305054
388916
1828187
956503
1762142
392648
1673075
1800087
971940
1101756
81346
473270
636137
131066
708161
1695641
101319
255774
1119786
46969
67295
1043816
498147
1952677
1841893
488126
1185302
1758427
1231515
1243591
269119
443648
1670333
1208900
1172035
1207166
1553744
1423069
74378
588830
241117
1765641
1277633
1781682
967737
1479441
1773769
221930
1869789
1763937
1401877
908626
274685
120003
36935
1680516
1724327
1795573
1632942
220360
717893
357119
1243749
246665
1828190
1025366
588665
224935
30393
248378
1380469
1474165
1032824
1694729
453003
1048918
1459569
1195504
1460195
868965
1816751
730702
326903
100336
1279324
511835
763757
1493646
801621
1836460
837009
1203604
1841951
422740
619788
1112468
608659
1926384
1077325
1410062
1192332
1460917
25881
798640
1973019
256825
1055229
1330995
700857
1510652
1130266
541291
1327866
386877
1409311
1740528
1600281
956920
975162
1634032
608690
1058603
1777212
1609482
848693
230674
579915
395120
961117
738119
1313136
1624153
1591698
1723603
1025710
434772
231642
1374180
489237
730569
1288852
51487
998813
320209
1235501
1177042
1275282
872383
449875
1103640
1512557
1807645
612387
1765819
882190
1843505
1237133
1019456
1119542
479738
1488621
199619
508287
549275
1933139
680696
175479
1866342
1991817
769720
661887
1781739
1058588
1533951
55773
1438040
141142
626679
1916294
982704
563345
1353735
1955258
1456796
1551966
711279
445292
526005
1515154
213662
1858500
944655
1088840
193382
1450487
908859
392656
791436
1577598
862462
734140
1754765
603674
898666
453927
881582
1630368
772939
1657857
1304245
1747376
634346
1902822
1644299
1560405
200137
1351695
1301568
80781
1331986
1982646
128369
752987
1205145
1414200
803527
85685
1609795
352726
1055125
268994
1563816
1407921
1234776
363111
1846460
1521005
1823268
765637
114498
1345598
323977
1871945
1163221
1803835
74202
135227
1668658
467246
391105
874925
328484
738251
1712433
1415876
115941
321085
652045
1150051
367625
470674
1397299
520026
781310
1520194
1152875
1859059
1187163
669789
1320112
67301
180409
974443
1300058
634305
543249
28613
177358
674599
1452401
1821417
14647
1538276
637023
713017
302293
383765
1091953
1825832
1872613
320478
1706668
211939
1532752
528289
1065361
768189
399802
1957576
829125
8164
1904004
923378
215149
778410
1212398
155401
1911412
638500
1610194
325855
1225379
1624851
522703
1055542
1288480
1018266
740933
1613496
104868
1559776
1223527
1084618
9340
619986
1216555
1741906
1949645
733226
218719
274999
1456316
214712
1912365
714471
980525
715334
843662
1159641
1476193
999812
799324
264310
843281
1274618
283436
1527486
963526
1076909
1062136
1185313
561610
1459794
1822215
1034456
1581625
718830
417371
886452
917261
633312
397158
1413879
30444
191358
1911444
1304870
1439964
1394476
384898
865465
996069
889279
141688
1238224
1855795
1464792
39542
25112
485598
1340147
510901
480465
200349
588751
1541174
189081
638511
619932
116562
1760319
1583645
757937
814961
1189245
625021
1749283
169645
1551668
735505
361136
341815
51751
1405057
617386
220416
265961
1055936
1671636
910987
502574
1428987
1504765
1542203
1712877
722330
1832310
1919353
650298
1558366
1796575
1570691
148210
116705
366535
1018565
1999265
36600
770404
581218
12422
300701
185232
558889
668498
1311279
1239119
210671
952651
1403673
1325530
1278170
534146
1716767
1707422
355376
1130751
563012
486005
553387
1063932
757812
413574
664891
1748423
1134813
1013377
275481
760215
734592
1957606
1705237
1835480
1202454
1968820
50837
900825
1662824
402619
228682
1311641
1122646
1935719
910149
448225
1832496
1916437
1463500
1641796
315956
1279639
1358269
309552
1693480
115002
758507
812260
574613
367203
1448659
1604909
1059738
296375
1845077
329606
505120
239321
1939523
1276750
1579837
1642938
1314333
720578
385800
1315840
790823
416520
1753086
1955979
1461659
1018523
1835911
1776770
1142410
1789828
497086
1480141
1584141
585273
1792154
322757
693597
1386414
381490
1943217
1479758
1431006
1226263
1434614
1393952
1827658
1551204
865390
1497352
1626370
1293010
373457
573454
1549439
925024
635398
364355
658670
1262133
1022727
1854180
331131
644435
601353
897715
1906720
1147976
1103119
113587
1818696
76710
1529406
380973
1941307
765936
1973701
1653924
1970087
1333180
1913463
1455233
79071
1000593
1054427
432916
715053
1658792
1004355
490636
306818
1982079
585313
1176319
880890
1014389
773015
798816
133086
993326
1931564
1786998
1950686
1363721
234589
1843501
1649091
736118
1180815
491771
1201198
1877253
96702
1311945
1295751
1389517
1338803
1674018
1002188
1658530
29102
1868998
1547915
394284
1184769
1889999
1866151
1979296
64619
328815
613411
867050
1182746
696818
1901947
863207
211162
1886762
279051
493224
241817
660224
1617223
1141038
156659
878957
623072
1047312
1442531
1383255
1108699
184996
1494808
861708
1080081
268915
820550
647785
317167
804748
1362421
1168425
918080
269415
1550023
600255
1937643
876956
1088557
929032
942769
527999
1842214
218998
1215665
306329
1517318
34995
804633
913399
1750382
1397063
1521880
1285816
554872
1969857
479855
61227
474985
803859
497573
1267034
1421576
988341
725513
130532
786576
538039
792042
1688053
1696427
600331
803269
390790
985856
1671499
289555
926382
138099
1641574
452445
993221
573176
529387
1202030
1420127
286086
86390
1443163
1853039
1564514
1045386
1136435
1730990
1148345
1391240
1166017
286276
1371437
758521
1072551
1706425
1155880
110819
1682296
346332
1836766
940733
349684
1990402
1203822
178558
1021199
617249
794348
663455
113100
1466418
1167628
237845
412116
1298740
322681
192311
1729912
1037167
746658
1528994
1402095
846522
327524
311114
1091349
851731
1390395
1297369
107944
264757
393964
1074572
768278
580064
1493877
133006
1369375
1461051
117859
1550174
279393
614031
50172
1999309
1704779
1456341
1090435
905732
128555
592418
1266214
1841659
1449858
1535818
1808373
1002872
1303
5240
866302
632209
116218
553520
1128655
407192
202691
1815862
1892059
1553225
336609
605472
877750
1681315
1308071
649329
582844
1259646
828793
56061
1817545
1917729
31594
311852
1433812
328682
587145
696602
938091
760561
671412
915420
1947007
1835384
452885
534044
454746
1312955
1058494
34512
1694258
1602322
1897804
780128
572622
1951342
1854347
386498
338298
923374
504209
780827
1702243
67995
996045
824918
592148
493997
815732
1295020
307970
1796160
1032289
699778
1528598
936190
1203475
1188306
704457
1252193
83747
1801232
1446196
1398851
1535043
1219831
6361
1993155
518953
1509880
268835
419908
1407083
83414
786937
615319
764622
796692
1961764
1844620
1046492
758022
190572
613048
841808
682781
1881090
1339978
857247
1599459
1364909
726934
1580458
1100243
466602
1549886
1719819
1248583
1106678
389030
1510556
199997
143379
160687
714298
1114469
548029
1766693
850796
81459
451094
431836
907204
726403
12955
1789175
400054
650979
26686
522171
875751
1455550
1130032
1892497
50075
408792
25090
1822341
1023550
505518
522089
1705597
1272478
1955835
1999167
123457
124621
625126
1552002
1674212
1832867
355081
658941
1953808
1786686
693349
1113738
843591
81707
149538
379666
1584137
853335
525938
321135
606076
1870836
684982
70140
1559461
323057
1101435
1340908
1103331
934163
655778
589810
1891200
1987084
1198770
478045
190242
231032
459939
1187088
241613
1795547
814357
737559
1455054
1701309
1488745
1047151
1713463
1034486
916886
364675
603646
589119
475258
1960347
1144957
566362
1615097
767245
458537
1928228
1249810
966331
1715008
1859480
1623149
777032
1365453
210312
648567
1413850
87974
1218713
1028359
319540
1885932
744986
210471
776222
900224
1600495
253312
1524855
1880688
811722
601513
242183
1920601
960860
1151154
512179
979740
150395
1407413
155081
295670
47928
1651150
1574255
154085
1983009
1343307
728291
896818
741464
1654279
1415520
317555
1942059
1953165
665680
1037717
1849148
1822957
1990590
1797124
293734
1381149
308286
496919
1657022
1680057
282953
1614807
1322297
640725
771627
319596
1122476
1475058
1770450
1932077
1444650
1370531
1233561
1445930
562154
1742745
1808155
927473
737241
1813527
1082164
274436
1032965
1830584
1435912
1747730
1888087
799948
879162
798891
1557735
1907401
1443479
632119
1021366
1043190
4227
499511
485741
444780
302881
1500055
208152
782124
690844
934261
326527
1183637
1856914
1193969
1876994
1250493
990814
1193241
536069
1435360
616034
183359
650104
1607004
1893516
476623
242768
19757
1809063
724581
591724
1273092
686820
1238617
220075
305758
1698307
461475
375529
1984881
1667956
1643653
1282131
1378638
1326864
1865013
578727
210050
957600
102240
228687
145633
1235101
1401590
284485
124222
8948
467141
826369
1844191
226966
1981318
1918062
46419
1576411
61019
1784766
1571338
941947
100385
1771044
1482262
1423568
798814
157950
321548
570969
645305
1186797
1414222
1123959
67488
544810
1528015
1100
1393630
1262942
510654
1948669
495733
1224037
1593332
403286
1534951
1787886
109170
1490302
1516317
1764221
1506818
1089301
514259
1461030
1772693
250555
1115306
337368
1885880
1720565
1064325
84403
813756
1806785
471229
270317
1784728
1526201
253024
561835
292442
1894072
324194
353754
1196833
1481453
505084
736497
1655446
1635644
1507074
985090
1199984
765321
163837
1749831
376950
1891921
624381
792088
1804637
1643718
257151
655366
361693
1050235
1937434
619795
97166
500740
389010
1839163
1781150
312238
1687043
962516
1313597
1087359
639402
447868
1162144
651460
1197872
1246042
523993
1183022
852465
1428507
411497
1746229
522868
1442900
1354905
1131105
346558
674627
1129813
1825736
655605
708110
652840
924979
1581966
331586
1819604
282459
789819
1949189
375929
1460631
887532
321034
1023903
1602650
1064527
970875
1017821
1451931
1083116
356797
1681955
1628455
1045243
1711240
1865860
1177607
1086048
1082920
913442
1050737
52991
194540
758417
1266356
1230900
1674356
1560970
1853040
1177874
1254818
610658
1163382
390945
500227
1633191
210173
1887755
506406
605933
858018
1491835
1309457
1927111
1897259
142464
1854558
34482
1352308
1312935
1392261
654263
519372
1007505
36153
1232617
110156
1171538
1001398
1935600
871967
939135
1570085
801868
1496449
241406
180223
364369
216048
781531
1457663
96269
87617
573348
581163
761763
843986
1741828
889197
1377665
1868653
1117488
1133705
1491658
1288645
682332
1706617
131620
1796265
443656
1325066
95240
293976
1499840
735563
1448581
1201576
351890
313325
279323
1675821
654882
1300755
1167583
313595
1086450
594479
1912141
1674531
1974604
664396
1487483
1830074
806459
659785
1096572
1917681
1130371
605407
1347161
5318
988616
761361
1688731
370162
771581
326098
1646501
352821
904678
1375980
467252
1378167
1818938
875813
1955893
1028318
1839551
811782
971402
1862650
1350445
1721160
1016239
1391477
253317
162382
1511244
999365
1108490
795072
1929145
203785
216286
177246
1600783
1961998
1094766
573453
88221
33951
584903
444489
1773510
373635
413281
1086931
181615
1491478
1218393
1211676
458415
707701
756129
700848
1510655
1624750
1369866
510306
1932524
1410735
1245427
913267
1324631
1697515
1421833
1531965
1860780
778714
1301492
1515703
14779
1084108
59211
1215886
1805053
914510
283761
1805187
96172
936434
1201472
287169
1239702
1867991
1206425
1307345
112994
1589226
404353
526189
1366702
1020325
1002377
1039861
808660
1890184
720796
157342
256033
1902001
1083146
534266
1730515
317768
38492
1785687
725353
818915
1032085
443621
1601834
1356627
865199
1693148
1296950
716475
486271
759628
871453
2478
309637
439099
1703406
223674
1790721
1190049
842522
949583
67024
111366
872791
1947546
1178566
1789456
1015373
1861019
491624
900520
1851481
811865
720247
774284
1798912
1533498
1471282
932459
200360
1021892
640694
4288
555915
727763
895969
861804
1490061
562491
341428
162393
722485
1758074
1105932
1080170
361583
1162640
1451444
925272
954784
1430775
261665
1932858
195914
422896
536578
690074
1050214
1195840
898548
281888
656191
967445
432417
1934239
187390
1346323
714295
957030
368134
1094267
303991
1014646
1734016
1091434
969480
1973256
1283206
1992075
1634744
1720555
965004
267894
22405
669673
1090933
1601062
1011813
1394047
893842
275877
316722
641467
198723
1187203
1597357
366821
342618
306434
1871549
1726901
1468615
1838322
1333225
766664
748808
1609591
644470
878637
1472846
507787
799820
559693
187991
1054444
866200
1863981
1137350
1378380
1776381
1450898
211294
463454
337013
1093800
149521
1730340
154951
508374
1010563
751830
865356
165272
342201
423873
1598068
1887496
723023
516298
383829
878964
1773442
1955723
1019059
147199
1991796
180106
93885
26158
803068
1107219
1681951
22659
1610403
452494
742177
1656181
1882553
1500260
1268497
1046135
722752
383407
215007
1880462
1317950
1564561
412306
1558463
878211
828249
1278250
1801639
1482662
786679
1268146
1820918
1983431
856036
1830218
1556793
1593051
293560
1597335
1586019
1822711
1633074
1240637
1689729
1288382
1648894
701694
1016113
259859
206138
1039251
1018071
1672087
753304
1188175
1900395
1919349
122747
470720
1699597
963890
323518
1753562
908421
867618
1298574
17468
1708168
646932
1450465
660100
452943
929818
539289
1281255
1434700
1534335
298142
1738061
1787785
1569754
358012
376333
836955
1259530
1657723
917674
1505661
1755708
1768445
1267072
1876060
1144246
1971237
322042
1321572
501817
1958395
814828
1125255
1243108
385298
1578007
1068262
542333
428727
1063048
1729525
990667
1971395
990404
317377
322244
427143
1819340
623727
1018484
738740
1755716
752465
1531800
162200
1763588
1222037
1698113
665043
615431
854999
1521003
749229
501193
959956
1234813
459637
1637937
1436683
1433732
462651
84540
1679653
1376584
1130480
1264823
1629848
293145
643015
1914212
1243468
1140343
1376124
318925
94341
61545
785047
439303
131925
508520
116175
1801163
826441
1351124
776497
918239
14352
1659954
1806823
312252
889447
1399635
1923697
1943279
212388
104623
973213
632553
263062
1812746
1676918
1044994
131375
711968
1032925
1205861
223784
759702
1792107
1933922
1608091
313993
701913
134357
313302
1958726
1319135
1465006
1555250
443834
19577
678042
1877186
1703802
499924
131741
822481
763648
2792
1089145
1640188
1615341
703452
1657786
1127568
1735732
709912
1156335
821304
1462791
486573
1887424
1420916
50537
890889
650953
905337
769499
1012348
1499235
1408068
594441
397875
1300226
168568
684885
1582628
1513386
691617
1130590
1239435
1312585
1975547
727127
1708542
166675
360475
325071
592323
1819626
1128195
1223889
569272
278809
222991
1799068
1956703
456722
1368969
1069022
1687083
1430217
14764
729540
1760685
1009931
296710
1540882
1994409
1210045
1528521
1633239
1983269
1989362
1227908
1194369
1861767
1957676
1444402
771338
1127034
419551
1725983
1064522
1090826
501553
1502695
839017
1340987
657432
1346218
1945858
1158962
1756394
771540
82752
35363
1294760
1429471
537366
910582
863066
45826
1969167
1665463
1694337
1995953
197991
140107
1057526
594718
89298
1372707
788194
740142
915009
571832
1868631
1361134
363789
1194054
400890
383165
1179238
206560
234694
1364439
551147
378636
213913
311848
295733
386238
1654986
659563
985172
966266
933477
961127
437725
1970810
1895526
409728
456341
840908
889452
376169
709462
950013
647364
1542430
795400
224565
1292976
1422205
146162
1395565
1421782
1669175
889039
1554112
1177331
589055
596204
1469604
459797
1620794
274207
685903
753761
438088
1971802
1333077
520348
1683991
1246178
209121
1972187
955692
1488001
26791
417923
1982620
192640
1207183
1912399
680443
1997964
552219
1983204
1823801
1784278
304351
439835
1322521
228601
1439378
94690
1549326
102299
1116791
1103920
1632225
80480
438241
1676837
1530227
1642300
820001
548317
1494401
788222
163022
1851916
552822
1839606
1154422
99518
44183
1966937
1383585
713492
1051727
415060
283432
1087550
1442862
1600304
1276619
417154
717596
589686
658394
1181274
382097
1707601
1815831
804699
1702052
1024976
490939
516659
1136375
1504137
128004
643573
1984287
1787555
396818
1788255
1845118
228875
1161371
634640
519387
499849
765078
1964534
1465674
1926889
1021935
376981
1075128
1053071
1864968
242625
266840
1146411
986314
1296115
516525
1330955
1771102
1297004
976113
1674735
81172
562898
1906720
247902
1931306
296889
1898191
1602513
1668005
1267628
1706042
234158
1840323
1861412
1758646
50949
542639
929705
379066
1975708
1855457
908831
1178311
544957
1178768
684221
898226
1805015
826272
56120
159980
914602
1209090
1862960
1241722
502155
1466898
1667258
1330533
9656
1418248
71099
1763600
1638932
606786
31958
1825429
643104
1384534
1877988
508038
1196302
1748907
782897
1690020
196687
458271
1678985
1120647
1801167
1220476
1688614
1161367
939781
1822563
1226208
1661061
1073779
384340
115499
1413094
1052352
406968
630242
1727775
1564292
1980048
161711
1038097
212491
1471353
1067421
1989922
812992
977549
111291
242470
640024
549806
618948
1821456
668800
1681848
483799
595598
88405
493355
1043685
313834
1170954
538121
1877030
761032
665063
992848
200477
1518181
1822659
1156944
380245
1036578
185261
994608
877934
901004
1507636
1449993
1747476
1753016
1736650
1249024
1692333
1748866
127778
289098
1773742
1674603
762427
1424562
1573965
43005
27917
1878042
1273538
1991806
445229
1286485
1806219
130913
538790
798232
308754
343134
1274716
1941652
1260104
709237
26528
941131
698385
743214
1217521
1367644
1013177
1776647
1282098
1474012
1577471
860988
1055323
322726
705570
584404
1670059
641086
302644
1769895
72683
365455
1999995
669114
322656
774587
173659
836412
222117
318572
1881258
810734
949584
1931923
23552
1119575
1795180
431048
694668
468309
187236
1028291
859550
1461480
797029
1009625
356903
1031509
1192903
1773157
185742
653487
1194548
1361954
794507
988539
581467
1274629
29686
1280646
1695121
1543031
1961308
1628728
1484338
1072816
1796169
1840234
1555033
540206
780812
1925271
183904
100888
1460190
639536
1044480
1136286
1095675
1932318
775157
1318268
928600
92930
1592102
1769249
1203100
793279
1576414
959496
450313
960162
1136192
868795
1536464
1649751
52334
1530364
1240040
1745064
1140901
1794571
2348
1013695
258005
521933
1174118
1631442
1210781
792941
910941
344627
1173132
1178760
570119
922059
1143176
1578181
151314
96701
1939846
1585756
1059410
962361
1140428
1478381
1065386
1482594
502229
1793396
1591149
321413
308587
115055
1711411
418900
1028582
1690524
1128135
1359855
1352209
938415
1108826
917864
1190491
462496
320437
1640959
646026
1063937
202424
261860
602766
549370
930795
1253831
1692637
744442
828654
1977681
339256
1589468
764390
1913769
110656
1645347
1797801
843584
647277
863906
581015
1133810
977685
1141259
1939551
231210
1297994
188736
1626215
1317306
538359
872195
1849921
1590968
695320
544822
672227
50848
766814
1433886
429338
833758
1226461
345561
1623901
868220
1696263
855793
484165
1167112
912665
391337
1969192
1099657
1844944
686983
194446
333378
1836876
176546
1798792
1112435
612184
1961371
603482
729959
666967
918372
1993870
948740
42042
1280530
936932
118618
243247
1668267
1820183
709726
79609
680264
167331
371165
1024085
577546
1198636
639830
1459835
1650503
94419
1848203
1692183
1481019
1559271
1747544
1436875
112373
1666708
1556541
830097
1061430
589457
243362
603438
828251
49411
1136840
326576
1074247
1025643
1452960
1394599
990506
79213
1822608
47680
1912109
52944
1602951
1403003
699880
29571
1391223
480666
1211935
712706
708528
1282793
1200022
429003
1069259
545716
546538
400973
1956512
1655580
1277360
1866446
902538
842085
174011
1037227
217098
1784932
1480960
1724695
67580
1882855
875174
738567
1507517
629735
1233296
624475
1459899
807253
1194841
1715097
1439190
534387
401088
1014542
1828909
64110
1554926
694276
1117808
183191
1929151
276554
1918384
714883
1432517
1213977
185382
1049065
713372
318681
1977863
1799140
625013
1194869
789812
18316
37517
11207
39950
1060150
990512
572837
1890238
161703
1965850
1867942
703170
609434
917438
1182397
9467
214284
1597593
1057478
708363
1178510
281197
190211
22415
1240304
832017
783710
1913148
1285928
757668
1046340
672338
950729
860226
1714366
1951878
1612095
972119
270550
1602524
652301
1388195
869655
991864
715211
79498
614382
1895553
1050871
1341458
882441
1508751
789692
75434
846632
1781705
189135
939737
186959
716341
826599
1734762
630422
89556
389987
662241
188420
615418
782328
398064
1957739
1025933
1954874
1506207
1985050
107107
516792
1551167
1358038
995699
1351416
1014308
1800182
1362912
596985
972889
805586
803424
1025199
1978521
1188392
401185
866343
536452
1813458
647672
1717044
322493
1773914
835079
25024
647182
1009271
641727
1332381
939405
1601141
1912012
61085
1938101
103527
1595548
1375938
1972116
595788
206086
1746268
117607
439104
527599
1000919
1197703
534795
504126
1217761
566740
1029870
20970
605223
849118
1495731
357671
1383098
1531533
396675
812441
130812
703095
1585031
1944509
1136820
143576
1440738
391135
405290
1284917
821245
1735299
1488962
72970
821793
511740
294370
1781429
506531
1874572
323158
1312936
1433441
1294468
905634
1406507
1259289
311200
800378
394101
221214
483071
692977
116269
1977737
642630
581716
910873
1740462
471738
243756
703900
1644448
1278132
1898335
24310
315292
1195108
1617674
974608
1843257
1489390
443877
1148566
862502
1764018
1669221
1126158
1441901
374521
1610589
346604
1686854
1854170
1736831
1664683
1911159
1205493
857235
1349741
1393980
586515
436553
328669
1578299
1297323
1109620
860454
1298876
1418218
660615
1013260
457137
447703
811170
424560
1783456
914178
357012
833898
1579114
564449
1548325
268940
1600081
1894492
1203635
1839770
758892
561376
1636878
1218847
1656125
458176
1508282
78211
62147
759510
1572903
1139632
1016077
724298
764579
93485
762054
271102
616291
1548739
594283
1118905
657378
1456670
1819176
1986206
440845
1589316
1361861
1790382
1446512
361494
1493805
314112
470568
985019
162619
415479
399795
1209180
954398
128201
462796
1933020
371058
22763
586976
1522165
19449
138776
1856495
289888
845220
685311
1047352
702181
1157593
1952146
1759637
350754
1712574
1015550
1535600
1521535
50051
253227
1342901
1568043
1161222
511757
68483
539287
1165873
387183
286891
257147
1506446
377620
55004
1836195
345412
494364
1049178
39696
45087
1779416
1787815
546688
1197582
1387465
187984
1789189
1004971
866845
1003994
757117
1694430
1246202
1594362
1316879
679250
568531
590498
720659
493661
618537
1418934
847310
1383585
1669841
1851150
1843706
1809240
1255284
466532
1948941
72295
1745121
539459
820913
1754405
1666578
190004
154771
1791477
1162765
1399276
1464530
301054
1952917
120070
1642087
1570947
476600
1464376
81415
1235057
1863169
313966
1564990
1751525
1511625
1599691
1453931
993264
1308542
897628
193492
1484878
102097
1908345
920907
1662993
1743984
351457
687813
494849
1326865
1182515
1869282
1345513
974673
1055840
1876528
256640
376118
86834
1441190
1729847
1453324
932080
1577932
789296
1369695
1894527
884211
1862427
1454770
359540
605930
78534
111942
674518
1251600
1471465
1691787
1777921
1771173
467137
1143340
372869
775437
1206040
343903
1497542
1566033
608675
120300
1729481
7736
1715453
1960431
599912
1868750
134847
872776
958496
1062747
941622
1418826
1034123
1840998
746418
1160930
1792058
192340
413539
755633
486908
214323
1163678
745774
1564182
1939150
1602113
1274523
1920770
1305906
200816
297722
1271945
832102
1223816
655116
1500810
1416747
271256
291591
1110339
1000281
1118076
759526
1415538
717471
1169384
562932
1385759
11641
482985
844299
1500913
1631978
343847
1005141
728194
1501127
246548
1295363
1699896
103380
871148
354369
498800
1901000
1982468
1561802
1863869
141605
364952
1344451
1151517
344912
471966
1917409
1701525
413909
1903974
1849184
839720
1901925
1929835
750032
1181266
1345461
1620639
1782908
235135
1609284
1172143
1281029
591547
678916
837902
1445091
932890
910318
982584
922759
577575
1554915
343858
646418
1819506
374309
1693106
778422
905814
1818371
1853887
1604212
1581652
791503
202979
489219
1047587
1659764
1709602
424449
649868
174968
219896
860904
1263967
1795669
1142251
894543
1583916
661046
1261999
735577
1704841
1906359
128055
1904614
1300764
928544
91360
637407
223717
742438
1004100
548445
1245466
1400070
102894
786029
736338
816069
1428630
1384058
119871
1924856
742843
1173641
1031518
1405454
673278
132892
1306160
1485034
1871517
472224
920050
153265
1871825
480693
1234145
344975
1249566
1642514
1712015
1180770
643267
119511
283749
1505520
1603436
1433340
747194
1071855
551362
988258
300742
332067
1325710
752376
1299596
515432
572717
1950790
443212
1068135
1008720
1843056
1671733
652334
1447567
606370
1587892
1136998
1240258
501818
123724
1721259
1410520
699989
1505657
641034
955970
1229334
439334
525381
120064
832960
630662
1370302
212277
1209304
1907407
252219
1641589
441300
1969960
1722640
796762
1708176
168236
170663
551292
207520
1633927
750264
260330
1350982
896913
689977
161795
771501
1881112
1935878
699967
1260585
994125
80157
1533393
723995
1466142
845530
636784
1415363
615116
108268
603246
42558
1446907
951080
861292
1243305
244994
1812386
1210132
217881
1855700
1502365
347896
631476
1748198
992329
71436
667981
554432
828949
967790
52195
1654423
1385877
1151038
521276
1531317
371781
1127550
1580312
157176
1874724
1179905
1729944
1219385
392211
1350347
396575
940303
296059
1245035
81695
531719
1870981
1090474
1614663
377312
1389184
1864940
811178
1096987
1795403
206579
279780
878601
1383208
1744240
1173901
1651531
1596338
1559630
460348
1911505
1800412
903982
1945464
791090
1128217
551443
1913888
238595
1400270
1057293
1871364
572563
453961
943878
1428242
1015044
1732959
1768530
1268000
1034645
1235223
1561030
230865
1790504
1262198
353023
1691036
569127
926603
1853227
491295
621887
115761
1898406
579033
1567319
566589
1469206
385980
171873
383169
1276664
1776905
908852
304505
1515958
218890
1866974
1193662
1869517
842425
838661
523919
608177
214594
1402107
1776177
444013
1994753
843464
326106
1022700
1743594
1352608
754256
352632
11331
646820
577259
1644706
995424
155029
1083493
717814
1891323
1333953
1095462
125846
836517
120774
1103686
794654
1843695
1150290
44382
371266
1636631
1415755
681580
1229127
322071
951150
355911
1502899
1411596
1949173
47428
278171
511920
1128432
437623
391266
399243
216586
805684
828317
1392481
970197
1916592
140084
1440650
19276
813444
1650213
616467
1192028
1793160
223736
1019074
118772
1351501
850908
794268
903662
240505
1258244
654558
499151
152536
1737459
700590
164343
288114
1982357
1039608
44482
216118
1676112
1920647
598983
1144186
226635
1092741
210862
1678131
1663724
170709
608490
327724
355237
141252
387104
1514720
662687
298529
8134
989916
29269
1000921
413987
1448127
1530727
1779696
1495757
867867
1706998
1013974
1232760
1064835
1093995
1197040
1709398
138159
735864
1873327
1658376
1363755
815344
1255826
134102
1399422
866944
1509124
1076835
1454533
509523
1267479
660393
642501
336096
896097
284272
672739
1503646
810139
1993407
1543319
1976262
1930043
268056
1147306
1934228
1802447
348438
651575
1360978
811247
200503
1828944
708436
1167367
971812
1457644
249901
605590
880104
1813740
116283
1169475
277126
1157304
1924520
802740
1574027
1822120
329838
1348897
1916503
787983
314499
269787
837485
601200
653319
1609507
1793950
1200171
669794
1299730
1484043
1088701
139648
57145
1999892
1208380
815884
1490981
1594759
1063926
433276
1938698
1651093
828559
435080
282404
285082
318095
61985
1084539
1007350
1807887
250330
1893727
1091798
1844390
724376
1404879
1077378
1419712
1151514
616929
69207
1858253
714364
862671
1975642
1132807
185937
231955
594565
1844005
1497513
1839698
480973
504287
1253809
1608468
646835
1148443
628108
503282
454117
1687383
51427
567295
6036
1319817
209649
1429524
757471
535882
286397
118127
1027637
502285
1342231
407723
393916
1508390
266471
1517311
991041
259262
1162261
1833469
996062
589374
8507
970547
557571
553797
1220786
461205
581424
1076088
404380
194947
517915
345790
1818636
412989
981521
277293
585542
1880728
943143
1386377
1769976
1654961
1719568
561823
1253540
595401
361513
1657000
1385033
1406445
1736715
398167
903124
1639085
1998095
992235
1418972
1479718
1797570
1839079
236378
362197
1229282
1678843
816032
542718
1366531
1310944
1556910
1640345
448851
868026
262249
70297
1442029
1258653
1157217
1395158
1136529
461270
509165
378367
1943257
1217787
628164
1230819
463514
1773136
1455711
1399764
1325015
1859394
852972
634664
1457370
1286283
1664419
460870
314762
1506678
1575932
108367
594594
89711
1458024
1288239
879621
359466
1425868
650163
457131
65268
662386
1745514
630366
1819977
717961
598351
743608
1912367
1160688
1275940
1926007
1914931
1272071
1618974
1047931
76613
1607329
1659337
1769891
562507
12734
1538471
871758
1253811
1732084
427589
764447
824609
399240
1093307
1731245
395454
644402
450759
1773555
404977
305016
1743710
358847
472894
1311137
1690090
1687628
207388
558722
472801
634660
1550261
1401484
1707173
1792406
1694561
867493
1178140
797814
582245
1001220
227649
39101
547341
1474428
730277
179295
244022
730683
45531
1650735
640375
381854
977479
1784341
996641
1035754
811451
881620
1589222
1296824
1694832
1933286
1009223
953616
1671940
1044950
1199049
528452
1127829
859812
1098121
53916
541117
1502502
1919805
84148
769425
639222
1159709
1383886
619083
993821
704714
1431250
131618
877693
249260
1260147
1025507
1984026
696819
284366
1815243
1874907
1916903
1761515
1103484
1617437
1211826
265385
1593561
1682970
1597019
1593223
404728
1252476
772809
1292306
489002
524043
1793522
1730211
252753
840962
181368
575078
688876
993666
1826634
91832
1436626
1023092
751659
1602898
112556
109638
32935
290284
466067
1214753
1854989
933569
139049
175126
1849242
63690
1736797
1876412
244777
1465034
1533290
866437
1995105
157392
1753035
1127352
1499403
138991
1205551
94859
983712
6761
1884506
519470
1123676
1657821
1628364
1628108
747645
649045
1259192
332075
222785
1450491
1381239
1124092
695721
874173
369768
466021
770543
909728
525205
107680
1224087
1052810
737015
1103452
192165
1661354
1236830
1605071
612991
30610
1953293
688257
1354544
325559
1620097
1228252
62952
1459979
105651
761341
911925
1252348
1213111
104938
638432
244265
267935
853125
945967
1512126
66980
848425
734291
1102348
1641324
639508
1485956
1681162
1268502
1600560
1400226
1898072
1240779
602555
1056585
889139
228107
1514329
266800
402527
743283
896159
1830641
996394
469049
312708
583903
1052111
1227793
751036
860894
181096
1549608
839198
1276402
814898
465651
497893
951860
59136
1500591
1044188
1275866
716804
246970
869233
983670
1855443
1087721
765679
169193
1021601
1844615
481676
1058966
1478939
1137210
1942567
670469
724987
431244
704124
302651
1697214
1743275
1587945
720554
104914
1506142
1770368
1301653
1825463
1985309
1354383
1851755
883022
1230004
869177
214536
1699681
1046642
1168808
340074
1661805
210231
1650111
1757102
1528456
399370
318941
1170279
474046
1897847
1335298
621158
1524920
1655126
323087
1783263
313840
1972853
1354368
1063057
291984
209095
350367
337463
1226697
1401419
1414682
1766450
1401162
1535391
1510115
1038838
786021
1633438
43703
118559
1588192
1111190
1456115
574794
158671
433322
582418
1328900
822265
1816281
557978
1870047
898050
1561190
52537
218890
1976757
1841813
1487683
1155136
123156
715534
1549468
1774576
1711737
1964354
1444694
980644
364108
1459102
1564000
1608808
1452198
1528488
1628413
1219333
602171
1659841
1670322
712321
1454893
1897571
364268
1667188
1284756
1167928
1361181
745398
394066
1380582
1166252
410153
1163618
1364672
768646
1388679
1934537
1839423
198506
746636
956190
1795783
908850
1047715
565578
119550
1912466
142803
1710000
120477
1766664
1765025
1835606
1132648
472141
1020234
1037669
1145635
1239581
739654
274358
13064
571711
105995
1434582
1357639
40250
1855536
398017
1562803
643645
170992
1795866
244774
1629432
711134
1717231
1362539
381476
158871
348806
1176369
843479
1017435
1022594
1872796
1497548
1197168
696918
1704934
1298058
616681
600104
1007662
709948
936814
1396685
94318
693693
1771786
1649580
1389153
1573390
324356
1987254
145875
1331969
497771
75694
711382
473755
1667577
370253
208066
134804
1006459
108254
1064813
1298912
454483
886770
1215764
640178
601857
505738
399831
705539
996812
1060490
1318655
523787
1949304
1212243
1016841
828564
1804044
1239780
1296779
445065
1065234
1452533
1431964
1408225
766490
58387
1572179
955680
292215
1046689
1434481
1030676
1621029
1323915
378213
1028433
481256
207710
304438
1620477
269017
916564
523912
1359448
185639
147556
691894
320893
1057138
1158424
1460467
388528
1020007
109987
38082
643222
1435792
257171
1390670
1543696
127756
1982870
1110400
1100159
852161
358659
302640
1211751
1020969
473030
799188
969487
737250
695339
23225
19409
448096
18657
415365
1349530
1686232
236512
1480983
1240134
146527
1557834
922904
168251
816521
1607288
1312747
1179470
1442973
1628922
264794
1500380
1426234
497856
1164832
1041420
934518
823015
1565111
921407
423416
398818
163756
1406348
8481
1000278
1805130
1046424
561184
1443174
317432
1927565
1103378
1986928
1301568
1129710
392934
1646999
1746750
97194
645097
1784609
639760
28427
246007
115778
1684805
1652885
1367251
1752883
423906
79237
1178788
1413858
1404705
706089
630775
1155396
421265
1767421
409613
827947
510243
1749643
1774425
1973583
935616
1448399
1630013
1496238
1777050
15711
1734914
1212754
517043
816675
981451
1815479
1164579
1710387
72853
823375
1040780
862321
703251
277316
1284713
932663
1457740
1149839
1870705
1147345
789308
1579602
1965588
193639
171145
1342511
604860
1167491
658814
1792852
1410078
1868065
643761
470961
416114
487298
1164463
1215107
669069
1419311
1996089
295162
1315354
370075
500941
767978
130864
1251182
1879531
1802606
235582
909956
1742915
348182
1406409
550361
1125128
1594876
1371412
1150147
502676
1817736
271844
1284379
1338018
1906831
797036
1606247
1678181
662762
1500605
557821
1793735
1390018
1477844
1648831
177836
1814033
1937795
1666478
126012
532532
962471
323826
106600
228913
1244669
636996
1557549
571472
264059
1601772
305313
1640317
452898
925548
1785846
1705561
1625843
479435
1347021
1042743
639157
1283622
1814115
1515334
75812
1756768
586824
1508928
1524704
773712
536109
358388
1131963
706218
423900
212747
1204597
188933
770627
527894
1638851
1420261
19853
655858
54258
1593017
1412766
736678
1563272
1753659
462904
525632
33872
1341805
686501
915654
797975
1325167
25963
866602
121079
1230315
1478271
657678
88731
1955382
1363448
1125030
1251886
760392
1421854
306000
1267459
42318
1740042
891277
1549402
1846117
234497
1432348
36701
91709
463515
120019
1907973
940820
371918
1074292
203470
1966232
720495
459513
499335
480728
954502
736578
850163
1558827
1212687
861639
18094
1560180
650908
784324
1984507
472509
1265346
1030018
1532068
1815067
1024981
774771
281007
237071
1225746
1607503
533452
22312
248721
1216747
146479
1097136
1795826
1903187
311814
517328
1066824
1831841
1781211
354106
1867917
1027562
3542
1538139
827624
1512660
471888
1571505
626190
1859311
489995
422496
482469
1837999
275052
368135
1889248
273115
840311
436939
549342
432196
13194
753001
621155
287478
1976680
1202746
1074789
1835545
286086
1891164
914436
1594823
993120
1400004
1757703
1264969
1938355
265144
248674
26728
192504
1170513
387755
80963
1537934
165413
1570651
1433528
1525848
95899
179180
999040
680785
1531143
374561
1152662
1318696
865940
648365
881733
1028012
1798305
1349128
688329
1369697
1639719
28775
22376
197919
819694
354446
1302039
1936031
1394730
473816
578340
1929020
1479824
808963
753484
1689278
25818
944648
358685
900268
1522685
1960480
621865
568175
1293597
396193
910439
1416552
1980383
589639
1203772
1614142
1512467
1862279
561571
1926895
1504167
337040
742174
1439838
1912716
1085428
847651
425821
224062
905884
944863
1803790
440695
1709721
482720
1263888
1202644
1179731
1165238
1650172
1333372
1543923
112849
732946
1646147
733973
1239312
1154532
1162214
949813
1393463
1369049
350327
1773236
486303
1194630
1621808
49355
114774
736249
273864
379709
446112
883832
53074
572230
334846
1262256
560177
251657
1596662
1685919
1270988
1871801
1523206
668473
1401768
624094
958308
142840
736754
1445130
922797
151901
1521202
619112
1402357
611862
1824427
1237129
348008
1554387
388078
555081
1767342
136465
1895692
677208
119702
245451
800487
1417081
1084080
1498650
1944310
1006445
1478869
1336327
468813
1972898
80526
1261576
591605
86144
1249610
169326
161072
109667
282470
233213
1300811
1986508
610775
1500206
1456805
49323
575755
1102284
1446223
1841540
629113
1515373
1420173
1112641
1754610
1371694
1695317
14456
844401
1122975
1280879
1638584
321001
1428514
1130524
1937597
902741
731639
1248889
425272
455520
323114
1980706
1247975
152100
1405107
1790402
31899
1946573
31836
568833
1629456
1897965
1970035
660725
1818403
20994
397272
360519
623077
71980
279663
1815648
714663
1004433
713487
742128
288013
1087515
967391
811040
1702338
1813640
585754
1682597
1094041
1226610
276021
1875575
1572597
1379696
1149946
1606763
1849830
1532302
946574
1481115
855631
1736834
874248
1655542
1643708
1963717
639641
178787
967438
311439
1487296
1014362
105384
554663
923650
931739
1976377
823999
289968
193813
1521245
94680
1781215
31182
1009995
439846
11885
1878866
1279265
287845
1113497
1957108
160119
1995053
1400448
180332
608033
1115007
947998
220686
346109
356355
1868845
695764
1328011
554645
438433
697579
1055277
1489673
302472
1284701
70711
919644
452517
1115692
1037088
380415
188282
1328186
156061
250896
702609
1305261
544703
897148
1235491
295311
1578741
55870
1258377
1238181
1225399
1810060
1709780
442389
1293668
493919
231040
947658
306857
1051676
514312
1794118
11816
1765614
430919
1611007
103175
773201
311574
733859
1112620
463870
893018
1776062
191490
1852343
1554962
1710340
1724233
211740
1830484
781642
293027
377942
607484
340539
215391
943300
1976172
1329580
469931
759965
400710
1744062
747475
1464626
1767791
1411319
723822
145855
393107
631656
599890
1310075
444607
1920860
1157865
649995
1032732
1394874
1083661
1913634
1551605
1059231
58702
1492322
108595
404008
359178
933202
182417
711684
646511
63910
1929127
376818
980557
15216
634373
575406
57741
1144689
83126
1733049
1070047
1002740
1195087
372140
971759
279905
1635493
708867
530238
755814
454141
573765
1944070
266707
1125576
676213
847112
414112
1799535
166275
1884037
1788747
1980053
1987299
1910261
325518
1535906
955121
1204203
1535699
405892
58268
1112059
833884
1576629
234675
1898264
344373
1738922
855081
788394
467404
1414609
803869
888820
1575813
1728888
833809
300331
725357
89809
494515
1929021
1504619
113165
1970310
1355915
1806830
1944261
1469082
1697529
925462
103542
917457
920284
267023
854215
1881047
1072898
1278432
1990397
440165
141154
614974
648237
1977161
150793
1774266
1045371
1733700
1142206
1911432
524115
290464
1469920
1638406
1691803
170764
1661123
1124391
787404
763146
247052
1990467
421478
192549
1826114
1356682
1433341
1649034
1409896
1123729
650971
941531
1565835
329002
569980
1338333
1272289
278138
432271
1987754
516186
1826792
1495234
1588181
620614
1537106
388825
1912129
132297
1829611
450740
516727
359324
906596
446354
396177
1384375
1306418
1727726
1231065
1667293
1339535
894750
1473459
40377
729536
1464172
1096804
1713735
1954279
1664158
1380102
1032816
1140455
1022551
69967
773144
1096282
1045542
1282108
798004
932903
1326270
7526
1923331
1621302
1658278
611120
662825
1919105
708264
772096
1172483
1679078
1301347
438364
79636
99809
257330
1159415
583440
217171
872066
567257
1237760
1990495
594479
423407
554512
412474
1935189
1600878
1400934
1506990
1211437
350010
1453356
1442270
1039605
451799
1811312
1927804
1335535
1434492
108647
1907924
317851
252781
1635959
679077
963247
1402098
1313575
737678
594305
1154636
1665050
1036421
1874845
432744
1248628
1910169
1349742
157574
67020
766394
328178
1759426
1452073
525636
401716
1363575
1940414
263149
354917
237714
1219042
304184
74051
489939
368347
1587205
1328815
1538625
403612
738449
726282
443740
86142
615040
437401
136811
168139
540146
358687
157126
1834788
720116
1967953
1626779
1911687
835174
1085125
1591191
862327
1657354
377992
1999475
898201
1743127
579997
1099272
1017107
432112
1411570
1208518
356464
477233
491871
1053960
1838033
234448
632864
888657
258671
654772
56956
396664
788625
1300495
1617719
1664577
692152
776536
1584315
1196620
493526
1023507
1337568
1724372
1820554
8748
210157
1872929
1496634
1770416
209493
945004
346071
1562623
320655
646687
1406121
1477892
930910
904050
691384
641277
971071
95572
1552166
1043186
888192
786049
1845963
655624
980328
614940
109144
1672795
249716
511636
484533
1168546
1907206
39179
1582124
574143
586714
423512
1485170
24334
1993230
980405
570252
1143152
869609
1799505
1581847
598274
1594245
381061
17029
1520447
849739
118539
242674
1861260
318447
161308
447881
1079016
196410
1691585
599183
544859
985417
21154
1418182
2840
1740231
1185054
950401
1514885
464710
1423980
1776713
210010
1235969
1873431
1468952
424870
185179
1327653
1997470
472134
1203494
1861604
208072
931553
1426189
87585
1362831
105960
799516
147861
741145
208047
851052
1703615
1221746
1266341
1003760
649652
1239468
1652595
299853
1668537
1506250
218439
196204
406807
1940369
750715
994087
787488
45850
551921
809511
1855007
503636
112544
1532800
1700166
1208788
1347854
1953994
1903891
1880160
1534468
699271
1615557
1939766
750139
1592357
544042
357572
835312
1464391
1535523
15313
522702
847589
1239811
138187
1707593
862347
1134855
969959
1500201
846165
445464
1873423
1667705
744124
564476
73742
868733
321339
805917
1378835
10823
1855058
221409
95961
1121620
1032787
269551
52190
637527
1018503
1252338
303339
580343
730201
465957
1498631
553170
1800754
1423218
6406
51554
1380562
1999179
318450
743619
1434020
485606
668286
993731
908917
1273927
558366
1529685
1871674
136702
696941
1802512
355665
1721985
1755175
1762744
1713899
894855
1506918
1405480
144548
1506294
147960
416622
1884235
656079
1610921
865302
1386177
1822451
421121
793794
1598603
555427
163816
1836139
413145
91609
1999966
1888197
511438
956172
574435
311132
958109
1583874
789879
473151
938282
532342
1500763
936574
1582586
1258804
381518
1846249
1682825
986185
366076
427667
1179363
590980
682719
1449397
1128161
1593706
1373834
550012
1377934
1147603
1268677
1095320
367739
936337
473313
1223163
662854
551958
668677
114282
692923
87593
769798
677629
1980982
623231
1129627
1541466
1634118
1248530
1445048
1530535
219926
162312
69486
341940
448502
1982447
546248
600738
1118529
597111
1511824
1488366
829723
1417082
1063857
1567389
330613
1512839
499132
1153847
976400
516671
1686867
946488
63972
1229618
542056
1276530
1276037
1784127
1415868
457518
1478416
1161354
289281
1184658
1812080
1433733
705128
1684157
1811692
496110
683662
91776
513436
819612
554388
1501505
224566
730212
493823
1087919
74332
1515523
1591755
753607
1534891
1794655
34703
453549
757425
1449814
617876
975294
1121812
766879
432268
372040
345716
1168687
1108170
1924957
700427
889961
1008881
669930
1946417
1584310
1406205
1272502
1518993
1978661
788475
1693833
1030984
380644
793545
841263
669825
1024252
502864
719572
1053753
1764570
685563
630108
1296725
264390
1836174
1129239
1150516
202735
1321636
990414
400029
567839
1169410
248503
171055
697416
420065
1061060
815544
708493
108007
1578802
250089
1498087
1406373
555039
1050315
941226
532815
257753
1232058
1096976
1436251
1918375
556514
1394565
71310
83905
1692124
948002
940389
1060731
943485
345639
980188
1595515
1875861
590119
169213
865052
112962
1690454
1179629
413495
960528
156889
592336
1373441
736597
1596647
219541
341255
1226803
431486
624362
1145876
1950762
1703693
1476891
1200490
716289
925932
1208236
94213
1183573
1133966
1208360
709284
699893
1367911
214671
1722047
115707
380733
1964066
1681015
1470153
468722
1805799
1850320
1971050
928087
1198118
848455
1629003
1996993
250703
655614
455557
1133786
1584328
981337
1705309
492486
1594665
827858
1290629
396532
309657
1353005
859992
1280615
588917
1658612
1861185
1682218
1837622
1387591
1148151
1989494
1728749
322437
501520
736464
1625068
1276603
436844
878327
1755639
698783
1903368
1252831
1029258
1193955
296995
1876181
1268283
522158
1152921
1969496
377662
1304907
411518
467244
456075
117552
756851
1541994
171750
1018606
623739
729521
1072548
1711362
861843
1783909
187858
1505257
1176413
1971457
905699
1356619
1183013
48187
1616063
1503759
1747971
1320794
475385
79118
1006451
889729
1113690
20795
146513
109736
1384001
691134
1292208
1218547
1470894
35006
1514317
120195
23771
784467
797739
25391
721319
720833
1209248
1775070
5040
327720
1479578
826437
1857742
764658
360039
1434708
1903686
1268171
748119
1485989
956447
1431096
74768
536924
943638
770588
857131
879965
185492
1400512
747457
1465909
1172121
634324
1826395
671847
588453
1467245
1970776
1364155
1227236
485122
1316159
486327
1842041
1845608
639903
1245416
623773
1920523
76741
102091
1585209
54423
1701866
426379
762509
1523522
535984
1676374
345992
367455
430965
75747
447054
1453982
171419
1337523
769323
1881264
1469806
1855680
495296
532909
1162658
1169701
1109286
1127331
212095
1427660
1400515
1417315
1809257
176385
1894916
145340
633971
1351679
137434
1035008
1746072
1585013
113224
31832
1656190
786183
1849042
317054
84053
393615
1561063
1259474
1960710
151323
731063
627775
1803156
314595
1245576
1368638
1082344
510624
240392
407784
818606
1363451
1491993
1954807
1651476
413806
1492170
94855
1700281
349057
551280
1755945
80847
62624
1014492
1671391
1017161
566564
763544
1892978
1551493
1209052
39397
281565
1362802
1923717
1448701
1864591
1498731
1634192
1483711
1325558
1060396
1956300
1304959
1305756
243049
82863
455279
1879356
1275548
768812
1922600
1784188
1483941
1030534
1544960
768682
1875529
529231
529867
1434498
1270520
812540
1914936
1851218
497012
1388846
1806574
1952339
668310
1452488
845403
1144976
1605209
1036250
1936700
157066
1523895
330659
1712116
1879115
1214914
1427267
119284
1974737
841208
1760612
604592
106212
236464
1735692
1688168
647297
648442
1350767
771508
1384454
783097
35580
1982893
1887896
976446
1653387
1645975
302085
225752
936808
956860
1039073
984986
997339
1351872
172032
765218
248348
1743678
108674
1814319
1201793
879277
1367450
1208570
361757
369124
818628
476415
1059391
967352
556165
1689101
1878039
295773
871788
1263119
1546333
772591
616001
1080083
69687
931055
1922557
1972321
1530725
1198467
1935093
1216576
1832257
564720
838062
1898432
1434497
334732
1637722
32712
160618
1019070
904474
1548064
1796033
94683
1896469
1525878
1039502
1858949
942575
1148393
144614
589989
1257399
1411378
1356416
607132
1966376
1092080
346694
218504
151099
400414
1348236
970410
100584
1349548
1235115
1061957
993346
706518
1313305
1318492
226605
1378464
1742196
513428
1251755
1093724
740374
1056737
1856525
850530
1175091
1296363
1232152
367277
90786
1647172
1685271
432212
1304584
289331
715921
1869113
554766
1409810
940595
305483
1735268
1418161
1839959
117269
1005468
1318338
1331597
1135628
1883048
1482703
656344
136974
913275
184203
1845938
1015427
1395522
424671
817083
723682
432081
1667439
450435
771181
1823466
1530546
1237783
1235928
901740
174970
1391132
12792
976941
428556
48531
779883
1015385
1636612
834207
1310125
821114
1157499
687433
1858605
1363781
1961054
930563
1087386
1790877
1767957
1379892
428176
660130
1200320
328272
1938681
795684
266160
889282
1197405
1766589
111517
515314
232062
749821
48614
1342505
158740
1481926
975802
624758
165503
1543414
1961347
1782893
156461
1442621
1631183
266274
1279853
1506510
470607
117607
744667
608030
355303
1572951
947673
1030142
1992371
1745563
214485
1446795
1736592
1807740
1793144
790986
1998227
1062419
1795022
627415
135463
232688
398941
329574
1114295
1543845
887963
976094
1372930
1677593
411074
13437
1545650
1309400
649801
867156
423953
627300
1885182
68371
686012
1917133
750106
1696508
635124
66618
478866
1884288
1607523
791637
1771094
193741
1632083
893992
1553203
1633211
1963007
1161203
315740
87105
290663
1791380
1039567
259330
675690
436507
709719
1611991
31393
995306
880458
1620283
221571
1310931
1681811
213427
1650253
1857554
287415
1477043
1335757
1221723
98603
1678238
1610161
411908
919554
1648946
1002381
373197
163040
1147930
1686971
112614
294727
339790
330674
241348
1400376
460716
1391054
1232291
1629748
183966
1124125
1431331
1678907
1429378
109459
1207437
821075
1364302
383651
1713217
1969099
1320742
464024
1927077
711261
337153
1618287
513111
780017
499819
13890
1131755
1052825
1953103
616594
229941
1560922
1275897
1133345
821024
1107328
1181468
1852379
563283
1327514
181817
1344830
188268
1808143
1961533
756287
1089267
1973408
974853
1082109
1072403
1326139
1373941
1709141
1631151
1133649
584595
682687
1684323
305046
29004
484046
1623981
1334822
1784026
544316
101542
1906345
907678
594713
1075742
1669688
210886
235420
910300
25433
716995
828477
1396340
403208
1234664
1626945
889880
279260
6311
1924775
994564
1918814
1605238
778126
245021
855897
31440
1477333
1531890
1086465
1862202
1170334
1689400
1697504
544498
1259947
1331992
939883
934557
223356
1202851
797902
1496582
1913203
1747215
628927
233802
443996
323790
1571799
166780
1624844
1124837
822727
128678
1126577
858613
1145226
831830
244671
1402525
1634280
585162
1340072
851825
1270546
377817
1215081
602938
706259
101857
692682
1271788
1220267
27071
649976
1773555
1114117
365699
1639152
1238304
962525
1519935
1356629
13056
707919
242929
940352
1913894
211354
54258
878984
416088
1230544
589024
1779290
1364072
1227058
827943
980885
1644826
495302
460837
596147
92190
645775
1334918
1026997
119218
315732
1382720
53991
688913
1522609
1839651
1549322
1288741
144619
1763420
1334416
1289374
1085297
105440
1271445
668913
808308
131235
627077
457053
109549
274286
1982214
588928
843609
930301
750496
511722
827308
93956
377497
1734595
1327930
492436
122486
709893
1529771
754269
426758
1466683
585751
270946
300673
282448
832655
1474191
1368405
1063484
1534930
570617
1346585
1168014
392667
305416
1805977
1596394
650151
768493
1290789
556920
320081
1709129
1405841
822538
1548512
226927
1250319
1146947
248353
1097915
1449068
434068
310290
528546
1188281
1948621
269830
44547
1812299
492661
1098825
1735697
1457540
1526960
896275
232838
808107
201938
417481
1814787
1986216
536845
520587
210249
600894
1181262
908089
1768822
1816708
1332161
1898028
1897853
594609
549117
98477
925234
1292427
426975
1146203
1842237
877434
553197
446940
444255
158070
1924089
1842176
1208045
1792557
558995
1783946
1134583
1505345
1706205
137211
149573
20926
121217
1846426
577943
897883
719386
856644
221727
424261
1778182
688831
53821
992326
1314816
1859617
909143
1021317
1878792
1902225
1710112
554760
1470984
1878296
1326064
1497309
262587
695526
761406
347116
541218
164997
1214495
1786949
1420911
1212561
1788774
686440
1027454
1498919
556417
1013066
1122866
644313
134356
1432495
1824415
1588145
1371403
1288753
1237258
997452
867873
1288942
6528
4966
1063370
1652550
738949
1855245
714174
627795
1734838
1685005
1664798
933431
50295
994247
800825
812365
456354
1690346
192171
1221362
1678726
881497
646510
1933009
429440
388800
13993
1080566
1474222
1354226
1615724
113158
1004729
375701
1821466
221434
1753085
856820
1507636
352110
1915085
572982
1643210
1140727
1508982
968675
292975
897066
288612
962552
1665529
538473
1132776
906512
245665
810429
175239
1056663
680566
1183503
1714194
148196
45955
48379
929439
241293
1948714
1731850
25114
36292
335173
786843
877591
1318672
1423328
1135627
890360
1859068
109602
1289273
1461846
700024
1105842
714006
295301
860354
214552
1172287
1727601
1017088
357412
292282
1382402
1576232
1792171
1853695
846943
1212737
132955
642565
525791
322475
1586708
702963
484872
773280
426633
1023300
1374278
1906086
38238
943465
1474144
1456535
1916559
1244687
875196
1226019
1627610
880183
1713964
800287
569807
270998
196595
1637094
861050
245234
825763
912511
286435
1809360
627597
1765422
166732
1649905
412298
584462
1375380
1427151
686395
839815
93415
1623913
1789889
1677039
1827736
1260781
1923829
1849025
729873
824088
175057
424429
343509
1144872
349534
1199719
873835
1645960
1738713
580510
381730
364713
1759187
1569783
1818999
592367
63498
1896592
886616
1694100
896927
841076
226160
1619769
564882
1314757
1173199
733711
847557
819115
1467182
1406347
448754
1354512
1179462
699983
1921061
1885240
1606755
684919
1665330
554864
1186775
516380
1558305
621847
1956625
1238064
962734
56948
1978960
650253
1596138
1947657
143055
1324024
1160128
291231
694027
1890704
1216011
30346
1005461
69535
1550703
883554
1961660
146840
1081419
32627
1797990
837679
467957
1508485
851653
1871553
97884
1189188
935929
1039248
782473
1331723
1428242
1415100
13885
1834633
1967342
603871
1879926
960440
123171
1138828
1954066
257924
501506
426047
870986
1865129
1094630
1668430
1813081
333123
25119
185818
540958
1161573
1262016
1093064
5458
1343686
1816756
1722420
1282244
201463
851387
998714
487594
513690
1472344
465844
1011929
1233187
268776
339185
691665
1027061
1446083
1058734
1508753
241074
1307881
96492
1486883
927055
1198183
470502
1405129
1296062
479635
397799
1035276
729144
1537103
343265
1955263
1126535
575777
1811738
1134580
446399
1696261
1208757
1060835
641168
1381324
1600688
799917
553495
53303
176912
1089942
283160
506517
771811
187621
537480
979620
89642
1610578
229249
1364416
1678781
1980470
1568883
527478
323724
352759
689475
43742
611909
1908463
346390
1798341
1443372
1551778
1792954
1257756
642805
1477507
688428
1480264
862267
1508531
380650
1628617
1912700
640861
1143650
650009
946761
639851
1998603
1279568
1666960
1126822
35272
1877704
434237
1315948
1585154
524236
1698085
146017
1581119
1169281
693264
1502572
711463
283578
271006
143073
1681583
1744731
214937
23324
1781988
1152630
327888
1660353
903084
1991103
1349341
29808
272569
1919972
1054663
589593
1104583
1794445
810892
348587
694040
992112
1134840
1113779
913646
483494
1268577
1354257
443360
920770
278003
338362
1494668
1005460
1590728
759959
478715
1843737
768347
810398
1935559
1724835
214713
191231
1444423
547719
771148
1882095
1022514
1363519
1512398
19017
1326489
1723926
1555316
1055661
350561
1042232
687150
889693
899272
527343
811333
319431
485211
1374510
965851
1459323
1303089
1329097
994275
490914
644644
1651779
1290930
42946
1218012
587011
243025
266625
144261
1419815
475454
211567
186884
192397
1106563
1058815
518233
350695
1398768
1661076
646886
562090
418505
673550
1426303
855359
342718
1536018
699897
349640
104791
1810115
924601
1878704
1591022
785828
1026393
82827
35903
340945
356402
1422396
348805
941309
1092611
34573
1444780
1204882
306844
1120401
793067
381644
771903
532509
1885692
1939736
171373
1376401
334143
628350
470966
1460996
700324
1973974
685082
1006641
1442070
1954900
227853
193727
446044
558517
868672
1010490
1843611
1294551
780738
818239
1726450
645057
251108
408267
1831453
598024
183062
1277542
1843883
1519645
175170
590426
1926203
1515886
1658812
1212658
1845063
1030130
1061167
1750406
1890861
1585297
1162974
1573886
1254951
1565258
282675
850054
779541
686553
1547159
1947628
1887463
278132
1847225
1928420
1270582
64696
848260
1780130
1672723
689318
603270
412508
1010447
1515832
142204
1753899
1280345
1099812
1836110
515530
1504781
1050389
365409
321527
1230534
453461
1415545
1836795
680353
1161136
512582
504087
1923171
908128
1755292
446453
874803
1642707
1689962
1759522
699417
490577
1942689
850533
1747922
1909201
816475
1139325
1896113
898247
1510345
642642
1346941
569784
854780
1860611
1139403
1135352
565418
1424237
1324110
1323388
1421573
491682
1464799
5960
1308060
61978
491159
744934
109521
1872165
484074
820813
1158335
212903
1217613
711172
1036718
1727524
598466
831817
465590
936252
1245056
954919
249087
1828017
937862
247404
693597
1693646
1833231
501707
1143518
848573
1157440
90634
1270439
390347
1976925
1613871
478401
1949956
979136
1892859
621657
1443997
1159579
1050551
1749136
126916
1528148
506277
559442
923406
657420
1448060
1822736
479812
310960
1398545
1009702
373008
1871952
1335248
1781260
1311948
335565
1517755
883068
1357083
1711630
506783
1917400
1839242
410124
124790
479131
1591654
573797
1578724
1947585
1486566
317733
1190253
531605
1134344
1795747
1798831
1203342
382177
22458
1562722
285472
1820641
1651082
1190512
1405620
285320
867112
223192
1366236
1637454
819772
1361160
748854
1618891
1748990
718462
232085
1065714
1952170
311778
1335700
123572
1008264
101645
1878507
1804407
1292943
1524123
1746351
1390532
1867463
271984
1202009
1264014
1539897
1194036
423942
821530
1163907
210039
207335
590594
82264
1789931
107798
1684663
477287
96108
1745129
489336
1585948
18193
655565
427063
465959
378291
142575
1992742
1515403
373123
1135360
466381
1086236
450661
1281890
1075935
1850996
792433
675393
481945
1159946
1977762
612580
7809
144990
532997
49821
1518488
1778885
1046393
1038094
1291371
1950170
1823165
477784
1553884
1322823
1096734
601058
149286
1645192
857322
816587
1322727
99230
542860
75115
1380326
258766
442132
141247
1201782
1246559
1721211
1543690
547323
211703
1155901
1325702
843210
739016
1388294
891883
1894170
1442216
125260
874898
394313
1426039
177336
345508
902085
89511
1167429
192249
429287
412891
1795896
1919763
1957615
1226096
1867263
232104
1678421
1368448
1812730
1819480
1552582
851610
1516192
952964
411624
1999138
855673
1018994
912683
1375958
689218
1168816
995851
1718735
1385469
210043
1367007
731905
1562809
1305052
1217411
635545
936125
1702785
1462516
1790377
1465758
1749098
293090
320632
1345395
1705644
1222576
48099
1142793
599345
626676
1826125
406925
1393274
1379534
162496
505622
913388
1200067
1397327
489419
55112
1099655
113241
1340989
138542
714367
55249
1995557
33860
1878931
1870410
1091721
1846687
454451
1645320
1674780
888830
1640821
1661995
1220489
1999467
1825315
731605
1893444
168093
266456
1999498
905190
1547945
1739164
1333250
1655127
235068
124951
79557
1955583
545915
1145523
427227
206181
1402693
818869
498303
1485089
774562
1142171
116537
1792734
181819
1992342
1097273
854024
1258157
1642106
1248315
847157
835361
192691
1261655
687022
222918
130238
424432
767328
268113
1352679
315822
506358
125093
1472350
303180
1794025
1288443
86986
1105842
1395148
567979
624920
851662
1179165
1766123
1182966
1685968
753284
1789526
267934
1328517
363743
324934
1448519
353965
1130086
317234
1253269
453861
1392577
1506611
1037897
894902
219556
466174
1587538
1285271
766448
363096
1281382
139201
859593
1820156
651095
1548923
592911
464701
574110
130192
722334
1523621
177176
984428
959001
1244610
1913831
1209604
691930
412565
1395737
858847
95644
619043
1959385
166735
179163
1869808
1279785
1543310
1282914
727198
1901442
1554638
451307
1089584
222638
217891
1146076
223248
1376875
158551
1237020
739710
1939959
500638
22117
1869417
94630
374554
1165370
471576
11855
989690
1171305
1989124
1628597
117326
1664246
1570715
376718
1272857
1911849
456885
1817805
1238518
810698
1238012
1507685
1039127
1693344
758831
1663455
1430413
563005
715501
1334775
659896
461763
1347360
770066
1829886
225438
994090
830049
1075021
1562174
1832015
1150725
195358
34277
1896817
690967
1520599
1088379
1228944
24411
805508
421638
332881
1167779
1725989
371431
929117
503549
52665
1819765
381315
974280
847950
1796807
1191483
1511703
64551
733392
1451568
1669213
1973018
1717118
1414821
599298
1311789
1261527
1454836
1949372
1374587
854838
1412696
304175
245228
1393120
531089
1148161
1664996
969435
230010
1091833
1871823
771947
709834
836921
1718950
1065351
1011624
908197
700783
1212072
1061009
295555
1618416
90858
242248
1587835
1072817
303958
762721
1492197
853237
822222
1470943
1679572
1297953
1640356
1811244
81431
1949662
95510
230919
267085
438854
960197
177777
1738257
1836446
1791702
744393
761894
834710
312517
977108
1919430
2000
1357587
975064
613415
1201323
1106452
1534705
612209
1795527
1624468
1719796
566252
1281379
55907
1856119
172199
590124
1302106
1465541
1037629
1464038
831710
1206772
921776
1355724
1045176
1973861
967686
1579153
197111
417350
883762
1054520
610123
466135
1157541
1734709
1952006
63345
1136600
300859
78309
1924907
1774274
1496394
603625
541919
1076471
451561
734301
1828023
193340
205284
1331993
650620
27745
1268101
1658833
974615
227912
818541
1173776
606844
752830
1690983
1194490
344013
1489163
859553
1472873
855404
518063
479277
453987
638411
1868807
556036
821190
1200580
592640
682912
1673578
663258
852114
1913297
1988837
971692
1476117
608960
44567
1827758
1313213
1638376
1145318
1021046
914169
668913
1726488
1017469
247640
1734595
249355
1365139
561777
749359
1913850
329425
219174
275818
1325050
209813
608647
22685
1804536
1278186
638481
1868530
1130592
1517275
428437
247667
64430
1865336
585094
1774529
1465713
803021
867744
1534405
1028596
1336539
908153
1784309
1841197
1355222
1800022
1287746
743563
994243
1848028
337738
1920700
1892479
1216114
567365
1286697
1919612
950667
907704
1818168
1684212
616998
1643965
1350340
1324232
1252893
1558364
958299
1611399
487371
1448914
942908
762742
555599
890714
1158066
47651
1137447
137578
437529
40073
799248
371874
373015
1959129
1329386
415161
154266
584525
183885
176570
1929712
1412394
1877230
911440
987481
1939750
90207
597787
1011838
1382126
690651
950131
1946359
510053
1778822
22399
85316
1695039
739225
615219
1031036
361055
45244
1774145
1224729
451266
1078053
1555090
74120
824872
1878262
476964
1042760
202042
1577178
1677581
288502
1872886
340685
1108870
44076
1657314
258494
1247499
1225327
892556
1822813
111397
773182
1146752
1267343
1319113
1384048
1056552
511367
531576
366128
264791
903115
1321526
1330161
1216412
109380
1822891
552756
1905431
1567305
607667
1806680
8446
1781262
1714552
1264710
1533970
930693
1800547
1984756
1337556
571579
1216219
849692
293295
1891211
240379
130709
1143004
1250717
1617158
515369
321332
1240544
1736585
1138045
590332
80735
377920
598654
326393
1673135
1762214
977342
1287096
827483
1976564
1782274
539072
47673
1406601
1577986
646951
475289
1356339
544104
1888112
1578514
1428609
84410
1951186
307431
552423
366725
1455112
1344369
588700
68419
4215
240724
116106
1671289
675285
1157025
105590
524246
917065
1656388
156749
166964
1709777
1857465
1517859
1559693
780668
863228
569111
1902193
1986567
1420235
948378
789453
1629700
19346
186639
247964
1015598
981477
1762344
1141177
1482409
1558037
564184
1809861
1854932
919447
1979202
1052591
1047351
837789
102652
844401
1132131
336056
35266
972702
1909741
82787
1230291
1726
168293
425814
1761985
553199
705386
1437060
1617649
1280702
273128
1468648
528271
1082239
1647364
110368
838749
1515463
170051
1759823
1117640
898378
1611142
54831
1443890
1687004
862918
1742705
1032609
995777
263573
644739
1230739
872244
748361
1525685
1878518
436779
1881012
1762452
384745
187251
935581
138057
319240
1247356
880553
1487938
1911372
1456209
1474373
677047
1085973
546093
1071688
1166778
674563
147084
957246
1346085
1196561
275488
1622934
1387726
204297
124717
249305
160429
308114
118444
1561879
530450
667189
61369
1952798
1534228
48589
996843
1467470
1702930
517606
477345
195893
832813
1743130
29671
229615
1176530
1202246
1415134
1769324
281270
1013390
1543699
1516597
88059
1274428
419357
240708
1535936
1956123
278172
1120288
765662
1275506
1217996
1204147
521980
1193667
1666144
1057568
384957
958754
1384699
849210
364753
109008
355768
71127
291933
641769
615833
1067632
1018793
769703
399557
1898530
1123351
1328437
971141
1777389
297320
251207
1544426
131805
1088732
209799
1063383
1545333
29896
1231406
1905813
827054
518904
1843290
1698926
1722257
1307726
982829
885072
1427950
985394
1425276
144131
734404
689217
973719
608229
67312
1092112
381125
194633
272898
194233
1993431
230768
1024303
1374420
1741727
1003833
120205
724647
1820995
894170
1450543
1550927
1278425
1810707
1368143
1910799
1960850
1237836
1320227
873694
1014710
1539688
859040
1684258
1416595
1852508
308925
18503
1150829
471969
691682
1846488
890026
555097
1912264
978630
1633651
116054
212564
350683
868422
1749926
1110852
1132692
1150797
1760465
1575180
91200
1684379
660109
874079
1658132
1152596
1482211
40057
1345534
361776
1119032
1994041
31576
321990
1378642
209882
118359
1664409
1264954
1781047
399251
1808890
500030
1969632
1403115
422766
1248912
1695200
1831810
424745
1840655
1285442
1886936
1634001
1917334
1736771
1791583
1476597
405846
535705
1117563
887635
1511262
1608389
431545
277451
1396890
1946229
1162418
675918
410909
1576822
500994
1716220
1276476
1070476
1235758
1189689
58942
1817068
783041
1734854
301601
1284118
1763123
1089282
534992
1362207
1149929
289438
628198
1936303
1986098
1714433
90445
254973
1538037
539581
1440819
784629
1222485
1452138
657420
840841
1488394
1358857
330666
697647
420224
618193
1620389
593065
1183455
1452325
682059
1573175
20526
1809436
1757453
1384085
104707
1255793
293197
487824
546813
1855549
61185
124042
1875043
382063
176724
253600
868208
323029
1666290
1262065
611113
461656
1171381
473597
639603
244411
358555
1093170
918727
1152073
15343
1454531
371425
485825
1115539
1798880
1626525
373024
166281
1907038
303598
1118371
1215876
587778
837888
1692381
1399285
1666921
1865560
1661397
143358
292886
1652622
1832064
1384089
251664
1122611
84129
1878195
640513
1694399
1547064
1585044
1760919
1241066
282522
1733379
565671
1993518
159344
1536212
1690284
49900
579771
1693015
726070
721211
967716
194041
1363699
1208380
1075190
52312
686758
1303122
1502909
1942821
1882817
1988024
39819
1503678
981154
1875043
1635413
556456
1986475
851076
372777
60884
1924108
262686
1069130
1599681
1824803
417880
685330
725560
857863
1541386
1143759
1270279
31742
728723
1364866
268402
1106400
1278062
1159533
276170
1088686
1924443
939206
1159017
444791
1694250
249309
1680402
894596
1243579
737122
733635
1444438
49209
988214
598106
772496
1220639
1841487
1640450
1960841
1172045
20129
943436
556677
1843534
196955
92991
772789
279170
936305
748806
1301879
1794971
658005
1034700
593884
966785
946798
647503
1450006
160446
1181662
856721
171679
101341
1124474
1613366
1046276
706460
241802
1952164
705409
1845390
1245923
819184
452928
1718943
127100
1930371
1580433
606951
875315
368769
1374786
223693
1036850
1260689
1447895
1080923
916462
952517
526322
554421
1409448
670589
1561356
1316707
655169
326486
54552
1314078
641256
1424998
922980
1134414
821575
1527846
600654
1295752
800961
1161379
1064813
920189
1666618
100715
122235
1748790
176990
1514664
1235113
436542
436576
1979792
721127
799698
1398755
1365196
773681
107119
775628
1044219
1736239
194815
1757478
811597
1436705
351432
1052820
1817954
562922
1787892
373266
339676
578417
387542
1206151
1514963
1171456
736543
870218
254223
1229711
1662494
118812
1764325
746111
1270208
1878521
1572173
1909126
1969766
473663
722260
1044423
624864
1779252
976549
1961614
870048
1223980
832304
154892
1535677
772443
147246
487140
1662308
1396136
1242813
473690
1246574
1236593
1187217
368684
1560267
77462
1439048
1746625
584051
495132
440213
794556
739496
1864353
1374263
379938
1683886
682801
1941799
342628
520679
268131
1890737
976486
1375833
474754
537888
1991101
294135
639434
1910586
712120
1760479
1725003
1557756
690284
1935927
626434
1992644
313301
1017394
146544
1571414
1640253
138687
686108
96011
1822091
1483529
336435
624340
684608
1976675
1148309
1471095
1365334
1851842
1028154
1846321
1675621
1863216
466286
1029881
1124891
1864046
1991941
602372
1183834
1603310
1233032
1780000
1608036
1766169
1871176
8388
581080
803361
105240
734722
1990238
463803
1520688
74882
1261692
1000399
7417
454854
519798
51257
139562
736945
1096528
307089
326079
472016
10954
117860
1995845
1313669
1380755
1330307
1870294
1726868
1103629
943310
307121
560289
1747877
548451
1395852
1674031
1846840
522901
216110
1499737
268031
1477551
293860
1708717
1378342
1261243
1918426
1077439
162245
409551
1976976
894659
1212136
1958529
353707
1990924
1929931
1590813
1752089
491948
1229085
617399
578131
1553620
1117179
145744
1599896
1930256
707267
1046347
410604
490000
1297452
1464111
1318675
1864607
1431483
423949
1694132
1616015
1661365
1941206
1328778
851578
1693409
885156
1445674
971643
775446
1874320
1405775
619695
973530
588532
1674872
1656818
148565
1785115
1272813
787203
15047
67601
1670432
1882664
127039
457251
711710
1255359
1826721
1108426
1589026
384880
1288100
1772592
391315
453087
1879061
1488475
334905
1924850
712888
1768550
1571172
1363985
753572
204005
226424
1284149
1183116
1235212
309668
1253
1141448
1678505
827745
1239946
1320403
542718
1440879
1771113
940943
119471
1058806
483312
1371490
1056768
1248784
290365
1902752
1154271
1275068
1342943
1046415
1589589
872377
909301
102522
1912914
799185
1594013
810958
1722043
1026136
995879
583661
1813730
1607734
272976
1139166
216851
1120178
669351
1618777
1532535
1041942
1244046
579702
1538110
1459665
1787916
1668455
827117
698428
872629
1531009
997426
453462
1574109
1419104
979765
562295
168116
1263695
745016
1883724
437359
255466
568785
1052526
1644080
1842306
1199845
1159050
1778464
1753701
1111016
1027985
248967
1247693
754941
1691556
893506
1088660
482251
839898
91508
1001608
1884548
899830
580124
1255305
619049
1201133
1677643
1911775
206502
321195
1991288
947703
1869339
1717468
18228
119149
1593406
1753547
1987256
1508871
566673
1614558
1737301
176370
808681
1902077
1801095
745481
1458270
910426
458136
93591
588887
923721
1371688
1911693
1781013
490470
1438773
492705
44876
770176
1538912
338269
1118429
1289661
126099
1530079
991609
1153711
1004067
1800399
674957
1560866
1166129
1924337
652830
1022068
1165179
331030
632386
1641504
1586468
1846816
135517
1452985
608462
894372
243104
912354
561507
1096678
1117627
949578
1222150
496370
1636153
1253760
803836
1537929
98485
1473510
321753
505226
95198
1412221
1660211
1005501
1597580
221620
1983333
163253
755742
359280
532719
1155755
1276428
1190303
1748380
1567247
52405
191684
1898306
1039320
866134
292784
184194
1019536
1507279
1994436
1111681
1551028
411864
1757981
484490
57446
164614
1147229
1452421
1152375
708854
1928981
1997549
634710
1818996
1010376
892107
1012693
38427
1195732
1425505
1129185
45968
214889
1554737
324194
134881
542172
1607837
1013055
979120
531137
250832
821651
1962689
1117678
759023
1506229
59905
918537
454204
582492
1649677
782057
272007
1599881
749209
1190423
641287
677412
1168119
1774873
725078
586427
300871
1723880
480961
1097472
1358716
660579
355101
21035
1281942
928255
1460683
867054
1087397
1410442
682073
693095
1173723
823680
1173230
1365168
800085
1074791
696674
490410
722735
1931998
412503
297836
624516
735386
1187528
58293
97032
816066
1587410
1908201
86572
1870938
237653
55842
1679269
44784
1614568
47413
935278
708016
1104295
1060297
471801
840164
1364960
1259943
1510137
374031
150286
268
1604790
1937378
1029238
1748467
308820
223146
11311
160705
1222309
1511127
1843380
845016
1531942
291088
1370451
563448
279079
1689663
1610026
1009003
1387177
756536
837055
1499543
1995873
791897
1991704
1177865
133134
829967
1845872
1876223
1761837
1959254
272151
1291464
1086746
1773628
26894
1551103
1469792
248504
754710
615390
112882
940493
289238
191273
593288
229629
1906069
1621080
1913793
727543
1443324
506314
1723590
424831
287231
1822750
1617500
1741633
767594
488586
1177103
1214091
1061241
332705
1447503
1877035
1981322
202061
1205792
1283172
510112
1220363
1607316
580392
1286874
1650400
1257802
1821958
131882
1694966
210589
507241
1621690
952462
365417
1818194
1673259
675456
930045
342114
1686530
643085
1564427
1863464
1367380
1678527
1741173
1041746
1543422
179828
1554376
1343048
81333
614799
748835
1719433
1123032
1869731
1301271
1993646
33202
420602
629272
115649
1745139
611378
1088097
1748105
649293
1193519
1764187
197277
1381925
1585426
627300
1385888
1910165
1228014
1512982
865486
1094537
839367
1361320
1149033
124433
1176002
607320
479207
280058
893520
1477962
1639636
215676
1372434
894790
491058
1095942
1608814
73092
255479
1510172
494142
1394949
1240838
793914
665259
1560374
1883428
115947
908468
1728367
1387130
706452
244144
698171
