1301154
130340
859227
994876
381924
507308
488681
1007530
647742
630307
588535
1794256
905772
813551
851758
967068
1523427
1303770
970460
254754
274386
1711748
721520
1812700
954567
1042702
190431
1326817
887720
1581457
744678
1347910
871653
1670162
50594
1274543
510383
532511
47519
1530315
1626015
1590811
1064832
1712162
1020882
1681414
1713513
1575876
1140552
1346703
61875
230835
83838
193846
867992
695909
1732829
1457420
372899
1187258
1654620
1244207
1284413
1970675
426100
762935
48185
916193
793632
458409
1006718
1249186
1007962
506502
181787
1489503
1496052
1028580
1060769
739622
932377
665017
929149
579618
1664580
486583
395694
1276232
364948
1188916
971660
1704115
1823480
1275658
1577515
1391598
971046
319924
1235596
1688415
1787733
1185322
1018015
1670931
1114058
449459
433987
828200
1641999
1021709
396445
230956
1562524
1424173
36780
776449
1047097
506239
237628
394143
1875188
100453
900288
146199
540840
940520
1133256
681101
1630351
1106264
1726203
636063
1210537
618878
1690946
648328
1172811
1146742
1372578
557135
345771
1578237
301847
633422
1635638
1489261
90568
1721010
846948
1099346
496819
1360325
1548827
517285
1473995
1162486
368356
114584
438737
434985
1596434
1910459
784660
1730021
608531
854554
1374198
1171674
1168269
1709287
404364
424231
1281891
1754683
283943
907441
363273
855286
1733253
1618021
1659397
1641760
665131
941732
322557
62432
176418
904639
653520
223114
803803
505125
1038523
1760137
1539231
153152
1843921
163900
1117070
1917826
1484047
959826
475873
1798510
1910710
552834
107027
810776
1178643
1509868
73100
1531924
1314823
1912853
1216387
1084183
397900
1287706
1020646
806935
133571
1558807
915285
1215333
81542
5540
950998
498291
853999
1184870
1209694
1336463
267807
1912732
1816570
32727
253045
846197
1621487
288518
1315914
619745
1479672
1475202
578337
702213
381471
1145559
1159403
845884
1595613
1658290
514904
1550966
1666709
1962193
1089467
1267939
1466212
189688
1132991
1724939
1490411
462249
1953876
1352300
648386
1983891
85994
139674
654093
1492271
1440186
1871887
722018
1373351
1010613
1321596
1629363
928306
143905
84144
1687349
1368438
1336104
1185662
1994426
544423
1120542
1640493
939517
1158603
823186
330671
1642089
973347
1317824
1606430
133945
55518
794194
1311734
779478
1319863
803703
1701615
1917323
102956
629427
779717
635956
1275004
1403706
821359
577601
1447018
121669
507584
478598
1259366
1198656
265369
1987210
1957316
1077155
682904
1404454
1709167
153464
839670
711515
1261499
1742576
1890317
980106
335807
17546
24425
1198796
430066
1338173
637472
83451
676187
782790
1775051
400501
1182167
1786887
1503312
23233
668266
454390
580499
1612683
1537210
828887
186045
497928
719927
334325
444882
829235
1681436
946286
1191046
1393434
1511974
1827059
227784
1285009
1987348
938160
765243
714134
285858
1884145
1698644
999196
73838
190330
1306771
1279842
1847660
1710142
651095
562170
462517
1232422
984538
648344
349905
214199
1295633
1444211
856062
306678
540012
912169
563462
1183115
1705861
1455226
1901137
720506
1461255
373363
834168
1701691
959123
1424055
142291
480953
1160113
986720
1555403
1265516
1571263
1903912
411782
1394214
1269429
568999
549129
1036293
1729372
250952
207014
1683505
1544432
615147
57007
625198
781146
1950316
863181
1401086
46844
1313481
1627872
1335666
1149262
1489216
1857609
453418
354446
1766268
694165
1894387
489969
1340245
1989530
1172785
729490
370394
1116474
1392179
1750403
1476607
1403678
643847
1153058
206109
461365
1143440
1650157
1352101
1398705
366936
237353
460826
1779424
464552
102238
222869
845672
1119255
1542127
1735063
1589278
565460
247595
530621
1581703
609277
573865
1894521
195520
430321
999501
1384122
101972
746281
878794
587388
1432357
1915109
33028
1264424
1076293
585988
118463
805343
549629
110312
1511197
474679
1331124
599338
953099
1961049
1133190
882519
228801
730534
890892
1900239
1202942
1461583
222674
1935006
780399
705767
1518400
102926
991221
1815289
1168202
72183
1328738
1934937
793186
1833009
1977616
1612049
1634667
947773
510510
283841
57162
1875616
256140
1100930
1797230
1254411
443024
164850
977704
1311451
1834044
1579520
1988507
973713
777345
1938644
1117764
955724
1533110
1363838
1783055
657366
675169
74715
1052600
1593822
839253
423212
1723527
830486
774919
1741358
346177
859511
985233
253174
333359
615326
1566105
761886
1295968
1706540
235919
1258995
608876
229845
1719059
63632
943046
1904063
1117088
1456497
1198775
1848981
1400770
1292740
788202
1251099
656489
176975
1827400
853285
118330
800420
871835
1393732
1642259
1668949
240903
1857241
42292
1355123
364686
1695340
529678
485736
179334
242235
1583895
434345
1683231
362447
1960530
406721
1191803
653648
1731038
377225
705555
352574
727746
406221
1714762
1335602
1611203
797376
1616574
793151
432244
72835
1035536
1580623
1063133
61955
749951
1358053
565401
83902
450236
684790
1602897
1343565
1209030
1496544
176514
1645756
599986
378330
1063938
1204323
1462990
1542434
373008
1966813
872009
1647527
21486
1368092
828865
1151252
207136
616875
11100
340987
330306
182976
1501105
1965206
480772
1948653
1380762
1062456
247951
354595
931777
1604914
1236147
1498809
1970044
485710
1520737
772584
1111269
33983
1292441
1194095
298288
736350
260417
1134807
339503
1132292
883538
872140
1635097
1137811
1036371
1095255
1857682
1086078
1182208
420212
54036
1710702
1175898
1886363
1564898
831708
996719
133555
239205
340497
856755
854973
554512
1892480
1402230
1184511
1829707
930795
633080
1105581
459243
1130982
1992459
525495
995185
199131
1402376
1466985
936403
120386
1507625
1261224
792990
1817825
1615074
1764071
378637
299251
1365467
187015
301922
989665
1974288
1782577
127665
822673
753653
612040
1230352
1321686
1186584
1811083
1757695
1022671
1502173
1126559
362634
1894192
1501396
1054773
784537
662689
670980
364681
402536
291013
1709527
1956737
26412
1520688
842441
666871
1349362
661588
716398
692263
1830585
1147117
1276790
1396005
711524
525950
720726
1624496
1394220
1092826
424723
1825182
1751300
1794753
344239
92458
1225555
195339
315149
89400
356527
276170
630434
1554731
1523321
973564
1215526
1155680
1450788
80830
249247
339558
1081547
552415
1079585
140141
1284903
1380827
1126183
541074
1428759
892471
1458139
1929141
678232
1340135
669750
1468944
7536
794608
1636451
1166288
782927
1751165
208490
1664894
844239
435338
120678
1072189
894268
483315
1898970
700485
314085
1844252
1455759
715931
1312860
1177985
1703792
1540759
1631870
733562
360778
143508
651322
401175
1379269
179294
360716
1834755
605420
1376243
1636717
111029
1916905
2593
934768
584742
717659
1625293
273111
386431
44605
929093
374250
499154
372391
1768435
1752107
1279930
1303986
660361
1221304
966178
1378954
469696
200367
1201097
565736
395656
1911713
1545519
1220455
389198
655332
1323348
795263
522877
243197
1238584
1360488
718740
1853120
410697
174554
1412351
1858189
383302
324407
793315
1067649
1280733
442240
1223557
1816031
1794645
452558
856096
778051
1472793
167006
1165061
1828751
341551
73049
1397346
1922812
1419074
1397771
1378043
509166
602276
921570
168061
554122
721775
168157
361652
1557671
540908
1484557
36076
1015896
1395765
703411
837974
965031
1752406
190952
1872803
90982
911770
317808
1900243
1880761
204923
1090285
246121
1720433
1798195
1887092
995267
666739
1845686
1640189
1243465
1887539
1701173
402344
1267439
1467857
1661357
978326
1822408
579584
843370
180061
1881685
778876
1480001
924911
1042136
460983
1797682
1367933
1055959
1724084
661369
676031
894850
1072422
1122919
1869511
188067
10020
1151950
1951019
95538
1670273
1780361
709218
1776997
1994289
1188587
248984
1572901
75461
1171015
831413
401276
418240
871910
1987247
520805
100741
1791725
519820
759101
639124
293477
1610078
1471777
1915968
1239669
275019
788561
1540990
1436291
653941
375593
275656
132581
753612
99765
1236293
1670091
725772
338385
995547
674164
802475
1074169
1402776
534916
1555159
1697756
293967
843424
1596473
520782
479173
1074899
786849
398923
522280
925963
1656598
1705433
725328
1254955
1791014
1445809
1080641
579422
1414349
249814
933719
1572532
300572
719967
1026976
484231
289328
927847
1899311
876205
1179632
1561924
519646
802929
1017658
837913
47870
1422399
536374
86134
152674
831162
1478051
905950
1728652
523743
158618
1087748
1134835
1943651
918551
247614
1422633
525243
1663741
786179
910083
773503
873284
1302086
428073
1139091
1432025
547149
566261
1073062
570391
314680
1657082
597172
1675067
583929
1458446
1822403
875624
438601
1228590
1501908
1280326
72401
798838
1000708
1768638
1487326
1543979
1778019
1594995
1267464
825541
192533
1559898
1572409
827766
593485
1377714
1093686
1912188
1805917
1204173
323911
491091
332238
6699
1213608
144427
1892297
1739970
1818924
370010
334068
1264395
565449
1163338
194287
1883218
1120792
809741
745365
914267
479547
582431
666843
350281
382599
725527
1935184
1532526
1512206
1027037
1287734
935456
898524
819545
1139673
733451
211079
1946920
782168
448829
846131
1926448
1917749
254474
848600
1912932
94614
456455
204929
1673731
39288
1643150
218320
913515
960161
1592645
1725725
403071
1371743
1469784
1315429
1020843
871129
1285653
1167362
1189184
812175
1154029
403922
1269688
1914593
1351340
429630
1749801
618451
581714
1334729
1137201
484410
1734029
1689343
847956
1107824
993582
1699461
1433048
933603
1812105
315629
1513131
1414067
1406293
1172138
1240298
1282996
1866386
909518
1560854
1943328
1001150
288676
1391641
1797421
69589
1591312
1233559
485833
704165
794049
641149
1397219
538673
626582
1933238
1593928
466418
1403523
1173422
1702027
306330
862556
1489347
116897
1125076
62602
506666
1016462
362675
392818
143982
33166
1528437
1343908
263544
1334532
1883153
1518535
551866
1403992
262954
351057
571329
188318
540961
455565
794076
171977
543917
1673749
613992
1317135
696538
1138272
294329
1184703
1961587
1952268
1282326
1850414
1906190
605580
793410
21772
140007
1511099
676742
1277788
1200216
1659786
837177
1663943
1230563
1032435
807016
818305
1096825
628645
630676
1116188
306759
860941
359294
998669
1046837
59792
1952413
702479
1659212
180735
281326
1952633
551063
95204
393752
1458382
1016548
1470653
1181361
1930427
1535656
1880331
1445021
1221470
647191
555554
1927039
1817516
1855452
624825
1807906
1505710
1766670
318545
697611
539852
909674
1569629
843230
1733101
1025823
1631312
626091
472741
1261348
275267
1870200
598218
1874079
545798
1877657
228892
1037235
1217426
638495
570498
1356923
1696063
1224150
903993
1186967
1977151
1877578
421377
3828
922685
513667
689025
1076084
160793
155971
181559
1183768
1912922
1306630
1286628
189862
1056090
758059
1393478
1798532
1730457
338995
254937
1970094
416146
478815
20779
977646
1123233
185441
688715
269638
1966529
1263860
259492
1388730
1299551
1697690
1642924
429382
941418
1954929
638375
1272266
927868
1032978
1081456
1997360
1609928
830233
445681
1308968
1404573
1361865
444385
1145430
1657402
1766245
1537874
894202
873604
488518
1098969
91882
598614
291199
1578249
1901390
1318674
1800011
879487
1553064
560469
51104
59914
1633306
729642
1407583
1404128
851820
1628093
1081035
1369571
694640
583882
316314
849767
810642
1650190
1921271
1282678
1901047
1866527
1695415
61442
1199975
1501166
546385
1180386
1260236
935429
807788
576804
970379
1550951
1706870
1189718
1630255
382390
330112
465143
452759
1033432
1189298
1455178
762925
1390982
1670955
1481251
44046
897505
466357
1990253
1428382
907445
1066647
1840655
1928064
1772582
1833320
306296
1707466
1855308
874719
840724
745344
41521
1588654
1318631
1122677
1587449
1962608
1966101
903084
1424292
1751234
1013140
18442
1772025
989392
1180347
1571788
1785698
399929
988305
14722
872293
608915
89262
1442793
33966
1732140
18620
443636
109475
649451
569912
1905039
894546
355373
420996
1157065
339626
88726
746153
818350
490272
621001
1062113
1643142
891521
745048
882460
464666
1554544
354195
1880752
1957138
13743
1176669
777343
647577
1404819
1497200
1138654
1136138
1856915
1004913
941236
767004
658795
1518655
815597
28968
1034860
1426748
703121
773081
790511
585188
1052910
139814
1339926
1288830
1067661
652244
411338
203094
397596
958804
1623746
647443
1650115
286346
1739815
911179
184514
1070213
147061
1507171
857365
1102267
1621107
1086583
1523057
351815
719053
1984812
1524077
292978
1985571
1202784
677435
1769913
25420
1679772
953614
594653
38718
1171737
378710
139950
1052669
92985
1909713
196581
506229
1926862
1101643
1362518
1880778
4838
387598
1047337
544307
945326
1674153
1994850
749696
1090701
591714
568447
143368
1334683
1654054
944012
64905
174077
1337101
1649744
1592383
1991327
1403128
1297269
1089325
340771
847336
1468849
1522727
1494094
1165406
1543612
1745686
1166764
1291520
1088676
1486954
1092825
202878
1047918
1719750
1334122
687699
960288
1794867
674381
77560
1962236
538201
910746
34590
1666136
446107
1225455
778359
878681
550492
1495354
38407
1146519
1968672
1822161
107162
1303728
471325
873630
18649
812008
431540
1137940
693644
800089
201444
1987862
1885280
658076
320868
483375
1185502
738807
1944579
423827
695849
90672
66526
1565972
1024359
1368736
69996
728671
543225
367847
594037
928291
432725
1844438
1335234
1917879
352090
1913077
814828
535299
1159147
1310906
953705
1381547
1884453
104795
1975281
1772335
34791
500256
237531
11938
976153
1639210
1210297
436772
1049988
1448677
591370
122203
439743
673360
430300
434915
162086
882530
1829272
520729
267098
1009778
971804
499408
1555653
1298795
973959
555223
1244699
161432
1856294
467093
303119
1725321
454508
493263
125173
1031676
1612431
1243502
1044655
1924797
1348713
1733800
702177
249189
1213322
508381
1516049
1269142
1583828
1782606
1660800
388717
306803
1361393
504763
275976
359210
1975919
1952134
1765977
696760
583376
1276809
1029216
930202
1616815
1227094
1144366
1901921
237567
1004545
726725
476697
1388018
1730651
877018
1861069
624928
494753
615206
234679
667944
1920516
273033
479884
299073
573017
67909
685053
1577228
877135
894825
69773
333594
770121
1542472
1299918
103730
465498
1684318
135435
1183302
1947989
366677
1566445
1024435
342425
493405
318902
598765
640941
1001726
492040
1712920
11570
201136
1689641
862449
601927
1237190
1185382
19373
1095225
1052613
1884918
417631
1364303
806819
1657996
1242423
1726906
327002
1476157
629709
1443279
11363
1436115
314470
1813369
1032333
1153904
1124348
442746
1281493
998933
541397
693021
1683060
508417
256188
315998
828518
539997
620587
544124
1055851
551731
135692
1378637
1381142
160381
1108061
1425271
1857993
1254368
1089401
1031220
1091513
706267
484078
1684592
895054
1377641
835088
229703
1712732
106427
740463
619897
1131937
968940
1286553
578614
915510
821523
1073139
1986759
1440162
1640459
1326272
1046936
572475
1269784
1261128
1381337
412704
1268051
839787
1460913
470890
62794
1194301
1855773
1262763
1181803
1200645
1937071
593288
638334
1731156
753056
1899056
1352139
941608
185106
1280155
1345894
1993409
1559768
700976
515862
1999172
1925232
1502565
1350760
313230
1825611
848882
817346
923103
1372799
1782371
1520849
1710926
1654778
1468677
702093
25310
1855214
959449
1552906
1088887
381785
1130122
943732
443464
1504458
1962557
452289
1771333
847325
1969713
1466495
1695377
547281
987733
255626
109905
980772
1325373
1509523
854258
638363
1358646
902017
1084296
1399528
1024944
948255
733758
331586
518300
583480
84397
1494526
439835
1094398
698576
1881828
827746
328505
1027739
1073836
1499783
1779234
1749082
1502409
1414620
1363196
1941676
664819
86783
866323
236743
133983
1787784
39110
115707
1345101
1214364
1368708
1744332
1939374
505929
1816676
1934823
1295595
678300
167118
331775
313488
1641352
406797
691852
1366990
494125
636227
1572351
1641974
755056
75232
416235
1441539
700450
1349105
1278105
687048
405575
1273973
1493543
653067
180953
1852208
1002697
973929
1311414
937982
1894097
1299193
1354640
1872300
1310875
146899
222520
1305524
457137
1893645
1486138
1490958
867462
653054
517683
163310
1559887
112833
1300947
220675
1953170
1007925
1459607
720246
1557694
855644
1026607
975005
723967
1148795
1985473
1933710
689867
1062765
1175632
1002224
1093829
864513
1595619
17355
490493
1702245
1969795
791803
303779
379684
1537637
829694
598197
1788251
1700651
1699195
1914397
519727
310322
1370188
1009157
1713570
990256
206042
837197
1711453
373565
50965
501751
1931566
129757
334994
52263
884621
207897
1293329
1794184
1695261
1710420
1587276
1724458
1170144
1793761
1878319
450909
1989291
1219282
180338
1559474
579789
853226
1617484
1291829
276171
753550
339877
1117562
1812004
869226
398274
473528
49098
218185
1412836
988498
1071851
1322170
423921
640533
1392855
1523959
1243959
1100868
1833007
1748625
1151667
363043
1150090
798973
846568
1328269
681282
533882
1648787
1305861
128942
1182975
829173
1008232
1170863
1327094
442509
1518027
1205268
311792
425445
24055
1587562
1576589
1635704
1411036
704642
1098989
1939240
1301259
594566
330842
696047
1621367
1919271
266044
1873505
1168212
1812494
1341349
1582969
69771
166953
627342
1134490
1441939
1221297
1641755
1876949
1723034
309365
303086
1436975
1136169
1884002
534715
1368290
1177539
1282519
758451
853321
1080652
1439191
815813
1523674
40082
907133
612271
1927886
1797715
1054615
1077626
1798819
1251336
1446718
1328291
1415276
1878351
1874650
25000
16786
930587
338166
764826
1689963
1050583
782414
1116144
183817
307676
635591
216947
978892
629474
1289956
373640
1072716
250666
1520841
895521
1220610
120894
508268
373549
981433
1400237
1213185
867193
122598
873049
1434535
911732
1819367
1274751
536552
1854057
1684463
1396642
1511808
478506
1907905
199865
653453
757141
1573307
1922988
1025003
1777123
215754
877924
1247396
903327
1118852
1699941
696033
562172
1988706
206028
814690
32811
99533
384168
1246956
1603460
1340899
53417
1021693
1248462
153551
209095
908034
681601
1066290
466624
1845713
1934287
1267465
1893839
582712
1240278
180589
1809140
1727907
236436
1903178
548085
1204915
269661
1704621
1611436
817141
720214
242384
800106
907519
244464
723653
1088174
995011
996719
333018
49764
1169111
1516171
184684
1546640
202726
1483535
934150
15570
1976096
390176
1616674
97558
794397
1898619
63380
1280311
1058849
1459482
1334177
747315
761642
1723550
402165
336079
1503973
1872638
426506
589322
901877
1996203
513335
638077
1683270
221535
1753883
722859
1497748
1599373
1308924
265147
1863622
1873659
23400
1144920
1331288
207146
641950
110224
1495318
1364470
1051500
1238809
1171215
466950
1645234
1782825
228133
1554239
1447389
375531
686707
571177
1722169
634566
101442
1784769
1911487
1281659
1998485
1501643
131976
811297
1845345
281947
779504
192605
308421
182870
109883
1197497
1422911
1080488
1725002
1847498
958332
96239
254549
492768
1568926
1346160
244925
1821758
574644
3190
848974
1783966
224012
1456113
385648
803123
1594852
444147
965663
520058
798374
1579122
36500
39387
204418
1867636
1705544
1635230
243153
250500
918960
176382
217266
283025
437561
1601603
1939594
1895587
531882
715409
619676
153015
1351792
1873848
730365
839962
658059
1863691
45983
204202
1043226
2941
949892
1374684
1540554
305645
686886
324583
139647
59402
1551879
1265262
23925
460286
1229095
1537376
621582
147165
965182
817513
1973562
1346059
47786
1910546
344714
225716
999942
1455538
744525
1573690
1023577
1583442
54962
242456
930245
999936
114984
992490
1450883
1683620
321376
832971
4567
1133755
440861
23710
614482
1948353
623198
1334646
573964
127726
1275443
1366167
1278890
1456189
1821184
592442
1450070
1450342
1904459
1358730
1490415
1237519
967181
1632093
1643694
625861
501527
1209826
1747643
1455471
1393417
378374
784247
1312673
66804
951673
765450
397177
32553
1704511
1411085
1680320
148462
1288603
64822
1078776
331363
1000665
1028188
660290
1374447
686189
1298663
1443750
1873351
361961
1543470
791597
311840
1789896
450425
71561
1894141
787250
1475620
1737854
560170
1613309
402290
969339
1966584
1750194
1062896
356582
951112
1505182
1567739
1668588
583559
273464
1198051
1574326
1375090
1999449
1795479
285400
239296
1073030
190238
1948159
1859961
175224
721511
855324
1164940
1388301
567226
1622078
716211
467175
377483
241908
62178
313812
1594135
1734028
1889378
1624731
70031
249269
1078970
1930764
846970
753096
1480437
440291
1851416
1601001
1120690
315851
1244996
612630
152479
247346
536476
1727594
1807812
416501
1456286
482477
782973
1878326
911692
716331
687461
318323
1463290
481210
1567645
1561263
1865545
596954
1738973
1141552
300502
1854258
109557
586876
645761
1208643
1796658
1358292
281973
1633207
1094464
603049
1483267
425664
1008326
498521
1095243
14344
166908
374651
1240343
1027152
1358564
1553391
1029771
317889
233478
815335
417591
276794
216953
1673668
45059
106058
797499
287042
1823916
953136
1884221
435402
711443
670345
1603627
500483
58746
949026
702012
1492071
737136
1206098
1375908
1403159
700828
64722
24515
215178
1250526
1679943
518877
848153
1078630
527834
876996
626669
652122
1789906
491146
1624154
1287684
284539
938024
1483795
1465234
230078
1828329
1106840
224715
1256354
729758
539688
739580
682671
1448970
1557856
1738894
1798016
326301
546209
1274194
1894376
1615996
920948
575514
259367
1512835
1945080
1770358
880664
1499446
384616
1776412
455541
108554
1096029
12854
177634
128088
1158708
774391
623040
1763839
1666700
1229157
1380267
1071411
1181916
630095
64577
1861219
1054581
314700
1784668
83096
1823407
610631
196508
1815168
351438
1520342
178277
747939
1581202
457541
1489962
152409
465677
523651
234179
1681963
350082
1920641
1640948
927095
1281912
1763336
1188929
608616
1785374
1588282
1328130
91769
1519402
1218295
1645561
1978013
439793
1947459
924915
1517478
1124445
1123792
1878094
1114947
1190528
1238908
1975991
963614
99601
1647759
1066243
1171948
165295
265990
1655523
939838
1584295
707615
799122
658016
1705009
696981
1534499
673938
1781273
1393145
1173907
1906054
546221
1533801
328777
1754343
737679
894491
1628921
1244868
1509008
1235171
290265
1973391
1536691
93286
104891
1496288
978372
1916585
722142
995659
1299282
1450696
33501
1380211
1910774
1423720
1495174
218315
507762
1509918
227761
537256
1601683
544673
535733
1094337
1881943
381229
1183406
1691338
1607072
305914
456605
1960916
1315573
606683
1103372
817275
945727
977593
31003
1737620
1418792
1621830
1264590
1679650
880225
281654
129402
326980
1423770
441625
1195394
1626179
659268
1801931
872810
406920
982134
1754140
994802
325863
688197
55321
716862
735375
90818
1857623
1132508
137685
912841
1937418
1309329
639062
1834709
1386662
203147
1270192
1146836
1828657
1292675
1710881
583867
680728
1790706
707691
1941451
1524357
241632
1730847
1829822
1094113
1771869
78021
914532
646489
424374
1732119
771371
797435
1546119
1295284
1851936
410168
1618311
360674
6525
678704
1510923
369438
695014
1655110
1941085
985062
143842
1369780
1616883
1859065
1653814
1977621
1884354
1290641
1879304
1393780
1507015
1226064
1672202
345152
1440004
1076763
1576233
1774319
328961
514234
831336
281128
1683111
664328
1566525
1207023
866372
816005
1113551
508640
102704
871230
909450
1255090
244185
481573
1534977
404869
763192
1124819
836377
709865
469386
344244
1836261
1113381
417743
447208
1253111
222378
319832
1872984
714870
1229100
1519406
1220606
1612354
1537265
1427448
1856514
16801
555110
1767806
18137
1918832
736582
944210
1467125
512531
34783
288096
1763875
1706567
1951148
1469885
1000827
1539709
1551880
194344
1910486
1099485
1128141
1908553
1115491
521740
1897734
555310
924496
1500078
279778
566916
888551
1217210
1646460
56934
1970974
1664242
1581366
258675
1451612
226570
355777
1930566
1229184
1334060
1104260
1550168
645998
900645
1149377
125405
1521925
1341138
1332001
1234564
1128686
34497
632824
1601
1130939
1399213
551461
526504
172549
11369
275553
843925
1847769
122701
1464702
97725
100462
509144
391432
992558
1913319
1603905
1614096
1266505
1512802
1341452
1959362
704658
1321495
933612
368573
1415244
739343
1039641
570825
79783
966721
1226888
1531778
163911
113204
1014455
1820462
503176
1713354
1391047
946022
1806403
1539270
755230
659191
388569
1801234
636545
1364967
1202988
574450
17409
405081
1023406
853481
1085386
416754
206278
1838349
1008877
379273
270878
1724681
396957
1348064
1577419
4938
19309
214120
1580256
599111
1150636
567937
1987054
1162585
1288232
1654311
98863
540452
864206
507974
1232233
1239938
1665342
1078362
1505208
1499423
376230
5167
1866476
780018
712359
359307
1453600
1909124
1919149
1369442
1277500
1300363
635303
1135388
1720818
489163
1974725
1463793
1321102
1859311
622352
378579
1978843
239162
321128
779890
71904
746989
840832
229322
754888
1218182
157233
43486
1944980
278605
318794
1892583
421234
1708314
835379
225793
1491784
1774966
880459
525431
708574
1161772
1821997
1981690
742934
1830948
888154
1813087
1848751
1774091
1822981
1198324
473543
1100465
1349860
517497
204962
1265954
336150
1479389
408444
594126
1350107
1620961
225792
1215328
1331496
1382208
512103
1744008
1296382
633570
123838
666536
66478
33824
437341
687119
1526462
1716588
410335
925938
444829
499392
661187
808811
178573
391756
873536
45067
376574
1310027
461270
109271
1326641
892437
1644314
1220637
341117
1343635
73180
764507
1527773
954212
112309
1503173
730784
552931
251928
575890
1597757
466176
1299916
607130
1750833
1179516
290269
323273
1272967
377893
621688
1822260
474736
783396
1048215
1297348
19130
1736250
1352421
807274
613319
248241
311646
1498490
1160672
977621
346050
1230941
1393373
728673
1701613
1868740
1093820
154531
786927
1576281
123968
368497
1336335
1571828
885014
995428
765898
531199
416232
590780
520912
270436
1923851
1128039
726594
859076
512283
767555
757107
151110
1462581
1430664
904704
703623
872248
1148039
625720
1618827
705403
404545
547648
542442
846439
555309
1356569
505830
284973
519575
928470
1126502
249311
647997
53156
1051866
1941713
999707
287632
1992199
1763966
1539498
286535
1688215
221646
516723
1923705
1964788
1280355
607189
966895
1429865
1618448
258709
1595143
1874121
1186116
1077815
777784
543118
76415
871466
1637125
911667
498094
1198698
180386
767733
709579
956369
331053
963206
12154
188105
290001
1879360
1284927
569703
657227
96310
757369
626472
506924
798359
1266819
1564577
1657343
992631
830916
1634665
1636298
1150325
1163883
557853
158631
1275970
77992
1708390
1087309
605652
96277
105956
1354672
554028
608245
1432262
471126
1712928
1965141
1032549
1420633
1671646
410092
866573
32670
529848
83529
1214315
1466195
848569
1756851
431451
1671310
947655
905066
1071647
872800
1155683
824744
1131543
1279501
1415821
178739
800859
1642068
111256
1279511
1149752
813353
1337731
41271
234201
1209703
1931611
1997332
455887
1995037
1986079
1421249
1439691
1804640
1541009
1179879
832983
715471
1316525
1790883
849425
145073
1677620
1966910
194757
1741930
168076
424842
1853701
279137
538247
339094
564589
881090
1164442
345656
1823088
1481195
1542520
831796
907880
900941
384151
356939
1603636
1812085
316098
1092692
1863260
1593899
276489
192098
335174
581151
597124
763444
569754
493715
1354314
889495
1555481
396000
906635
697552
995739
208158
1027931
1776498
794197
182409
243390
1898256
11603
1828167
1349858
1264582
71596
987668
750226
601170
1975678
1082109
734707
514899
1611973
1556844
1546578
1266694
1915004
155486
78840
1772602
517586
262024
1895561
17925
593122
1604437
1751936
1238404
1779010
1602719
1522623
629504
116448
193700
1170593
1353034
983991
30243
1832041
1230335
824462
267892
1972702
1240947
651241
1036756
919265
1980192
1122263
655431
1240863
750861
375636
757740
1304865
255547
96133
1145695
480558
1468372
1918895
314676
868482
207507
1761110
1478522
762330
276008
966238
61698
1266852
1744861
1106761
1923092
1963869
451555
1123745
1734738
356416
1091772
778116
1594593
1827940
893966
1692075
1138766
1096864
222874
440605
435345
303672
794684
73428
480172
761332
96133
1720488
877284
1477556
1455932
1896081
1128358
182848
1345936
62145
1525012
1118940
1528669
1088906
1346616
1775534
493015
1082293
1808459
1253195
1128437
859034
1112844
1413812
220638
1079319
537976
262043
1481558
226605
649888
218887
1631560
1000179
524960
1471018
118363
1420056
989775
828988
618153
1322391
1793787
1388921
500564
632011
280660
1396923
744956
659864
896322
1596386
65392
554725
436813
1861451
1632027
1316644
238148
359412
320958
1303179
105462
257524
241500
777333
665704
1903077
465330
1926698
1195738
1852221
1333271
1403900
569162
475556
1791782
1361882
1169863
12056
699285
484215
1729695
1108374
911138
1424891
762221
59242
1859082
47661
1461551
1585556
423329
606522
135499
1507817
1054573
1829124
1032924
966664
1663315
800166
691707
65239
427637
413084
378555
691261
268974
1383818
1796476
1266980
563539
1931820
1199032
733391
1552910
768189
1784648
939475
1461007
497260
1259309
368598
668642
1355602
58205
39600
1809101
1772996
1290719
115723
226863
2833
925686
650070
213123
64966
1918958
1061012
1944083
1993692
981957
10957
210320
559838
889427
181161
878535
1720884
1469127
797553
524720
989354
825942
1244483
682854
1833053
550701
1811180
1642445
1494845
1414304
430237
339884
842996
686930
550180
378674
597443
5584
611896
1708077
464500
1373813
568210
451983
1538038
1867334
36177
1553367
119015
1432990
1461919
1300475
1261051
1827677
1225969
754751
902237
145847
1138176
1082866
603848
427353
225116
1934495
29615
357576
325415
380197
774092
1441644
462536
1931028
693397
433660
31189
1880818
487203
1280241
418921
653471
577277
1545010
665254
668544
1341681
1470260
53524
1966054
785953
1863570
547606
1204716
1300361
918974
1328561
1278968
1080565
1884649
1903541
294686
1372694
920028
787855
1732916
1452927
524714
1596565
1354018
133686
43329
622919
72504
1976469
747708
693244
414271
57949
1491306
757845
1328899
237300
1602766
1245648
1688934
995247
1901624
985054
1393424
1657841
769019
416170
276586
1570471
1930358
378752
1917582
246793
715296
1131675
593067
1639858
690012
1846748
1319519
1874228
1646488
1246842
1681042
1872526
1960325
288277
1323707
1917350
1028162
1566020
1854786
1755722
1137992
849401
1688533
1233928
1647778
251047
1660920
1090613
56926
1291769
1976736
1316915
1913375
56159
1501385
1009840
507677
1277624
422171
1564655
634791
482451
552477
1622424
716365
731261
1892309
566
127533
1715736
590096
681441
1384674
612675
421680
932906
1862418
1643185
976215
1771126
1745549
57934
565226
902329
1996739
1590214
465641
1990928
1748014
288844
1568050
892437
1268295
1002418
992468
46312
1882876
1549066
1888925
1832055
90107
1530228
201697
1230014
1789027
1004434
1504527
454866
596533
189911
1673264
1105659
1455722
1195557
180314
1198624
574803
748194
594695
1569755
1010697
931821
983163
1042013
1265986
211609
1278811
5257
1646398
1022780
276725
1312754
1337478
1026688
1520439
205985
125474
150105
1551322
166802
82449
1540978
1339822
1611963
785987
1573646
1261997
1594845
1572129
1711850
1432108
1688522
1496615
1914758
921250
844011
986193
1650096
1250808
371720
1732894
468834
1003360
223653
100454
1078603
692868
459776
322139
197630
284693
1465662
69584
177689
1804129
1008055
1295447
1191513
141497
1930779
972502
981594
999829
948582
833331
1493314
1134564
1414865
400207
1050940
846954
1206217
1273040
1965889
961553
842667
237773
1600453
599794
1223143
805292
1859145
751617
361414
56870
377911
1100844
1654526
258143
465928
374389
1812109
428859
772996
406543
1345472
960811
237845
1830150
341912
1180359
913905
1569030
417170
914992
1522217
547204
1271964
1385548
1073498
1155460
1264308
469375
1629437
548855
1581049
344097
1658173
960778
1239687
43711
650160
935014
1623699
677305
458128
1891304
386858
1246955
877299
601428
1413358
395500
1587342
812583
145851
1369650
524718
732048
124194
1643705
994869
1445695
693644
1898670
773266
517640
847255
299249
1503398
1025046
1213219
233655
349903
1793295
1461712
889397
708064
568791
1315753
864463
762944
522886
1621956
1261931
52470
223667
298210
1103447
963462
1114648
1677126
304809
378931
339426
1812505
336810
1355551
482925
1107013
1728621
1152764
228772
567786
1607577
404547
1067406
1254694
1819689
426894
1984925
1481554
1659240
1319876
1714819
1964380
1623983
1204491
177902
563191
1948375
1024747
1098189
1247153
392348
939468
355305
1420653
1801323
1657182
1984905
120597
1825662
1743507
777216
1077263
333637
1030806
81354
1352089
1265609
1973024
1864049
1064555
1714272
297457
524788
602328
1223912
1065096
642829
1214426
117730
1201865
1157884
1413569
1523350
515615
1105153
1477081
143121
736582
1425536
1172593
1407455
406961
664715
1356629
1242399
592806
1190869
1346101
1642622
1155620
152528
1958492
1129696
403507
497707
1633357
1516043
157116
1802547
1538387
1661307
1163364
262707
956315
145998
517602
354966
1626901
306818
1859390
1623248
348737
152171
1281001
995311
96901
418638
19197
1952010
451861
1913998
1723884
511334
1861818
1953405
1186513
97062
144003
205947
1275517
1198119
1651929
93822
255154
851223
174828
1169899
298934
1367768
1293783
938594
1610819
1414722
649000
1239742
1873424
1051868
668394
1955734
194967
175017
242694
1808808
686320
728821
1372198
819880
1821968
893852
1491713
532803
1383718
932036
155536
1854568
725835
333506
186211
961978
1157088
870868
710415
478792
925355
878951
396236
698488
534778
1484466
205944
542326
1636131
1080667
596942
767461
875635
245419
425103
1179654
1350307
1332091
427001
661020
811554
113080
163633
1272474
497549
1992850
873355
1370652
1174815
16501
1678496
1719461
625000
724936
368520
1753028
496992
1597179
348562
655522
586589
1177057
719749
228757
101670
192034
1641798
1082447
809453
1556879
301890
852613
910861
712236
435127
622758
157495
1050735
1048955
1432146
1990661
165675
661443
1383781
1926219
975236
621931
1129884
211687
1755300
981382
1352464
1830406
1733386
315024
534816
443710
1405146
752142
450148
77593
926105
1588155
933689
1399446
1878905
1139327
1932484
755557
1309192
1481276
1547082
1312205
912194
449769
1166770
1979830
1837122
682341
1493027
1787066
1327600
1973175
904458
1307834
787414
1264744
30526
651285
1600566
926231
1883558
713003
775527
1756779
850449
574984
678553
297578
171653
693189
1727359
23829
1583051
322703
833287
1531475
1562462
496365
56990
263944
1669648
92103
501248
210853
1542392
566835
1309385
692375
1468406
1417076
391693
674046
721657
1615655
753885
1506453
1983199
1402364
1019847
579017
563940
1612298
520030
856408
480754
195332
1438074
139030
1594548
936914
1740343
1297404
1895816
1371983
442918
1118326
1633158
1354110
485509
122652
1652440
783330
1132374
1289373
1284152
514829
1989136
1636932
892238
458125
479827
691600
1352632
1101971
1521294
830281
1144586
1112476
1417084
486946
950596
1486539
217999
855480
1316952
1635760
1970616
32515
807490
1060220
1151646
420108
1321269
1792137
1556384
153506
573582
1251440
573477
127743
407797
102946
1396887
1438499
1549864
111477
343393
1008043
978352
1367774
781738
186258
1118597
1916473
155305
1054029
302139
1053327
345978
534617
1662779
813455
953080
976179
280554
1646893
682360
1736161
179757
1521410
1634381
1966056
633492
1886611
1905642
967594
1940883
1926998
1201357
1871741
1524131
1752568
1224121
107926
807733
445913
400914
1007012
546987
441255
1932433
479427
1312951
1402313
393048
924612
1121376
1373987
1805917
819955
776803
939547
262555
1586791
1593124
1223493
1881
73305
1146023
1659441
1266381
1768773
688968
1047323
1263967
1016985
1706177
1268071
517879
419649
495516
794618
109267
695031
1101883
670925
1407285
426623
1285635
1888697
1354708
1403131
1145196
1870939
563884
1672604
1461447
1940520
1369348
1256156
1416546
1787685
1520342
1442155
956972
1039817
1600175
223074
893538
44949
289397
806904
1546782
1294577
1044670
6966
1263072
1102295
538190
980786
1264883
1385256
647032
1997918
542037
417041
317834
66734
206640
1629808
907464
864676
1118740
87302
434716
1983822
769466
212555
788018
1579171
1586306
443186
1740861
1505526
838874
1559593
317980
1207279
1265153
880031
1909219
1149391
1601600
476157
1032603
638289
714106
1978073
1925775
956291
656522
1198697
1390128
1154809
143191
817113
608309
836347
1574015
769979
1098219
1575043
1242332
19908
341818
1292967
936653
53032
332659
520827
1922265
984348
1945495
398655
1748110
1279995
592703
785961
1399987
1676856
1078951
793446
442687
1770870
829207
772209
1475948
1606137
391511
743019
629064
579823
223067
901320
1430103
1057007
122627
683132
956041
1195323
285026
985693
936695
1803150
922450
1257130
998680
1831862
1577008
1393731
104947
912667
372503
1043163
65593
1364506
1717167
315394
214802
1848974
1014438
1765242
1628144
318373
553203
1188923
492439
1537293
1919053
311608
664351
1603378
1450172
1642296
858057
749687
1381513
30124
50829
164640
1272124
338252
604763
1110611
551944
1505372
944954
755920
168036
401946
1287279
1884804
250158
843393
1129879
978808
1636074
617914
803731
1233021
745309
1596465
1994331
1442984
1672460
556537
1307932
1975314
743055
823676
1407597
1602774
9473
683115
1097048
326200
1375424
569643
1106251
1448564
1367868
1366651
1735065
1579801
1187455
1372170
656129
752223
451780
1220475
1230526
917370
1117638
35020
964777
207750
960078
1717121
643216
997044
184190
278199
787324
1291436
1630484
616797
704514
1144891
1070918
634094
1020010
1833577
129068
1340520
176173
1645042
1650584
1727377
1256652
106851
1767690
1070105
1045031
1219634
825491
1217162
388930
1784131
1323872
1946858
913718
1651108
121622
146592
358830
1939385
34257
262724
1340431
551126
64283
1104172
1940700
1990153
1692695
1549195
419956
429404
608579
983293
1972244
24468
1582668
679748
721038
380795
243774
807000
1194847
1884243
898889
407266
647051
1288190
1889152
1489539
624995
1945679
1083622
131437
1432715
661754
1402380
945013
665897
1907802
1062274
690272
539724
90515
98417
426451
1833962
59047
1653853
970707
1313076
1897408
1394168
613616
1838754
1982380
1215652
1108225
234446
1858221
807044
1736569
1936531
258581
1240523
1562842
1900175
348718
1470942
1175880
1216996
1587880
67379
818425
475438
184678
20614
1256856
894274
1509985
1923990
244025
1256290
1601579
401570
1786168
1398450
765621
651452
101975
504674
1803398
1901346
1391115
624094
961561
163149
242830
1642591
1173862
142313
426027
1051994
274291
568181
958333
1290813
880838
462691
456699
505992
615399
159022
429955
618340
1094066
224324
1196450
259210
52766
1420920
1089718
982880
1865
291316
1535762
797686
281386
1603795
427652
1286329
499079
1691251
972484
85856
1661068
1129873
980985
1642448
1020483
46333
1061922
587019
1221602
1637578
64509
1123044
923701
1818875
405439
529002
162586
990100
1082244
1379646
881243
412973
639418
1970387
1077699
1953633
1739370
1725451
952622
503601
42903
296988
1485223
1641058
480244
1173569
647180
1565744
1947580
1562330
617654
634866
678011
1313168
731794
1229886
864329
50997
1701931
439408
122797
1706624
1015462
1546233
1400556
1019383
348269
388319
637230
719876
747980
313312
1462479
445575
1832185
1534200
1601493
634906
679893
789194
745510
1394897
43089
470685
1539480
270541
941622
1345275
231626
600317
157106
1101361
355266
1112297
1185223
452910
52845
782997
1329500
1558597
200547
533033
944187
1401389
1311283
922080
651744
901480
1720583
1921393
1097189
752941
931201
50049
1345563
1117651
1200004
363681
1692521
724695
1559664
502444
580262
1735926
1211316
1514438
1685886
1949517
1170355
1012269
1771213
706207
946545
1568799
918053
876465
1913327
1540158
275597
1240567
214667
1611324
1927768
1577815
1464349
1390083
821619
1539869
641383
1546370
1296542
420176
1219188
918644
278758
1241515
118205
1682259
985569
716598
373809
646143
614412
1577424
1563615
380608
1027082
124888
1168758
939595
1309659
478564
1405919
286103
1812579
1787830
741954
1111417
1851422
958977
1984703
1706517
939466
445658
1794601
523698
608420
1278330
1583053
1699275
1703721
1289059
1563569
942613
1311024
675698
1099239
780250
169574
1688952
216423
1823501
913458
1814880
670982
1552832
140359
489440
1055415
1359351
1885186
922943
1094285
375638
542763
1397003
1104491
52202
302593
1207738
341187
1636846
462882
1820116
895029
524766
1718084
1981668
1366070
91990
305780
1062929
747546
36396
1942185
1090998
847961
1462333
393909
1336759
579413
752320
247046
442594
1331835
1399296
939351
1357686
1760262
620760
578162
836327
1495708
610440
1611023
1702074
625745
1270426
90806
1853526
702594
848815
531177
277140
78388
1067679
16989
542233
1956674
197538
1144652
1207793
1901462
20544
20583
174950
228113
1644920
613259
1215155
48815
1385130
529430
338278
313230
37279
1254610
1163866
406222
987223
541146
355604
254638
214592
907330
900688
1840785
1490011
678362
484134
1091344
335924
671896
377790
639670
1352015
1297641
1860782
1546391
1490802
1720249
575181
570039
456150
1389316
1810381
1487585
1514911
1795740
1025434
1124933
389990
391726
453482
1644784
1422483
1209393
762324
1747305
869549
167323
1250712
212552
63597
119573
1096098
1958782
1345069
714069
1017151
446332
703250
1154988
41169
1446618
1102653
1213132
911206
271313
110936
148233
1448028
1924511
1640883
532863
690668
244400
1241903
1583268
958006
215469
1790343
873395
1588398
1480712
1731343
759120
1723340
949645
931579
1863648
1001190
252873
270548
1776333
176695
749463
795078
85068
1112147
1341305
704561
919061
624999
529363
769051
93981
547031
209409
215650
1918323
1932895
1501569
375063
780184
1571228
1730498
1757909
732273
507901
875545
256925
1132443
1152731
616965
1948247
416209
152374
177228
8326
1107823
1034387
326547
1643714
357580
877665
513621
288597
430378
1613225
1828236
803735
1445628
474729
1330983
1656770
461800
1833522
1380341
1891351
575741
1419991
830098
805480
797262
1931804
720099
721723
938188
1614697
1719278
1595075
154585
901486
1456074
819210
1607205
1484439
1466036
292098
165843
1996330
790558
1942046
1635594
1764796
335438
151025
320238
1957718
122854
1582886
1613174
1640490
1926744
1496609
1906263
653871
1332178
1844357
1495524
1449215
167405
1535727
1990798
319008
561101
1620134
27150
1122542
823302
916183
1952792
1413029
131078
323643
824326
1490322
1078384
1091546
90109
1909264
794356
968293
1022929
1768282
1791982
1628345
1416470
1883116
1898060
623109
1057979
1121491
726499
973480
1349783
849480
601502
711100
745018
1677376
1424904
1757389
921869
86892
1536570
275404
1483865
794130
1309819
163986
1446426
1258430
1451770
1176901
1463629
1355080
1612849
486751
590199
96473
1426887
864623
1368080
1923201
5542
1099072
28333
502921
1631239
682132
1847855
71243
1791867
396912
660482
1205977
1973119
1053695
502860
1587751
1478775
207915
674931
1670820
1071694
1909690
1406027
1980461
1387770
887787
971849
1604285
190390
630262
1985094
789510
257940
1339538
1050228
151029
1586151
1873745
1730080
1181357
619385
868863
714737
1742943
1214399
622710
932091
1220659
1757996
1135841
356099
26262
1274915
1375711
1082335
954859
390281
1123136
1726841
1479021
836210
38312
1565488
776917
300685
129470
611250
722580
1443987
1425488
231343
249271
1830695
1621989
1666393
1907776
1283578
1284617
455603
540557
951858
896784
1770510
925888
1123664
1325631
1644633
304084
910480
1135512
341087
1609898
129807
981983
1651843
1925240
1259340
909449
313199
1032322
1021148
261153
1679461
624385
122103
1404497
691059
937902
1703836
982424
1191897
1014374
1859940
1459562
1817723
1164845
1344044
799563
734780
635528
1731212
46712
414677
1148391
1009832
1326232
1995813
316124
1640770
1347124
1045138
1488009
1411414
1570166
1926415
1629957
1358483
1192005
515406
376308
1130161
1121158
1316925
1319643
897901
1788350
1025911
834134
797150
1762271
960307
76111
1437004
699131
606540
1879491
563624
1447261
135464
853246
151338
972366
1333092
1329340
1666153
1057390
1167094
1807481
481632
1754045
1584080
323605
1430665
1829619
86493
1376175
1594770
1809125
1623272
1564101
622480
430971
334685
172504
1635058
1062122
1116649
1545855
1357141
1825907
615653
1739797
509181
993956
222108
973630
776085
1754981
524155
292897
738403
1711225
202496
988805
679524
211908
60674
1166308
1545322
919973
109346
218995
52615
419199
1207550
755434
1428809
1228231
1792594
1651442
458665
1691781
822658
545149
1978847
393638
1760988
795086
370905
506951
1692811
395315
1956637
1465254
1484428
1172545
767262
1918766
1768932
317143
1488570
1831842
621278
1069174
985880
741742
1246916
1381690
720303
156550
179477
1660064
754728
1899846
1475763
180621
601264
1206386
1056643
92845
458279
340287
1156563
561330
281521
3468
130861
565243
1116858
1269121
1570365
107462
1637831
381389
1487246
66333
1884861
964767
1215311
1714900
320224
711589
1372078
83440
6546
1286879
920658
442998
1705102
917159
142324
264751
1574698
931454
214207
614183
1903211
1177889
272004
1732947
1418526
648012
1108598
680164
1661875
1050793
910848
957366
1362070
1820605
375077
1193321
403137
1216729
373467
318807
1633201
1106959
475542
982168
418554
1105745
165662
379393
164051
204696
711396
820684
1337702
327394
1384177
1098945
697706
1118892
55841
1643112
1941487
1077211
135182
1097693
1376551
73383
361026
32268
1947196
1043439
550954
217983
275265
687140
305212
148294
1039801
971714
55449
361600
1906479
517137
14731
193718
840520
920778
947458
598091
1583937
407470
637386
1297739
1064618
1730125
168121
1463980
1014058
1064860
1087770
1242353
1908449
480767
1454544
10277
1336858
1794918
472449
366237
159182
71142
1447180
1215030
721544
908041
223087
1645540
1081786
37305
1723505
1645264
1065421
42967
1799036
1682594
554248
762777
442313
1732673
607698
184181
1315170
1525398
1085579
648290
414248
1025136
583741
436605
1879826
1418954
335996
99915
239115
1358514
1818011
789056
674466
695122
168231
201306
1964768
736531
615589
1132510
767949
1136480
1936784
158203
305968
1512269
669215
1402853
1498180
1506370
892096
1770898
890589
1900637
76887
217412
649810
247716
573208
1803849
1566622
53004
1888048
1050132
227445
1893425
437782
1777735
63074
641008
1972798
1092588
137827
1646693
1197861
743714
913109
1785836
990565
1857026
1630189
1297196
139139
347137
1859763
946192
310572
1570284
769787
1483706
1772306
1668970
205609
305099
457195
1022978
1144953
1718151
1119567
888157
1086555
1723522
1092662
415079
155186
1391757
5871
1481070
1289107
1860685
356403
1699147
868504
1258147
241838
384111
87148
229620
446363
1032420
1235573
1026064
2105
984005
805636
1415009
133946
1722693
1880825
425164
780739
1208888
1708692
771238
580712
697350
561619
348974
650392
387859
1442659
1980562
75383
211335
1071860
882078
1197462
1354446
533840
899858
1435908
503249
1364889
1338046
826928
573177
970427
1283410
1373351
138832
1699157
1635724
1094688
1910332
375280
1207640
51036
1812043
1119566
1497924
968314
1795615
1053243
940158
1946586
1825855
1995831
958308
132412
1382807
731575
1306992
412524
779938
432691
553433
433831
188072
1850397
529379
1276510
988241
199206
821066
420096
832123
1206712
174164
1801779
188348
1905829
447668
1712882
845007
1538054
476383
1485762
1276259
175352
1913889
1408193
708588
1423387
1543969
1283606
292600
1677909
649136
1958138
114770
434348
789248
1179077
901732
1221692
1045725
665328
417051
1466054
1107086
729270
1184675
1628042
913873
1845887
410605
1872581
126099
1508107
294109
41537
1602972
204482
1681097
1835175
363220
339125
377749
1619620
1825153
283310
697487
1684607
1829910
897109
1790255
599086
1298419
1163032
334857
595844
820713
1001037
1766239
1784302
573792
225314
1524346
1124630
300814
1227374
1556014
479862
1711588
688793
527430
926323
148343
187638
1342816
1231466
751857
19999
1431283
1470706
372867
1727561
806288
1222066
1158824
1731599
694212
1311376
14305
914139
1029925
741382
1844153
914897
1364715
747531
185153
281453
183207
655011
1240940
1020541
412075
464534
99198
1480551
1269507
1011342
1763466
1215163
850763
1307725
916496
1199006
1049972
1229032
440819
324738
1940972
1530434
1077959
1160386
1694230
904317
87592
1672590
1041824
1962641
1609482
919774
658354
1553324
1585716
904703
283081
429727
1849152
645429
1346042
1569969
1404261
1486668
290101
486724
1004269
1641559
1659015
310444
1723993
1270191
828899
621569
172245
48344
1902355
519107
248971
829193
1135777
209591
165019
1722129
8905
835229
61379
1676866
1932326
1358572
1614839
396400
695257
1263902
997054
1618013
1797944
504678
962592
496366
625990
1569299
1454032
406177
526497
1157444
933609
1225180
1592026
1448978
1517597
881675
1587294
1880034
1664319
1131659
1086588
1176419
1526963
128335
932067
861458
562119
1720648
551626
422518
1767712
1702309
1219042
1267845
313657
376744
1455027
1097315
657577
1043622
1115518
981968
1156451
1252985
1588437
720533
1350115
1924107
604914
1901357
751578
711235
1531684
604350
207905
815005
1898598
151343
653831
1080902
1175151
732340
1971873
1185592
1367380
25909
1650315
982901
636550
270235
653743
1603732
146755
669378
1804
1040508
606296
1748201
1405794
437190
1523096
970237
1356334
1604084
1258668
807913
450296
1671346
1650545
246317
509700
468375
302654
180031
1165538
153822
310807
1679486
1686328
98987
1559127
1229484
1561260
1936876
1198241
1447998
1002460
245128
1314292
1828056
412871
1368214
587939
1851085
1762683
1117134
538274
909945
901615
1391590
150904
1330541
211685
734097
1169268
385022
351279
1414548
1319874
844056
45493
59876
775260
198464
698051
583948
1941341
1383640
1457272
1572632
1298761
1316240
985016
66154
1710308
1729972
1677304
1873968
1349577
1571426
1051394
1476190
868209
854819
1514622
1632595
1552238
1590207
204137
144029
469777
256626
1539462
1263992
1421655
1144819
660180
1393780
1627222
1604347
1839468
1161998
189786
990281
937318
974994
250834
1190694
1343012
610654
1295803
351181
1484286
117713
144771
133586
464649
1795179
1168942
1198815
1437839
1175713
1348520
1785003
1594073
448777
1789654
1478429
1268408
10329
335714
840945
363127
253185
1541919
95723
1564491
57303
1540016
1019709
1674933
1549551
1659398
301078
1372815
1885983
1764875
1188243
1480856
300550
1935926
1284561
909829
521061
1872124
212455
618704
1429439
286174
946085
364893
1936636
1723687
229044
1062235
1854954
1327155
543127
1987087
1092685
557436
1511051
931392
1745333
1702729
1048659
77025
1789320
139369
472335
1941492
22836
118810
300441
1071841
1840073
1177241
794891
21605
1931497
970523
1811628
1122344
955358
1634467
192566
604857
675271
17938
1484795
1623183
1121900
1605128
1944228
231344
1555149
1432836
657802
1171562
415354
1160109
1043861
1353338
1732201
598947
967078
485776
516956
1429341
1237070
1441564
779668
677015
1831756
1581495
1840591
1149768
813865
23687
1118171
1166177
291108
1757888
1195119
1736599
857599
800918
336732
1739009
997846
725676
361362
155722
1522780
337255
1105141
1176457
1337722
1226321
1865917
1139013
1374119
1032628
1901269
1036032
51475
1085754
668073
1637768
573256
1733008
783495
1050518
202840
1694585
16030
1530599
1389770
1783816
1015524
1988399
1883418
1476034
190300
801585
363386
1127235
756988
1566170
1181124
1948419
1437199
1602577
1564386
1708993
238231
1924933
1300180
584106
1728639
1363217
855070
1916201
1683161
665845
1317501
1536721
1530219
1480278
1784750
1348942
360786
951740
1315896
1967758
328482
448999
1502394
313359
290460
671098
1169353
1489609
1595997
399694
434823
327097
701358
246576
1702761
1239962
267259
913809
1669538
1178895
762378
524539
216409
1608797
1460182
1282169
311583
1149539
990912
704433
631908
319801
1654329
1855170
1379632
1722017
652552
1245077
1608857
849774
1211264
169774
600995
960516
1809400
534669
1964753
687362
1939187
57643
882392
1419612
683997
1631536
621159
270312
1863199
1399038
1341861
1782954
1694719
1565283
1765904
1807150
984136
129397
1912214
165787
1019255
507134
317712
873616
1311915
1195895
1403789
1447328
1369393
1384477
371760
588102
479334
1552911
32195
1316583
182550
1566904
1483990
1909716
1980054
309955
211663
845469
1500598
205279
139879
54459
5806
1650857
1067757
1052448
358514
1563253
19988
1041813
981668
1037556
1393448
1303065
315199
1533694
1295687
1019381
817848
437180
1129633
861338
216517
1910139
784872
490451
773465
1960656
1254852
447716
1054507
1321554
1804260
1235613
451245
1759903
1052080
90405
33353
1533510
1029672
549446
343927
991750
1469470
101548
725302
1222422
292644
1917438
424602
680549
1454549
1439730
1704417
1739664
1784249
285631
175893
1609224
1537927
1626455
1337380
516427
935404
1493183
899762
1433957
1452629
1261908
1915909
1472667
1584380
526933
1874186
1516487
1318881
1787735
718213
1768732
1656847
936696
912044
1672874
927126
1529693
364909
1892742
1028245
1036833
767155
930856
59135
1370069
623658
883266
1914274
272459
1219710
1876794
1506381
868623
654460
697566
1145894
794560
1632930
1540965
359969
1360954
1275671
115258
297481
1294264
365698
1405513
1192581
740705
1393398
714232
1614644
33589
305229
1371740
1471778
195525
1324350
620646
1038540
1319856
838816
1309040
946232
912795
1806691
1802895
363719
1500811
537681
1938102
910864
1596262
130050
536757
1055387
266942
1829322
729222
1958968
1318248
237656
973285
262694
1415963
1560184
859600
976245
1672880
1812930
1565099
1733865
1954158
1211947
1278028
237046
157284
1100695
496924
1412708
863954
1537529
701918
838128
1220925
747449
527949
51258
1271754
1469590
1460932
831919
323662
1435088
1301493
128945
691486
39390
580709
1220392
423348
485552
1479659
1869554
702419
88536
1165656
696122
1120957
1986064
1086768
794357
641711
39143
6511
1527880
1551980
1436204
1484295
1537365
721159
1979427
394248
1251276
1753961
1115184
1492992
467825
585135
657186
591791
1840773
1309552
1076628
41118
1068215
953967
426578
89788
87227
841383
1354583
108053
1670782
1117671
1520901
1595334
44488
870104
859321
248026
951741
1117112
1238223
1482596
1648536
865321
1688306
1507978
1340088
967481
834131
179967
1890659
790774
713584
1658841
1519979
1591879
277820
507762
1062399
1554356
1117056
956867
634170
1569877
375162
67880
515013
95499
834058
745782
112195
1686734
1809708
1758836
1401525
1788515
240473
453355
1918769
1890375
1572738
1411705
1086706
1468646
1990803
677093
474346
819964
1544034
642715
775577
776474
854716
1966068
598749
1971020
592762
385468
284623
180862
746327
358633
1229406
1776705
112086
1998386
394038
802901
704234
966551
1943179
660399
151108
175713
1077105
1418718
255447
1098000
156632
1865835
612864
265692
619110
1115972
1909962
1052832
682993
173416
1556348
1418120
1404812
1366343
159551
1406473
1308506
1132330
1212612
647821
543889
1519910
1380767
246327
987233
1697206
638853
112160
98028
1102732
354231
1527540
693855
267895
64778
1039922
328283
475526
833849
538350
750815
1997508
1385937
172240
1289082
1612402
165897
1463152
1106536
1295895
1795445
1066736
1999732
278558
752073
1651677
1227551
1748597
954445
1529011
685818
148327
786976
1293480
806809
1430887
409562
961884
520330
266658
1124516
381348
1260545
1363443
1662322
70608
1608828
517335
686322
353858
237397
1755867
1049815
819993
1339399
446460
154304
176627
104695
700572
1777108
323159
595819
611325
1245970
1971439
23627
413982
491682
204189
564843
966583
1764181
86051
132636
666055
1956136
335164
1852277
1428111
1146821
471321
1439288
900764
1303451
710043
1346340
860687
743109
367427
873568
700386
527578
1943460
15321
1751553
1038314
97949
259818
114530
1258614
650765
1435580
1713148
70254
949143
955168
573638
1609213
1162362
888983
490102
1021710
625623
430889
1188585
1750063
551191
1367659
1711270
1139694
446954
1942109
1896768
772107
616101
823553
884832
445557
1252682
188438
1348663
1215708
852546
1849681
970968
1619125
334702
1711558
18675
1345867
1290753
900503
1104869
1534204
420317
1066843
1637202
628154
476357
1505690
1149423
477837
726570
1728402
1811982
771472
92927
509511
574780
1797089
56284
1144625
1340963
226035
378885
567457
1322098
1689592
1186680
602525
1673413
1729681
1861758
1277180
436866
1552879
352939
1840429
924074
1263220
365006
839657
187839
989698
844765
917760
1755542
312583
885521
1778808
528760
1322323
27866
906800
430186
1687360
726612
1845699
1111403
726533
353146
1547780
806039
1854012
1624097
793160
1132715
1834836
748168
1882253
1929295
1769833
23160
91187
1291216
984851
1440158
1256719
222435
1006308
1792706
360309
1793382
844889
1875666
1789908
696774
687993
1732948
752612
1115961
1376175
821095
950515
232145
243576
893316
848165
1814938
887251
1131874
911207
283634
194818
432820
98889
258469
1985476
407891
1547811
960116
1722680
559297
1254536
1490299
1975007
108847
903179
508794
740564
949086
1940758
1441150
228127
1898300
1983327
1255920
1957959
492176
602566
1142818
814720
1607529
180551
1601230
932701
130056
1687359
237366
161457
1972061
57829
389705
1514744
1767827
1034615
629455
30353
1146424
1155870
490081
1112851
1387751
419248
1927656
1118658
66635
646428
1132517
1593295
1479483
336395
919003
300366
1111095
735630
241211
1347666
129629
932250
721328
1251801
1509728
493570
1873248
29456
593481
558920
197973
1639386
151125
1566662
1286274
1756341
307848
142940
219802
1422095
630547
1961953
634922
150345
394055
1844130
1777693
1689787
462244
1910582
1589911
723903
1452351
1543366
702330
164021
1293035
211863
877767
851818
1914450
1054915
212021
571820
1382182
1281536
62871
682237
1754909
959795
1835777
225553
679610
291450
99296
858453
484197
1537265
1320456
372791
1105531
1544220
1759461
279973
1636389
91534
174025
1523598
884371
1779506
1440533
491420
1968862
407663
1181485
1421598
209776
704175
215626
1378117
689316
1459321
1630779
479113
1216875
676664
1117886
17765
228246
267211
1184099
1227925
1502921
226989
502437
415045
155075
1859614
1485015
59216
433533
677045
473025
1959377
1653281
1384413
1736260
73477
1594158
1319805
1911540
1715211
1561339
1695106
1654425
903242
695389
1356118
1291034
1840665
1153567
1472129
1537663
1286722
1862687
811718
966729
1745895
116429
1149892
1150096
728690
404740
1357933
1587736
1705383
1220996
970275
1770077
1692048
1900413
745605
1024413
820733
874094
1929786
1266851
1376735
1882452
788336
197176
724022
1562411
652424
160562
1528428
1422008
1502363
334176
1973708
495235
830344
1585989
1198020
1080154
1537099
113060
1691954
427683
1433547
914465
1052206
1191562
1359570
590275
1098775
1807584
1212084
1289574
1335018
1491260
161880
789822
629084
1803136
1254109
378849
15820
594056
1404016
787593
808250
1063579
830265
1718855
1869545
317160
1197244
812006
1233128
911533
1340412
1718827
265547
1812094
1129029
310025
1293188
937348
583868
923545
518847
491049
1310824
910486
1015875
630612
1592525
1478746
1153691
1755485
1820834
423572
725251
1132912
1004561
1308625
1741551
721664
597846
476001
1982284
1221680
1101174
1791761
1727769
1513228
1064051
406728
1803576
670621
83677
1076216
1551214
842381
396369
1758947
669872
664591
991339
647556
1897566
1283670
1241875
847229
1873869
1690321
1045472
1942673
1114764
810551
1589428
702047
685800
1899326
54614
483944
1136014
275997
1973967
1189450
131760
1338129
726070
837944
374674
735383
1984400
1897698
1315804
1859839
1403055
1260995
1877248
1290279
1045268
1515658
1780329
1684668
834198
976718
1381739
1321580
1137009
100951
437333
217249
910086
619956
1702204
1051299
1218258
1336559
403980
1949670
1566344
265903
1859633
968618
1742358
1305234
293510
1357759
1171314
1165776
556586
1116412
1070232
500075
157368
30911
1600883
1681607
1672758
1028276
1061889
1279836
1696259
997652
766101
1580979
341853
1173817
382010
303986
255638
1514903
1496606
1265445
1954001
1229791
1200137
13343
1213613
461648
864318
1183125
626911
925182
1997654
1993276
487019
853716
1238366
1532696
1049091
1152479
1413736
1084901
1769840
1718084
827249
1901597
620626
1298581
929128
886344
1609808
1026878
1096063
1768727
1377619
840608
175917
1675547
705017
1294396
541472
134691
1384823
1383082
1244348
657261
227182
1265905
1898014
1989674
1696818
208291
1301983
752103
1146837
1575638
1958989
1949474
237312
1177409
1386400
746126
146759
281501
1803371
1801707
217896
1782167
215780
675486
1109814
1859160
1740116
391183
149199
1295293
178703
1142159
214345
483674
1394262
146656
1444070
194882
680661
1865018
565496
329377
1375103
1153332
247589
1260919
1537887
1303891
1945921
1224529
1353997
1757796
661077
974973
1773558
729470
834212
24276
1105712
1180182
1121139
599716
624575
1027725
1328717
1289701
1755787
1057008
455844
1806497
173683
1966068
1247124
938197
1657205
813920
1058122
1725363
81650
761055
1271206
1876333
182272
323170
162865
375495
259675
1371276
910733
1650630
1162689
324447
108577
699128
1714477
738480
1313786
94754
768989
1432442
849809
1968411
1037723
1699816
474777
1363060
1999106
67167
1361587
1897339
1212047
1430457
1347431
1255325
921000
1264187
612772
1868456
451038
1689173
1071449
891067
112739
78150
1912797
1674836
1046058
943313
1421932
765464
1946788
1028215
995924
1960272
529040
349956
363435
1689893
501595
1201211
1702867
861107
1581757
1929086
1424647
838195
282482
498585
387080
1098520
1256451
1724619
1652253
1010073
1327844
1026405
636385
103495
302130
874470
610238
217108
213084
1396340
1251726
1902814
975334
1978506
666707
627606
746853
193863
328939
185082
1530896
1824509
1303356
689539
1160905
719721
547788
1674615
212150
748198
561650
483086
1298171
1064117
198696
1959943
1532064
763936
1446348
656306
1654130
993797
1423032
678531
548065
95456
402915
85763
607055
357701
359246
252123
957940
31780
540951
908318
1024723
749228
1483843
1456141
909165
225643
247062
1036360
1095068
417432
780315
275750
557531
650078
444825
398191
1913431
777452
1049278
1776103
535952
920778
78139
781539
962742
1883722
698863
1959917
613296
1275491
1511627
1174300
1015098
881526
1462513
888209
417461
1465104
227014
139977
1612504
1498693
1682320
409402
1583847
53583
1874281
1462873
392558
314160
727551
1417980
289539
387517
152698
1073787
1306801
475149
250901
850296
1231243
1253686
1562981
1459623
1978265
111096
614659
1179003
130881
1900433
1156955
1439730
1011036
1664587
57525
262827
1197689
1509705
819208
1830171
305352
1646738
28783
328087
1605364
1127312
888048
1686256
504977
1436511
1839427
492848
450864
1715908
1770653
651123
1561012
1972926
1152535
1703050
1599119
226650
1939528
297918
1274391
1423929
1260102
1087079
1474077
1991207
398202
1943057
1745101
283012
1378079
919311
161175
1779851
490928
161337
502592
1676569
1634748
1098841
1759186
994907
243415
1008046
208910
1191283
1540809
504543
1520678
1497138
478057
1119410
1873046
400046
615517
1094378
1003992
1126259
777890
63948
797325
961189
543594
1475672
394337
629060
1156308
1150131
1499596
1611098
958719
1867800
1261109
439401
374474
1128863
1200672
1688106
197659
874980
911838
155904
239779
25101
1481236
1260638
1622271
1044968
1116327
1670382
249855
75728
871374
599855
1478004
1922826
1886397
1113640
88903
131468
1505121
68690
480366
1350815
550060
958058
1421698
450357
950516
1088470
173990
479875
635888
493091
1181551
1980345
895437
809423
1606302
1379626
662446
1875510
1350210
896126
1757569
518661
1702712
885886
122679
562039
1906436
1587357
1690036
1590068
328331
1150245
1566629
248738
174575
1375473
1105644
1660413
1978876
1218369
764064
1779689
1327475
1501720
65815
770211
1154541
1536389
322578
1193974
1107825
1267721
1404411
1958362
1998966
170029
1892785
1710882
1000775
1551232
1363064
1108431
945997
422850
1621887
206129
486663
284049
1030345
887247
249047
1098302
200961
833219
334886
2290
465561
626802
1802323
1227465
881149
651476
1790952
1636507
1499305
164618
1909724
107034
246740
1051843
1160026
750716
1731310
424749
1041790
1824022
1529254
1912922
136494
971614
778897
1195847
909784
539758
85030
257647
1628040
1306484
565280
155995
1982152
1764435
939737
1632113
426620
565826
235056
247579
1319128
1730957
772601
929963
1911674
1355816
1101693
1478714
485541
402113
1850450
181219
1276369
1751417
1146027
1866347
76615
1574319
1255200
192560
671641
246697
148767
1012587
1624795
1821373
1642667
344863
1231151
1879369
1843765
898211
1141407
1970877
1213569
386689
341802
1567869
1551893
982472
413767
362200
1565705
1531524
1337507
604737
1796724
1401643
1293950
1007861
1549871
352358
1057489
1226284
1888300
1201523
1064255
586590
1153380
284843
1046168
863297
982317
1658895
1560964
1169535
903962
438264
1431866
276076
1859351
67014
1300834
1205882
1921068
747733
767732
664856
1468803
1789913
661672
1172490
464134
834268
1471272
501851
1558279
1450122
1525635
686867
927734
485347
1883576
597926
654826
770498
824350
1480702
1137112
323677
256269
602224
903587
1074652
209471
1836873
270731
491284
1571144
1741675
532559
619501
1633690
1748384
1487933
1807945
1876897
1159927
1446774
1714446
1174587
901029
554570
1102108
681071
870397
1636110
103019
540897
1170177
743345
1418200
1214479
1983165
518487
515499
742194
973975
1158756
143537
615769
291926
1455017
356828
632582
1027406
1826358
1325237
1374164
786862
1319608
532727
1161928
435617
1055505
1531892
1635171
1303986
700649
230638
1988987
70194
478873
1379512
718617
314030
565644
590771
1910019
1818597
759648
349672
712966
1424781
601681
1705732
845123
1264641
1428945
1071091
741326
1835977
158840
168059
546374
1202977
305549
1461771
1073702
78600
451399
528473
1700966
1296052
1259506
1562646
1531048
438363
1843938
1237673
1640411
1803649
1150373
567962
1973636
1840474
846036
1473309
1260322
664249
501379
1608442
119586
1465492
49271
1091500
1765933
1492095
1406221
1496093
395271
1970781
552510
1191535
264945
217730
899130
1626937
817912
728318
1139208
1278657
620517
843591
369746
1070684
1625620
347953
1012513
1533707
1216339
1570306
1135672
119256
386645
913544
1170304
440670
822278
421285
1591878
48470
87595
420310
204384
413327
573023
1686409
789299
941730
1756197
141284
1264539
1481361
641975
390705
1804436
1345621
89980
1350437
731330
519601
1161872
469101
41326
716708
1052057
1178129
777234
256637
317314
1540163
1127754
501108
1884445
738195
158172
296413
1734214
1428707
1178329
118064
401630
709021
1089169
1764443
1235425
1266078
1551599
1881977
1499650
1912858
735705
1255623
284979
544439
753831
1594737
532683
186367
1757495
1773448
613665
1807532
1557707
234377
1210075
643067
700501
671328
1351802
1580018
1796627
212540
911032
1657099
1444238
1295382
1462495
431144
641434
406284
1283436
1689563
1423724
1162405
1442024
67828
1273087
478761
450860
72736
349810
877030
221127
1142472
165015
819609
1497992
525951
1023963
1537065
1586125
722
1826695
1877213
18131
366661
1243561
265265
819208
472411
972247
690400
1756002
620445
775221
655311
409670
1126619
848260
481437
602938
1364202
862230
599326
261969
1274042
1112851
683054
921733
18409
1337945
1245298
571206
470597
1879424
1314442
428923
514786
1965271
1190274
157049
1738587
693543
929351
621428
831057
648929
517616
570995
1599796
1408452
354322
990281
1799449
1959501
1132992
1973344
745062
1408081
1592726
165449
142625
127408
53655
816074
699133
1789630
1283998
644701
519943
1805380
20101
1196748
122179
528884
1645052
867104
680118
1961110
1191972
1547206
796259
1403460
1274675
1725318
1766204
761284
1428796
1191936
1218107
724074
1097704
1040839
646985
57599
74154
86802
1133150
1994181
783691
1777640
696678
1878
1569689
503801
1897815
743396
729954
1946528
230228
1150167
1371322
260316
1299594
497446
1301603
426085
1899515
45878
263486
1616485
5887
107840
26845
1768604
1011573
1603880
1735085
657021
1050434
40080
643574
593315
43779
993924
1187538
1922267
1464134
1141732
249267
716045
1983721
188101
1137898
355696
876245
1767828
1825434
81737
1209387
602028
1543197
1199234
148023
1077707
397621
1675812
1031098
1324872
639005
1942029
354625
1481486
1648699
1300722
975127
22061
1398329
676604
406380
324520
300751
464976
1479014
794404
823766
1993757
1393793
1111784
552698
1226171
1733522
101861
537110
424083
1494834
188850
522295
137563
597625
470544
338773
886889
225557
1335259
392760
1091401
432618
210992
1205448
337289
977805
80102
62552
1066275
534365
647801
1076210
331912
1961352
958457
272048
1911513
1827061
1996340
1674778
1787293
1843009
613086
1987573
1409790
594902
989458
989797
1175613
432420
399823
1198733
1296114
1803103
1585210
51010
1708636
1119312
700733
954101
1294481
9586
1072105
1672190
1329627
1174197
519641
187254
1671833
1588386
1092545
1095367
1935512
352865
47502
1307401
611845
1215699
620095
187064
361458
1897370
89781
1390618
1904499
1146380
303231
615683
64321
77182
917687
1994607
237654
1957432
1829424
1404708
1519597
120849
472934
793075
982409
1262827
806217
526595
270074
769653
1689013
1149017
1105621
1647641
1960902
1462180
237313
1847786
933891
941290
1100727
1621035
780788
1595444
1980286
208532
438512
610740
1552235
853137
1174111
1456512
1445926
1663422
1220865
769411
890317
692378
741514
585636
1031777
1214024
848514
1782852
1336584
473064
1516109
1662223
1729498
812707
502813
733703
1297695
951398
1907252
1211121
809613
39782
661937
1809563
1706792
1432277
1483959
1672985
605963
1028472
1414473
1973182
1905599
1733091
499523
630942
1812194
524631
1572222
1845375
260484
462505
159629
62970
818472
1081536
422360
1963127
1010232
1767963
1686352
182968
344655
342966
741785
1712493
1710437
168307
1756478
1743092
1760950
1154152
616242
284534
154799
711333
411050
1146560
1043625
1004031
1100537
349044
1072671
302091
1023453
1130889
149171
1978895
1810655
352447
127357
1662574
1781861
313885
1482564
1781316
516225
1052193
1737027
305695
1897337
1749070
1690096
1473515
592207
68350
1291215
363850
1461659
1706358
763236
1200429
1567508
796007
1514150
18331
754589
1425511
1187321
1132669
1827290
1729943
1355419
443186
667973
1597862
161638
762774
1316780
426646
1415727
1147831
734729
1630942
1006963
325480
1867691
610528
69196
192349
1064973
777291
411838
481457
1150715
845049
635859
1943150
50442
252943
41553
893405
1541958
11906
166837
973863
1860990
1002803
1329208
380552
1524826
570733
159499
392009
1232356
170441
1994596
667663
162381
727232
1167441
1477214
464305
951026
388170
569454
1478677
877200
512017
403776
696056
262875
345371
1635262
1527681
1493523
1322385
1343365
16719
285395
506139
1416391
230
998791
1452596
1758925
158583
1550784
60383
697422
1025999
266853
297154
1919402
1987147
798357
1587305
843159
636744
721415
1353825
650551
364896
1535863
354394
711538
1848627
1560235
1135455
1109152
97346
295624
270975
1963506
1231264
994236
1042010
1167887
56898
841230
509151
1026582
126226
590195
187511
88371
805370
675903
447820
1818940
1840588
982246
1610033
672064
1334823
363658
273451
428881
712641
1174812
372220
1205065
1387124
873241
798593
1780822
1795955
552362
795786
77110
1541295
298103
1253073
1767988
1238299
1951581
1788677
1293113
1399532
1894579
673612
1525936
793531
1136853
351012
609800
150466
1091841
868553
1917077
1480060
437093
599175
1113159
1471378
1069522
1839772
1447937
312387
366337
1019139
1893401
764320
166265
1724040
367287
1212205
1470483
1722889
1447181
829404
653082
241237
40585
1395803
991132
15733
88315
740678
331146
728906
48389
1923917
5933
223146
1544464
337071
881720
1510471
1679876
101038
1684146
332326
1982515
1497931
1618641
400257
1733104
833221
329821
854331
1331349
535602
1004621
1515052
1212123
1249996
1395222
788094
937913
1220071
1724934
510416
1718735
1891866
61531
229436
1561368
276586
865302
654304
202174
449590
1289913
1018397
9044
1251842
1877890
1455001
629463
1353296
1946522
131094
338938
375435
1520377
19662
549140
1138748
38260
411638
1363367
333372
174672
954087
1822992
1414795
1029468
1124989
1681096
1354249
933075
1021203
1128377
1842112
976468
1463039
1579853
612563
646558
583847
9212
1395883
1875337
1619712
258895
1209357
1207563
127236
649507
299083
588868
1343775
1652989
740771
1770739
1358761
1735722
773626
1936547
1572608
1473656
1945981
964529
1904178
1356938
765926
643977
865113
234605
1534547
750425
428550
561238
1481036
1213154
833414
382891
1401745
608412
35887
221849
76866
1731462
957304
107259
911574
60961
1602889
1091749
666907
1850326
56114
338136
913003
1223353
230568
442799
937257
307271
1784387
1988017
371105
1784450
1576994
1214296
1940377
49901
1196442
989502
931738
843947
605164
1750099
232752
1420644
1552561
1525565
1472920
492658
1699651
1016801
1989972
1160898
1617772
949524
1477488
904466
85740
93494
474622
993283
1143679
1809364
1962010
94061
542058
1407520
1957399
1347340
1148203
1498032
1472502
874356
569942
1626638
1966034
1768531
1931680
1072747
1618392
1883203
1420116
414076
1858271
819061
1031598
41310
1013305
365705
1415261
434324
1199995
1294756
1701580
1192268
1357143
1940273
955959
438782
1802636
818434
1924539
1764259
1641830
33200
1776406
1810339
617041
1701423
217197
727443
1861203
1325892
617796
671559
974584
243577
481204
185991
1612728
874084
1320905
1300809
549424
1412062
1233450
83157
1072996
512654
72319
1719094
409117
772131
1533997
648068
764923
1671102
1711725
326620
769760
1923425
1077182
732756
1368155
1883967
36298
137868
769538
233256
736521
1957197
1976017
1106455
1258423
495017
648276
175976
117307
1601254
900562
1970469
1617811
441057
996498
1613955
747639
1810486
1988775
1025772
1134006
1550509
1673077
1641865
1117202
305566
809686
1036322
1574332
1700995
130672
1728671
1183435
1272396
1188583
768986
192695
1172506
1001655
726100
1796259
1118348
1112406
1040120
982208
235544
1556443
1151619
1415568
108319
1043738
1810754
622650
1331441
913799
466668
1051369
912514
326904
1481227
1682857
1231114
253658
1053450
1132032
807288
1960294
1904467
957155
550396
322094
797340
347120
114520
584968
612891
1837399
1142411
1664978
739644
89751
1859131
1232019
366373
1677005
1777162
265344
1962766
154466
363483
783873
55666
834941
18288
1999303
1805521
1812569
769110
1041341
913559
704017
440360
1343225
1872984
440267
1159044
875787
230790
514613
1755372
1563725
1206867
267574
577994
1683372
721386
1606999
1987432
239992
560132
226176
1489113
712042
1666094
475969
591454
178494
1637513
708293
622668
270108
322965
392570
1304075
639250
1929882
859745
1534118
811556
1749097
1540188
706302
344099
1207906
28488
1228344
999613
1544212
1028583
1909096
1003523
435127
1233490
1716159
1603066
1142912
1770008
75566
280919
688323
98058
1768178
19724
871516
1339811
357160
770404
1071733
1943389
1418507
1397891
1800313
1020718
1866165
752142
184807
1709057
1187147
1538923
1309147
1481021
1192778
1919497
1196128
266479
1853960
1523699
1166207
1511475
1753383
658432
1680319
928456
1739781
90327
849019
1922648
542454
1507046
875044
424057
1226580
61308
1626311
1209349
1421611
1112761
99440
745669
1524832
296736
1570319
1136478
790463
1196252
1427878
1016206
1935318
191432
981663
1504744
324626
1882453
1147327
1908629
193310
176677
172970
1991626
1766055
1412984
1888351
1952361
1154338
975452
334865
798524
1370270
1341073
269376
897087
902305
1151621
1958164
611527
825045
1949075
1452009
83338
897361
1888973
1939686
571539
1223463
844418
378319
1860374
1911592
1225980
1615456
835542
1015553
1307827
235447
394870
611762
247989
719605
380205
112665
83141
378276
1328472
1762958
1110149
1122370
1063681
1321019
312841
1521428
1326414
1519814
1698576
1496299
1636300
624422
1211163
1016564
375657
634980
2241
1487185
227446
209952
673337
324063
1887132
1488123
1351619
1605657
1728504
1197275
1521696
44400
1384747
771534
199358
1186515
1634456
1863459
1760291
121113
1785121
370810
508264
236733
320461
446175
50524
517801
1728099
178370
1691644
300934
981846
260298
311589
294795
1058841
1308104
550191
668541
1835664
1527592
1824026
737407
1241012
27130
1758190
1088716
771407
106216
1968081
584890
938898
749580
570217
1271160
1683287
499236
1766501
117113
439903
1652721
1323720
1781142
1501993
549378
1199878
1441161
