3594 ms..
460
850
1210
1499
1942
2022
2312
2815
2975
3473
3674
4184
4595
4668
4749
4878
6280
6403
7300
7562
7878
8522
8594
9171
9737
9751
10161
10196
10586
10602
10962
11822
12356
12384
13232
13793
13898
14083
14448
14805
16409
16419
16489
16697
16849
17381
17906
18133
18677
18783
19479
20301
20527
20592
20940
21414
22670
22769
22784
22806
23026
23079
23261
23306
23395
24366
24592
24783
25476
25489
25735
25970
26566
26786
27497
27627
28214
28374
28971
29785
31045
31083
31399
31607
31720
31749
33055
33356
33959
34543
34648
35998
36018
36476
36644
36693
37423
37705
37707
38470
38476
39511
39738
40244
40353
40437
40714
40922
41103
41176
41903
42371
43281
44162
44877
44943
45161
45435
45714
46872
47045
47146
47370
48161
48163
49136
49220
49399
49688
50576
50954
51143
51335
52253
52684
52822
52983
53421
53673
55597
55608
55834
56208
56287
56936
57146
57805
57888
57928
57992
58014
58142
58206
58233
58239
58386
59042
59470
59536
60040
60127
60152
60456
60809
61841
62463
63834
64075
64115
64318
64895
65356
65391
65415
65530
65589
65756
67879
68024
68943
69130
69527
69876
70119
71942
71975
72076
72246
72623
72686
72727
73300
73378
74367
74676
74905
75404
75650
75678
75704
75946
76208
76418
76738
77062
77072
77202
78271
78299
78538
78720
78861
78894
79540
79565
79882
79984
80750
81387
81669
81751
81773
81859
81930
82057
82248
82860
83496
83787
83818
84112
84849
85237
86454
86574
88044
88806
90115
90702
90892
90952
91845
92007
94761
94791
95263
96036
96223
96713
96953
97009
97190
97503
97874
98087
98650
99071
99104
100464
101313
102159
102574
102594
102625
102963
103721
104781
104896
105056
105865
105883
106066
107054
107223
107963
108246
108289
108871
109124
111051
111196
111615
112036
112081
112240
112370
112711
112742
113123
113358
113479
114412
114586
114824
115177
115339
115427
115609
115772
117211
117242
117727
117773
117849
119447
120095
121725
121785
122028
122544
122613
122742
122963
123356
123552
123645
123867
123883
124544
125087
125208
127147
127203
127216
127591
127912
128559
129795
130947
130967
131254
131691
131928
132202
133266
133466
133568
133706
134292
134396
134523
135126
135508
135561
136471
137052
137205
137802
138244
140748
141367
141649
141714
143404
144585
144894
146120
146460
147916
149680
149820
150930
150957
151546
151696
152339
153118
154790
155852
155989
155997
156921
157098
158596
158822
158867
159192
159835
160417
160526
161140
161658
163431
163818
165655
165874
166410
166551
166671
166986
167173
168074
168660
168766
169112
169370
170289
170676
170713
170905
171376
171562
172020
172084
172503
172863
174546
174770
174857
175708
176241
176315
176330
177295
177459
177780
177839
178203
178358
179163
179169
179584
179919
180219
180885
181216
181254
181511
181751
182218
183076
183190
183209
183231
183487
183755
183891
183972
184047
185759
186030
186584
187139
187231
187764
187918
188726
189572
190402
190496
190584
190817
190942
191067
191229
191356
192754
192863
192903
192953
193117
193222
193255
193696
193899
194222
194525
194588
195647
196064
196539
196831
197062
197399
198037
198334
199504
199527
199712
200082
200257
200812
200952
201683
202421
202653
202887
203377
204231
204387
204606
204614
204719
205871
206821
206860
208431
209291
209344
209405
209510
209876
210114
210365
210429
210573
210587
210595
210814
211238
211511
212267
214040
214078
214559
214798
215016
217482
218248
219647
219979
220524
221175
221259
221552
221794
221832
222790
222870
223152
223250
223285
223814
224037
224997
225061
225396
225608
225951
226168
226821
227032
227416
227717
228228
228739
229283
229331
229560
229808
231099
231332
231362
232168
233085
233402
234269
234407
234443
234781
235229
236522
236675
237067
237080
237240
237635
237911
238304
238716
239842
240158
241169
241203
241641
242039
242184
243420
243482
244471
245493
245657
246155
246940
247131
247266
247660
247881
248408
248686
249035
249514
249772
249772
249943
250084
250658
250910
251762
252165
252369
252806
253399
253587
253686
253739
253810
254275
254362
254472
254664
256291
256364
256899
257142
257233
258482
258489
259245
259564
260691
260743
261377
261819
263111
264330
264611
264704
264984
264987
265342
266186
267233
267312
267341
268243
269612
270032
270238
270706
270832
272002
272392
272460
272705
272924
273109
273175
273426
274280
274292
275263
275438
275712
276048
276511
276964
277023
277024
277140
277181
277411
277825
278563
278571
279366
280501
280685
280917
281769
281833
282275
282349
283120
283399
283452
283485
283682
284356
286282
287013
287891
288201
288831
288904
289324
289335
290673
290787
291366
291809
292795
292805
292900
293108
293204
293838
294569
294612
294923
295078
295490
295693
295765
296214
296350
296806
298779
298907
299061
299526
299777
299895
300109
301286
301533
301940
302753
303295
303591
304436
304440
304469
304843
304924
305040
305778
305974
306189
306481
306656
307194
307317
307362
307750
307856
307910
308330
308972
309105
309625
310517
311211
311528
311616
311954
312415
312490
312695
312978
312984
313324
313519
313744
314431
315193
315363
315895
315941
316040
316832
317164
317234
317548
317685
317713
318221
319172
319347
319428
319563
319698
319856
320229
320386
320441
320499
320614
320639
322087
322439
322910
322957
322991
323914
324074
324622
324776
324809
325536
325591
325673
325988
326308
326510
326828
326940
326996
327600
329476
329498
330031
330072
330645
331246
331341
331394
331918
332080
332187
332705
332867
332901
332973
333113
334732
334795
334944
335189
335563
335951
336290
336322
336801
336978
337034
337078
337350
338440
338492
338543
338756
338819
338877
338931
339567
340416
340651
340691
341710
341974
342171
343373
343534
343835
343947
344021
344601
345163
345221
345405
347058
347321
347916
348073
348093
348224
348309
348941
349713
349938
350153
350300
351328
351855
352125
352892
352963
353019
353368
354013
354340
354549
354828
354907
355156
355223
355925
356251
357009
357404
357957
358150
358482
358690
359664
359689
359749
360523
360662
361295
361419
361660
361783
361948
361985
362728
363331
363519
364104
365009
365053
365207
365344
365498
365627
365754
365893
366239
366635
366735
366817
367326
367375
369018
369698
369774
369819
369850
370087
370432
371477
372096
372301
372595
372764
372776
373018
373131
373382
374585
374990
375028
375062
375965
376491
376577
378094
378981
379505
379712
380812
380976
381116
381331
381497
381589
381960
382358
382694
382764
382958
383236
383633
383658
383724
384108
384387
384504
384646
385655
386010
386742
386990
387004
387230
387834
388798
390363
390649
391224
396763
397334
397849
398085
398504
399212
399255
399313
399406
399575
400903
401363
401366
401406
401599
401601
401927
402123
402160
402173
402206
402754
402865
403005
404122
404368
404562
404874
404988
405160
405327
406473
406679
407380
407796
407910
408900
409385
410390
411200
411241
412148
412268
412675
413985
414107
415045
416561
417147
417267
417705
417807
418237
418830
418878
418907
418978
419291
419474
419498
419507
419521
420176
421902
421924
422152
422272
422381
422756
423061
423598
423756
423912
424328
424396
424657
424772
425038
425181
425344
425658
426135
426268
426512
427182
427639
427731
427951
428339
428810
429176
429298
429905
429941
431097
431144
431364
431454
431958
432200
432347
432594
432638
432665
432699
433461
433617
435200
435427
436582
436684
436922
436929
437220
437375
437524
438218
438493
438561
438924
439378
439389
439802
440013
440230
440671
441152
441197
441657
441763
442167
443372
443505
443515
444041
444426
444454
445168
445257
445394
447087
447169
447261
447580
447902
448352
448651
449452
449651
449883
450063
450090
452510
452818
452903
452952
453785
454606
455207
455226
455396
455630
456203
456660
457020
457601
458180
458346
458568
458658
459531
459682
461067
461181
461435
461712
462198
462696
462863
462925
462961
464076
464188
464525
464615
465228
466084
466846
466927
466966
468668
469192
469276
469364
471055
471162
471524
471989
472065
472618
473059
473145
474725
474932
475551
475840
475905
476002
477421
477658
477864
479631
479886
480106
480527
480570
480576
482134
482432
483130
483165
483714
485110
485703
485841
486538
486839
486961
487130
487166
487757
487762
487816
489041
489480
489571
490746
490920
490925
491254
491259
491785
492342
493949
494235
494487
494678
494766
494861
495101
496603
496871
497028
497747
498016
498444
498517
498639
498787
499415
499434
499846
500111
500528
500589
501303
501415
501975
501996
504040
504532
505560
506335
507160
507412
509049
509431
509772
509850
509898
510267
511146
511429
511443
511850
511970
512043
512529
512670
513704
514223
514366
514473
514659
515169
515459
517076
517274
517762
517981
518133
518331
519442
520865
521180
521384
522104
522106
522517
522984
523198
523750
523891
524193
524745
524759
525513
525858
526075
526258
526652
526673
526976
527418
527730
527891
527914
528183
528215
528552
528809
529114
529589
530031
530088
530210
530525
530813
531123
531505
531659
531747
533995
534111
534127
534566
535258
535552
535724
536248
536657
536932
537062
538387
538578
539723
540120
540260
541333
541730
541925
542233
542254
542760
543427
543517
543543
544256
544305
544318
544353
544504
544653
544714
544797
545042
545342
545611
545697
546019
546308
546475
546902
548731
549221
549234
549579
549888
551190
551589
552462
552626
552755
553176
553208
553480
554206
554414
554464
554616
555800
555907
556955
557394
557643
557906
558234
558685
559728
560527
560699
560839
561355
561788
562133
562244
562303
562335
562685
562714
562725
563340
563443
563563
564710
566845
567148
567222
568072
568112
568727
568791
568861
569430
570479
570721
570760
571873
572009
572829
573522
573808
574571
575146
575701
575976
576220
577339
577654
577867
578853
579112
579466
579574
580731
581015
581094
581230
581488
581937
582302
582479
583512
583591
583834
584948
585831
586394
586644
586674
586942
586968
587187
587301
588044
588246
588353
588761
588947
589430
589607
589642
589758
591727
592876
592884
592906
593792
594228
594333
594412
594734
595285
595975
596013
596445
596584
597111
597205
597609
597950
597975
598335
598582
599047
599085
599285
599520
599585
600448
601157
601474
601725
601762
601921
602141
602557
602693
603419
603469
604165
604196
605020
605268
605703
607134
607408
607468
607669
607755
607928
608504
608630
608893
609416
609434
609848
609989
610405
611367
611471
611525
612086
612167
612572
612749
613067
614170
616015
616132
616160
616321
616335
616507
617508
617961
617980
618378
619070
619306
620425
621180
621215
621290
621293
622182
622458
622490
622716
622751
622973
623259
623391
623799
624063
624144
624256
624468
624617
624938
625609
625849
625887
626614
627194
627194
627300
627940
628224
628339
628675
628782
629766
630037
630632
630748
630793
631375
631645
632019
632058
633607
633760
633862
633960
634744
634974
635179
635899
636532
638005
638051
638265
638318
638467
638767
638905
639755
640478
640545
641008
641849
642929
644208
644763
644775
645181
645742
646124
646162
647482
647799
649093
649109
649549
649923
649995
650098
650664
650799
650939
652050
652894
653036
653195
654297
655257
655529
656300
656896
657513
658016
658042
658295
658362
658816
659299
659605
659779
660152
660193
660366
660378
660426
660517
661167
661258
661447
662202
662215
662420
663210
663788
664102
664130
664838
665428
666868
666971
667082
667127
667206
667275
667485
667696
668933
669108
669200
669621
669850
670149
670390
671101
671174
671247
671861
671909
672123
672143
673150
673734
673978
674911
675271
675963
676568
676835
677080
677164
677936
678026
678340
678660
679226
680310
680546
680939
682710
682914
682934
683278
683737
683780
684235
684690
685477
685977
686044
686072
686102
686109
686133
686833
686922
687131
687186
687363
687942
688037
688243
688357
689791
690046
690111
690540
690964
691373
691517
692306
692398
693835
694177
695226
695698
695699
695777
696273
696964
698064
698981
699061
699199
699462
699465
699730
700276
700830
701311
701444
701794
701817
702179
702488
702646
703258
703915
703925
704350
704366
704874
705669
706088
706343
706415
706547
706956
707020
707396
707553
708311
708409
708737
709501
710658
711887
711907
712716
713498
713859
714250
714256
715571
715661
715695
715883
716232
716448
717559
717739
718327
719397
719559
719691
719802
720033
720099
720340
721110
721538
721586
722116
722206
722731
722779
723042
723219
723334
724214
724297
724935
725268
725586
725589
725867
726000
726736
727230
727748
728207
728346
728899
728907
730030
730217
730351
730392
730824
730840
730873
731173
731648
732080
732839
733368
733775
735226
735234
735266
735525
736531
737826
738166
738499
739050
740175
740501
740705
741675
742334
742548
743667
744872
745631
746160
746314
746814
747085
747153
747655
747831
747899
750162
750365
750632
750734
751984
752328
752432
752565
752631
752906
752968
753482
753585
753917
754553
755096
755489
755547
755880
756032
756294
756354
756567
756690
756823
757043
758231
758279
758903
759247
759311
760147
760149
760973
761191
761214
762132
762567
762922
763227
763602
765117
765126
765219
765472
765717
765724
765845
766385
767415
767618
768321
768641
768827
769585
769746
770055
770452
770471
770560
770598
771406
771750
771871
771888
772267
772980
773434
773529
773663
773741
773761
774081
774088
774232
776009
776101
776279
776399
777073
778276
778304
778424
778756
778981
779476
779692
780380
781016
781142
781268
781299
781653
781833
781862
782381
782833
783843
783888
784468
784636
784857
785653
785842
786566
786723
786930
787067
787160
788381
788458
789212
789251
790523
791273
791439
792104
792345
792912
793015
794370
794601
794776
794846
795209
795523
795773
795914
796112
796553
796735
796822
797118
798259
798671
799187
799645
800469
800777
801179
801195
801409
801825
802034
802740
803924
804307
804822
805188
805515
805828
805888
806049
806193
806843
806870
807303
807316
807853
808340
808998
809265
809325
809357
809780
810034
810036
810424
810532
810945
811108
811363
811411
811441
811470
812229
812354
813395
813665
813669
814096
814240
814426
814470
814771
815690
817153
817372
818272
818345
818545
818579
818661
819652
820454
820716
820878
821448
821478
822204
822859
823041
823690
823899
824197
824886
824887
825988
826660
826980
828950
829718
829722
830948
832091
832118
832176
832258
832352
832638
833084
833309
833678
834573
835191
835197
835384
835444
835452
835647
835866
835914
836113
836529
836852
837734
838017
838154
838686
838847
839152
839652
839757
839973
839979
840173
840551
841012
841316
841857
841946
842012
842329
842783
844470
844475
845595
845828
845942
845979
846873
847238
847291
847625
848413
848907
849097
849663
850896
851061
851230
851251
852080
852420
852768
853489
853584
854232
854679
854845
855009
855781
855941
856517
856680
856963
857316
857529
857579
857585
857636
857943
858147
858224
858249
858465
859731
859756
860077
860680
860926
861272
861428
861981
862750
862818
863206
864305
864417
864556
866291
866369
867269
867638
867768
868261
869475
869557
870247
870554
870628
870653
870845
871164
871327
871956
872170
872243
872606
872947
873332
873458
873857
873923
874083
874100
874255
874336
874340
875060
875161
875208
875265
876074
876218
877071
877178
877388
877486
877673
878219
878532
879231
879794
879967
881399
881455
881800
882272
882729
882853
883088
883544
883826
884041
884122
884321
884404
884486
884669
884672
885915
886426
886520
886831
887125
887254
887290
887410
887831
888169
888209
888248
888281
888313
888709
889060
889844
890141
890260
890685
890759
892257
892379
892422
892447
892683
892757
892969
893234
893456
894182
894469
894605
895481
896094
897021
897610
898138
898281
898459
898897
899042
899116
899311
899418
900154
901109
902191
902393
902500
903623
903712
904505
904647
905202
905910
906187
906223
906282
906784
908322
908594
908626
909883
910244
910659
911078
911153
911716
911821
911966
912557
912597
913707
915268
915796
916065
916809
917129
917247
917533
917790
918081
918230
918713
918770
919357
919627
919818
921023
921095
921669
921706
921746
921960
922211
922893
922949
923710
923825
924148
925246
925635
926023
926235
926319
927902
927959
928471
928903
929056
929214
929421
929542
929618
929970
929988
930345
930625
931021
931738
931975
932073
932089
933266
934264
935600
935612
936214
936321
936841
937000
937602
937637
937684
937744
939732
939913
940213
940354
940747
940954
941393
942046
942051
942075
942480
942562
943051
943174
943794
944063
944509
945072
945331
945927
947729
948241
948961
949025
949352
949572
950516
950581
950894
950935
950984
950996
952396
952496
952502
952551
952747
953050
953252
953658
953780
955006
955233
955360
955630
956091
956298
956567
956666
957103
957407
957582
958393
958454
958595
959380
959724
960673
960701
961162
961256
961295
961506
961677
961895
962112
962212
962313
962424
962484
962516
963804
964117
964523
964700
964934
965611
965780
966354
966993
967429
967807
967829
968328
968464
969065
969089
969295
970038
970661
970967
971117
971161
972576
973289
973332
973666
973894
974174
975253
975684
976169
976298
976886
977206
977379
977469
977473
977781
978259
978749
978908
978915
979286
979324
979595
979850
979906
980403
980544
980828
980951
980981
981143
981651
981748
982435
982446
982808
983254
983462
983652
983766
984198
984464
985401
986267
986300
986903
987743
988001
988222
989478
989635
989698
989742
989891
990694
990822
991081
991108
991835
991929
992319
992749
993199
993259
993469
993560
994017
994294
994461
995380
995493
995553
996167
996280
996363
996502
996832
996835
997640
997855
998037
998643
998948
999006
999826
1000353
1000507
1000642
1000722
1000771
1001329
1002010
1002017
1002380
1002451
1002622
1003758
1004594
1004781
1005118
1005184
1006078
1006219
1006668
1007205
1007214
1007621
1007818
1007966
1008387
1008414
1008694
1009490
1009691
1010074
1010195
1010528
1011090
1011214
1011644
1011694
1013212
1014226
1014673
1014785
1014843
1014877
1015163
1015165
1015460
1015547
1015590
1015875
1016285
1016532
1016919
1017787
1017835
1018227
1018791
1019131
1019278
1019834
1020411
1020453
1020591
1020783
1020867
1021758
1021821
1021837
1022545
1022720
1022967
1023175
1023678
1023761
1024406
1024513
1024673
1025958
1026378
1026992
1027518
1027543
1027790
1028625
1028768
1029184
1029588
1030396
1030712
1030894
1030951
1031176
1031703
1031779
1032111
1033317
1033451
1033824
1034240
1034548
1034642
1034712
1035119
1035531
1035614
1036406
1036663
1036848
1036855
1037033
1037137
1037918
1038883
1039164
1039444
1039477
1039967
1040988
1041271
1041320
1041654
1042776
1044090
1045398
1045498
1046079
1046097
1046442
1046513
1047119
1047147
1047265
1047978
1048140
1048212
1048413
1048856
1048953
1049289
1049462
1049554
1049925
1050410
1050558
1050872
1051025
1051278
1051673
1051934
1052185
1052335
1052852
1053097
1053458
1054550
1055039
1055413
1056440
1057552
1058944
1058975
1059092
1059452
1059981
1060348
1060380
1061076
1061649
1061654
1062907
1063029
1063389
1063892
1064442
1064624
1064903
1065370
1066187
1067101
1067569
1068216
1068370
1068463
1068904
1069277
1069287
1069659
1071028
1071421
1071453
1071601
1071842
1072863
1073112
1073117
1073463
1074305
1074486
1075569
1075624
1076003
1077037
1077533
1078694
1079007
1079077
1080156
1080605
1080953
1081007
1081182
1081231
1081586
1081901
1082423
1082626
1082725
1082815
1083232
1083386
1083833
1083964
1084042
1084863
1085048
1086017
1086423
1086434
1087163
1088087
1088360
1088418
1088470
1088867
1089044
1089880
1090058
1090483
1090949
1091240
1091465
1092396
1092549
1093131
1093293
1093882
1094756
1094927
1094952
1095108
1095937
1096672
1098025
1098276
1098612
1098663
1099512
1099735
1099950
1100627
1101457
1101766
1101936
1102193
1102566
1102803
1103068
1103340
1103601
1103740
1104105
1104619
1105285
1105388
1105643
1105722
1106120
1106172
1107505
1108014
1109052
1109185
1109293
1109618
1109819
1110237
1111184
1111244
1111582
1113236
1113511
1113648
1113771
1114892
1115392
1115538
1115857
1116799
1118055
1118084
1118303
1118512
1119228
1119404
1120864
1121714
1122080
1122109
1123321
1123649
1124442
1125278
1125334
1125361
1125735
1126304
1126339
1126515
1126845
1126931
1127992
1129002
1129817
1130921
1131743
1133542
1135152
1135202
1135493
1135775
1136085
1136255
1136275
1136653
1137050
1137108
1137212
1137367
1137565
1137843
1138004
1138094
1138162
1138756
1139283
1139633
1140139
1140161
1140781
1141034
1141131
1141698
1142156
1143115
1143167
1143265
1143439
1143551
1144025
1144306
1144376
1144487
1144839
1144999
1145198
1146289
1146866
1147752
1148286
1148926
1148980
1149212
1149258
1149459
1149513
1149518
1150117
1150231
1150556
1150730
1151035
1151568
1151592
1151739
1151788
1152205
1152241
1152923
1152982
1153464
1153476
1153753
1153848
1153977
1154167
1154171
1154336
1154740
1154766
1155164
1155399
1155614
1155627
1156147
1157262
1157460
1157493
1158201
1158248
1158373
1158761
1158841
1159016
1159074
1159494
1159584
1160122
1160141
1160409
1160635
1160776
1160930
1160977
1162103
1162203
1162386
1162943
1163280
1163348
1163432
1164122
1164877
1164921
1165704
1166528
1167927
1168676
1169165
1169211
1169256
1170930
1171005
1171039
1171447
1171590
1171872
1172766
1172885
1172992
1172994
1173070
1176048
1177263
1177425
1177466
1177635
1177715
1177925
1179825
1181094
1181170
1181206
1181221
1181573
1182744
1182848
1183147
1183447
1184058
1184131
1184344
1184723
1185893
1186441
1186660
1186726
1186755
1187315
1187652
1187985
1188085
1188091
1188148
1188537
1189209
1190131
1190775
1191055
1191353
1191723
1192105
1192501
1194442
1194994
1195067
1195160
1195170
1195186
1196637
1196970
1197154
1197288
1197873
1197907
1198125
1198196
1198553
1199434
1199895
1201114
1201466
1202625
1203075
1204190
1205437
1205521
1205621
1205710
1205791
1206096
1206199
1206496
1206925
1207219
1207220
1207946
1208018
1208070
1208480
1208547
1208766
1208897
1209812
1209988
1210158
1210725
1211506
1211549
1213818
1214456
1214609
1214710
1215504
1215793
1217027
1217162
1218319
1219722
1220182
1220441
1220608
1221244
1221311
1221584
1222335
1222349
1222468
1222663
1222913
1222977
1223623
1224041
1224578
1225078
1225479
1225668
1226183
1226420
1226453
1229034
1229109
1229222
1229319
1230545
1230846
1231031
1231070
1231106
1231201
1231596
1232037
1232980
1233042
1233196
1233752
1235327
1236098
1236447
1237415
1238139
1238458
1238809
1238842
1239032
1239597
1239932
1240596
1240622
1240872
1240905
1241670
1241702
1241823
1241971
1242013
1242355
1242791
1243074
1243414
1243524
1243558
1244138
1244439
1244685
1245324
1245898
1246370
1246907
1247203
1247428
1247725
1248693
1248762
1249010
1249028
1249087
1249471
1249490
1249933
1250417
1250633
1250753
1250793
1250979
1251241
1251514
1251664
1252058
1252369
1252848
1253724
1253733
1253760
1254183
1255353
1255470
1255619
1255975
1256376
1256844
1257085
1257436
1257990
1258217
1258292
1258354
1258546
1258885
1259272
1260426
1260543
1261494
1261550
1262108
1262356
1262976
1263715
1263780
1263940
1264411
1264712
1265191
1265407
1265507
1265875
1266035
1266274
1266349
1267046
1267483
1267558
1267843
1267864
1268824
1269557
1270003
1270268
1270274
1271114
1271172
1271238
1271477
1271622
1272789
1273086
1273291
1274504
1274520
1274691
1275022
1275135
1275196
1275856
1275857
1276800
1276890
1277250
1277295
1277693
1277970
1278211
1278294
1279126
1279788
1280016
1280195
1280850
1281114
1281483
1281891
1282648
1282886
1283004
1283025
1283288
1284094
1284333
1284835
1284900
1284931
1285505
1285816
1286754
1286975
1287467
1288424
1288700
1290073
1291298
1291469
1291819
1291912
1292030
1292793
1293747
1295028
1296119
1296495
1297191
1297213
1297959
1298043
1298113
1298375
1298467
1298681
1299230
1299379
1299854
1300913
1301310
1301689
1301995
1302147
1302726
1302984
1303808
1303874
1304435
1304804
1304903
1305289
1305348
1305524
1305812
1306603
1306660
1307379
1307709
1308776
1308995
1310083
1310220
1310297
1310620
1310717
1311568
1311957
1312548
1312958
1313598
1314393
1314426
1315134
1315267
1315819
1317086
1317105
1317425
1317599
1318973
1318989
1319067
1319404
1319450
1319578
1319798
1319887
1319926
1320246
1321670
1321897
1322105
1322221
1322460
1322465
1322511
1322623
1323663
1323676
1326204
1326223
1326534
1326990
1327184
1328202
1328352
1328435
1328620
1329541
1329774
1331491
1331609
1332829
1332960
1333164
1334028
1334241
1334324
1335435
1335477
1335761
1336241
1337414
1337418
1337574
1337804
1338240
1339075
1339104
1339463
1339802
1340001
1340030
1340099
1340185
1341004
1341879
1343342
1345231
1345253
1345316
1345345
1346429
1346619
1346653
1346688
1346805
1347983
1348950
1349204
1349243
1349450
1349724
1351076
1351782
1351942
1352046
1352154
1352617
1353118
1354455
1354854
1354989
1355124
1355402
1355790
1356581
1356867
1357253
1358564
1358787
1359059
1359513
1359619
1359737
1359793
1360247
1361273
1362401
1362898
1363197
1363425
1363890
1364279
1364299
1364716
1365401
1365915
1366205
1366927
1367030
1367602
1367655
1367690
1368467
1369175
1369273
1369456
1369856
1370154
1370337
1372992
1373202
1373654
1373976
1374104
1375670
1376959
1378062
1378248
1378383
1379302
1379480
1379765
1379974
1380223
1380885
1381062
1382605
1382752
1382779
1383297
1383345
1383348
1383466
1383482
1383570
1383945
1384304
1384563
1384696
1385347
1385794
1386989
1387606
1388111
1388451
1389525
1389897
1389903
1390017
1390265
1390536
1391272
1391292
1391676
1391702
1391992
1392780
1392794
1393023
1393464
1393505
1393518
1393626
1395319
1395343
1395525
1395756
1396029
1397153
1397367
1397483
1397611
1398952
1398952
1399469
1399813
1400248
1400347
1400514
1400541
1400568
1401669
1402351
1403218
1403255
1403506
1403508
1404269
1404713
1404964
1405524
1405800
1405867
1406155
1406407
1406451
1406526
1406609
1406622
1406699
1406836
1406915
1407516
1407619
1407875
1408441
1409182
1409978
1410295
1410494
1410538
1410562
1410757
1410841
1411446
1412151
1412294
1412473
1412635
1412683
1413501
1413691
1415055
1415469
1415853
1416166
1416171
1416877
1417128
1417134
1417156
1417615
1418229
1418242
1418335
1418476
1418514
1418846
1419006
1419689
1420226
1420781
1421010
1421263
1421306
1421466
1421602
1422372
1422920
1422927
1423736
1423942
1423965
1424842
1425312
1425460
1426730
1426739
1427122
1427375
1427647
1428778
1428780
1428890
1429055
1429617
1429624
1429646
1429806
1430567
1431242
1432344
1433048
1433135
1433277
1433726
1435487
1435749
1436184
1436725
1436778
1437614
1437903
1437995
1438683
1439341
1440137
1440577
1440621
1441550
1441732
1442103
1443680
1444236
1444673
1444915
1445196
1446125
1448185
1448933
1450268
1450481
1450483
1452385
1452861
1453256
1453361
1454344
1455323
1455612
1457024
1457169
1457718
1457848
1457945
1458438
1458733
1458737
1459062
1459292
1459355
1459372
1459848
1460236
1460332
1460717
1461094
1461251
1461660
1462050
1462519
1462739
1463288
1463888
1463953
1464315
1464443
1464475
1465005
1465777
1465855
1466091
1466247
1466961
1467228
1467509
1468160
1468689
1469800
1469886
1470082
1470502
1470609
1470914
1472561
1472831
1472881
1473682
1474639
1475369
1476172
1476225
1476456
1476568
1476706
1477500
1477583
1477722
1478057
1478354
1478406
1478573
1478718
1479376
1479505
1480571
1480759
1480786
1481106
1481161
1481658
1481933
1482046
1483057
1483075
1483237
1485751
1485944
1486101
1486382
1486779
1487193
1487253
1487309
1487732
1487980
1488084
1488486
1489049
1489201
1489415
1489432
1489493
1489604
1490052
1490444
1490901
1491930
1492112
1492358
1492497
1492653
1492745
1494007
1494082
1494197
1494221
1494645
1494763
1494833
1495010
1495879
1495888
1495895
1496776
1497150
1497171
1497176
1497391
1497531
1497553
1497750
1498434
1498571
1498776
1499134
1499535
1502158
1502180
1502326
1502347
1502693
1503080
1503341
1504624
1504935
1505235
1505963
1506142
1506197
1506387
1507503
1507704
1507879
1508370
1508652
1509033
1509084
1509281
1510056
1510103
1510115
1510894
1510905
1510979
1511523
1512123
1513477
1513748
1514350
1514396
1514533
1514935
1515062
1515163
1515239
1515471
1515719
1516544
1516700
1517246
1518355
1518494
1519147
1519274
1520397
1521407
1521933
1522509
1522643
1522712
1523175
1524037
1524792
1524816
1524903
1525163
1526196
1526225
1526429
1527731
1527930
1528027
1528240
1528389
1528826
1528887
1529079
1529439
1529593
1530733
1531356
1532403
1532767
1532884
1532903
1533477
1534377
1534780
1535048
1535051
1535954
1536415
1536758
1536909
1537086
1537296
1537828
1537885
1537939
1538270
1539546
1539727
1540202
1540521
1540712
1541362
1541475
1542463
1542806
1543244
1543810
1544031
1544207
1544483
1545578
1546265
1546688
1547460
1547535
1547542
1547704
1547980
1548174
1548625
1548849
1549412
1549522
1549552
1549982
1551944
1552520
1552682
1552727
1552897
1553324
1554046
1554055
1554465
1554996
1555187
1555757
1556013
1556133
1556293
1557764
1557802
1558295
1558357
1559443
1559449
1559695
1559794
1559840
1559876
1560721
1561780
1562138
1562216
1562399
1562750
1562768
1563451
1563600
1563640
1564290
1564764
1565655
1566860
1567549
1567920
1568182
1568453
1568707
1568829
1569741
1569933
1570370
1571238
1572539
1572557
1573044
1573108
1573245
1573725
1573852
1573953
1574462
1576058
1576341
1576369
1577373
1577533
1577566
1577644
1577904
1578176
1578475
1578643
1578987
1579580
1580131
1580607
1580874
1581073
1581218
1581422
1581561
1581694
1581889
1582086
1582322
1582366
1582434
1582549
1582633
1583103
1584410
1585026
1586110
1586195
1586501
1587602
1588718
1589243
1589375
1589516
1590267
1590671
1591053
1591063
1591448
1592110
1592530
1592941
1593283
1593474
1593606
1594041
1594481
1594897
1594985
1595118
1596008
1596168
1596170
1596939
1598075
1598357
1598589
1598751
1599196
1599685
1599858
1600312
1600339
1600583
1600636
1600823
1602096
1602940
1603596
1604421
1605627
1606243
1606418
1606838
1607182
1607309
1607472
1607603
1607661
1608073
1608439
1608913
1609239
1609576
1609694
1609875
1610010
1611391
1611553
1612734
1612979
1613007
1613216
1613353
1613379
1613812
1613954
1614389
1615394
1615507
1617685
1618366
1618539
1618635
1618975
1619512
1621341
1621642
1621869
1622257
1622885
1622913
1623827
1624271
1624466
1626056
1626077
1627123
1627934
1628163
1628240
1628241
1629551
1629676
1630005
1631110
1631957
1632546
1632832
1633428
1633919
1634669
1634980
1635140
1635663
1635847
1636347
1636493
1636540
1637732
1638009
1638059
1638251
1638729
1639350
1639782
1639822
1640195
1640586
1641043
1641436
1641570
1641595
1641842
1643238
1644040
1645242
1645357
1645741
1646240
1646245
1647139
1647258
1647842
1648356
1649249
1649958
1650526
1651772
1652012
1652024
1652533
1652654
1652707
1652995
1653001
1653161
1653250
1654781
1655107
1655415
1655757
1655763
1656171
1656416
1656991
1658069
1658154
1658526
1658729
1658874
1660262
1660663
1661332
1662123
1662201
1662950
1663102
1663369
1664734
1665055
1665352
1665651
1665818
1666534
1666796
1667703
1667796
1668617
1669424
1669763
1670767
1670901
1671822
1672316
1672317
1672514
1673218
1673871
1674160
1674289
1675130
1675755
1676601
1676711
1676839
1676996
1677228
1677426
1677532
1677608
1677633
1677777
1677819
1678129
1678317
1679262
1679342
1679365
1679407
1679416
1679820
1679836
1680058
1680171
1680633
1681211
1682171
1682920
1683154
1683863
1684217
1684261
1684792
1685139
1686035
1686234
1686743
1687175
1687939
1687970
1688562
1688830
1689637
1689676
1689833
1689903
1690305
1690377
1690421
1691983
1692848
1692879
1692927
1693064
1693224
1693236
1693670
1693786
1695055
1695592
1696277
1696319
1698589
1698797
1699273
1699392
1700015
1700142
1700336
1700346
1700388
1700447
1700507
1700899
1701985
1702632
1703330
1704089
1704113
1704647
1705046
1705100
1705115
1706007
1706864
1707900
1708096
1708762
1708766
1708986
1709120
1709458
1709502
1709985
1710096
1710132
1710295
1710397
1710616
1710791
1710871
1711193
1711293
1711323
1711810
1711924
1712215
1712451
1713540
1713610
1714580
1714999
1715145
1715252
1716341
1717116
1717846
1718418
1718801
1719074
1719260
1719838
1720276
1720699
1721015
1721063
1721846
1723541
1723665
1724801
1724921
1725631
1726278
1727550
1727866
1727954
1728084
1728241
1729843
1731561
1732076
1732424
1732626
1733147
1733273
1733574
1734028
1734426
1734592
1734921
1735335
1735381
1735706
1735725
1735992
1736025
1736631
1736946
1737182
1737288
1737457
1738248
1738557
1738656
1739468
1739471
1740399
1740619
1740859
1740975
1742567
1743075
1743632
1744484
1744639
1745406
1745439
1745445
1746801
1746832
1746878
1746920
1747240
1747429
1747890
1748735
1749134
1749535
1750232
1750518
1750647
1750682
1750779
1751385
1752110
1752189
1752193
1752260
1752372
1752579
1752627
1752660
1753060
1753482
1754414
1754416
1754449
1754756
1755436
1755544
1755702
1755986
1756790
1757192
1757726
1757841
1757870
1758010
1758264
1758693
1758905
1759777
1759863
1760000
1760246
1760632
1761157
1761545
1761676
1761678
1762034
1763154
1763240
1763344
1763776
1763949
1763990
1764520
1765099
1765116
1765223
1765278
1765560
1765685
1766655
1766896
1767164
1767752
1767781
1768130
1768603
1768857
1768880
1769036
1769145
1769853
1770635
1770947
1771915
1772365
1772411
1772596
1772980
1773308
1773415
1773507
1773648
1773821
1773939
1775165
1775210
1775414
1775469
1775559
1775612
1775962
1776260
1776321
1776411
1776754
1777523
1777812
1778374
1778515
1779016
1779321
1779594
1780356
1781322
1781827
1781856
1781932
1782370
1782760
1783456
1783745
1784078
1784763
1785178
1785599
1786247
1787352
1787419
1787666
1787712
1787808
1787910
1788272
1788390
1788602
1788937
1788955
1789039
1789576
1791361
1792227
1792530
1792589
1792875
1793059
1793505
1796379
1797995
1798604
1798624
1798814
1798890
1799769
1800111
1800666
1801278
1801761
1801837
1801932
1803787
1804242
1804327
1804931
1805061
1805394
1805861
1806309
1807323
1807346
1807348
1807524
1808120
1808909
1809184
1809684
1809900
1810122
1810167
1811168
1811625
1811700
1812085
1812133
1812382
1813423
1814292
1814468
1814726
1814846
1814975
1815021
1815052
1815104
1815835
1815978
1816022
1816129
1816457
1816848
1818128
1818671
1818723
1819256
1819404
1819829
1820254
1820880
1821590
1821601
1822225
1822346
1823096
1823307
1824800
1825023
1825529
1825653
1825929
1826337
1826399
1827091
1827827
1828206
1828421
1828917
1829774
1829816
1831466
1832266
1832571
1833273
1833332
1833430
1834146
1834369
1834521
1835351
1835359
1836733
1836986
1837021
1837782
1837832
1838129
1838332
1838588
1838613
1838864
1839022
1839466
1839515
1840214
1840286
1840651
1840937
1841736
1842868
1842911
1843408
1844384
1844615
1844970
1845153
1846333
1846611
1847202
1847576
1847605
1847694
1847997
1848551
1848593
1848610
1848875
1849246
1849324
1849492
1849709
1849731
1849814
1849919
1850013
1850199
1850312
1851343
1851709
1851928
1852146
1852239
1852260
1853337
1854217
1855502
1855732
1856102
1856314
1856911
1857439
1858055
1858115
1858128
1858245
1858407
1859296
1859749
1859971
1860275
1860453
1860768
1860830
1861243
1861507
1861783
1863598
1863630
1864151
1864161
1864903
1865112
1865743
1866074
1866212
1866274
1866349
1866403
1866523
1866628
1867262
1868731
1868863
1869040
1869272
1869309
1870251
1870282
1870440
1870912
1871583
1871638
1872102
1872217
1872273
1873253
1873593
1873734
1873876
1873977
1874077
1875024
1875327
1875583
1875798
1876216
1876318
1876328
1876551
1877506
1877537
1877844
1877849
1877943
1878497
1878744
1879746
1880441
1880525
1880854
1881022
1881172
1882214
1882472
1882859
1883248
1883870
1883955
1884238
1884341
1884390
1884423
1884762
1885276
1886059
1886815
1887722
1887800
1888321
1888329
1888495
1888799
1889399
1889450
1889650
1889950
1890052
1890512
1890817
1890940
1890952
1891133
1891336
1891818
1892333
1893377
1893871
1894222
1894799
1895270
1896018
1896627
1896640
1897111
1897143
1897282
1897734
1898144
1898820
1898981
1899164
1900318
1900378
1900730
1901192
1902030
1902131
1902407
1904308
1904562
1904617
1905266
1908061
1908358
1909283
1911196
1911461
1911641
1912173
1912221
1913249
1913338
1913716
1913936
1915120
1916482
1916621
1917528
1917984
1918083
1918631
1919081
1919419
1919895
1921541
1921780
1922624
1922875
1923017
1923239
1923341
1923345
1923821
1924129
1924550
1925350
1925376
1926353
1926430
1927665
1927808
1928353
1928495
1929052
1929134
1929531
1931595
1931651
1931737
1932090
1932304
1932747
1932927
1932949
1933075
1933814
1933992
1934044
1934408
1934521
1934575
1934594
1934760
1934908
1935149
1935512
1935516
1935609
1936530
1937315
1937903
1937965
1938146
1938795
1939151
1939890
1939988
1940531
1941267
1941267
1942566
1942776
1943004
1943864
1943960
1944133
1944186
1944335
1945137
1945564
1946044
1946272
1946296
1946448
1946462
1947444
1947452
1947703
1947831
1948131
1948962
1949383
1949422
1949473
1950024
1950182
1951295
1951330
1951696
1951920
1951950
1952310
1953055
1953119
1953892
1953990
1954023
1954575
1954618
1954630
1955763
1956224
1956465
1957572
1957844
1960126
1962156
1963552
1963596
1964255
1964412
1965188
1965363
1965426
1965566
1965762
1966521
1966619
1966878
1968300
1969011
1969155
1970485
1970739
1971137
1971199
1971362
1971412
1972158
1972276
1973056
1974144
1974450
1974732
1975249
1975283
1975365
1975370
1976145
1976793
1978271
1978534
1978538
1978876
1979730
1979849
1980148
1980301
1981651
1982004
1983988
1984301
1985231
1985273
1985334
1985393
1985481
1985957
1986784
1986868
1986880
1987232
1987411
1987712
1988645
1989293
1989417
1989463
1989488
1990006
1990320
1990776
1991222
1991522
1991766
1991894
1992466
1995483
1995485
1995516
1995854
1995969
1998204
1998327
1998599
1999636
