32 ms..
268
1100
1253
1303
1726
2000
2348
2478
2792
2840
3542
4215
4227
4288
4966
5040
5240
5318
5458
5960
6036
6311
6361
6406
6528
6761
7417
7526
7736
7809
8134
8164
8388
8446
8481
8507
8748
8948
9340
9467
9656
10502
10823
10954
11207
11311
11331
11641
11816
11855
11885
12422
12734
12792
12955
13056
13064
13194
13437
13885
13890
13993
14352
14456
14647
14764
14779
14836
14837
15047
15216
15313
15343
15711
15822
17029
17468
17838
18094
18193
18228
18263
18316
18503
18657
19017
19276
19346
19409
19449
19577
19757
19853
20129
20526
20795
20926
20970
20994
21035
21154
22117
22312
22376
22399
22405
22415
22458
22659
22685
22763
23225
23324
23552
23771
23893
24310
24334
24411
25024
25090
25112
25114
25119
25391
25433
25818
25881
25963
26158
26528
26686
26728
26791
26894
27071
27745
27917
28365
28427
28613
28775
29004
29102
29269
29571
29671
29686
29808
29896
30346
30393
30444
30610
31182
31393
31440
31576
31594
31742
31832
31836
31899
31958
32627
32712
32935
33202
33860
33872
33916
33951
34277
34482
34512
34573
34703
34995
35006
35266
35272
35363
35580
35903
36153
36292
36600
36701
36935
37517
37995
38082
38238
38427
38492
39101
39179
39397
39542
39696
39819
39950
40057
40073
40250
40377
42042
42318
42558
42946
43005
43703
43742
44076
44183
44382
44482
44547
44567
44784
44876
45087
45244
45531
45826
45850
45955
45968
46419
46969
47413
47428
47651
47673
47680
47928
48099
48187
48379
48531
48589
48614
49209
49323
49355
49411
49821
49900
50051
50075
50172
50295
50537
50837
50848
50949
51257
51427
51487
51554
51751
51958
52190
52195
52312
52334
52405
52512
52537
52665
52944
52991
53074
53303
53821
53916
53991
54258
54258
54423
54552
54831
55004
55112
55249
55773
55842
55870
55907
56061
56120
56948
56956
57145
57446
57741
58268
58293
58387
58702
58942
59136
59211
59905
60884
61019
61085
61185
61227
61369
61545
61978
61985
62147
62624
62952
63345
63498
63690
63910
63972
64110
64430
64551
64619
64696
65268
65903
66618
66980
67020
67024
67295
67301
67312
67488
67580
67601
67995
68371
68419
68483
69207
69486
69535
69687
69967
70140
70239
70297
70711
70776
71099
71127
71310
71436
71980
72295
72683
72853
72970
73092
73742
73932
74051
74120
74202
74332
74378
74768
74882
75115
75434
75694
75747
75812
76613
76710
76741
77462
78211
78309
78534
79071
79118
79213
79237
79498
79557
79609
79636
80157
80480
80526
80735
80781
80847
80963
81172
81333
81346
81415
81431
81459
81695
81707
82264
82752
82787
82827
82863
82953
83126
83414
83747
83905
84053
84129
84148
84403
84410
84540
85316
85685
86142
86144
86390
86572
86834
86986
87105
87585
87593
87617
87974
88059
88221
88405
88731
89298
89511
89556
89642
89711
89809
90207
90445
90634
90786
90858
91200
91360
91508
91609
91709
91776
91832
92190
92930
92991
93415
93485
93591
93885
93956
94213
94318
94341
94419
94630
94680
94683
94690
94855
94859
95198
95240
95510
95572
95644
95899
95961
96011
96108
96172
96269
96492
96701
96702
97032
97166
97194
97884
98477
98485
98603
99230
99518
99809
100336
100385
100584
100715
100888
101319
101341
101405
101542
101645
101857
102091
102097
102240
102299
102522
102652
102894
103175
103325
103380
103527
103542
103571
104623
104707
104709
104720
104791
104868
104914
104938
105240
105384
105440
105590
105651
105960
105995
106212
106454
106600
107107
107119
107680
107798
107944
108007
108254
108268
108367
108595
108647
108674
109008
109144
109170
109380
109459
109521
109549
109602
109638
109667
109736
109987
110156
110368
110656
110819
111291
111366
111397
111517
111942
112373
112544
112556
112614
112849
112882
112962
112994
113100
113158
113165
113224
113241
113587
114282
114498
114774
115002
115055
115499
115510
115649
115707
115761
115778
115901
115941
115947
116054
116106
116175
116218
116259
116269
116283
116537
116562
116705
117269
117326
117552
117607
117607
117859
117860
118127
118359
118444
118539
118559
118618
118772
118812
119149
119218
119284
119471
119511
119550
119702
119871
120003
120019
120064
120070
120195
120205
120300
120477
120774
121079
121217
122235
122486
122747
123156
123171
123457
123572
123724
124042
124222
124433
124621
124717
124790
124951
125093
125260
125846
126012
126099
126349
126916
127039
127100
127756
127778
127790
128004
128055
128201
128369
128555
128678
129847
130192
130238
130532
130709
130812
130864
130913
131066
131235
131375
131618
131620
131741
131805
131882
131925
132297
132892
132955
133006
133086
133134
134102
134356
134357
134804
134847
134881
135227
135463
135517
136465
136702
136709
136811
136974
137211
137434
137578
138057
138099
138159
138187
138542
138687
138776
138991
139049
139201
139562
139648
140084
140107
141009
141142
141154
141247
141252
141605
141688
142204
142464
142575
142803
142840
143055
143073
143358
143379
143576
144131
144261
144548
144614
144619
144990
145247
145340
145633
145744
145855
145875
146017
146162
146479
146513
146527
146544
146840
147084
147199
147246
147556
147861
147960
148196
148210
148565
149286
149521
149538
149573
150286
150395
150793
151099
151314
151323
151901
152100
152536
153265
154085
154266
154320
154771
154892
154951
155029
155081
155401
156061
156461
156659
156749
156889
157066
157126
157176
157342
157392
157574
157950
158070
158551
158671
158740
158871
159344
159980
160119
160429
160446
160618
160687
160705
160831
161072
161308
161703
161711
161795
162200
162245
162312
162382
162393
162496
162619
163022
163040
163253
163756
163816
163837
164343
164614
164997
165272
165413
165503
166275
166281
166675
166732
166735
166780
166964
167331
168093
168116
168139
168236
168251
168293
168568
169193
169213
169326
169645
170051
170154
170663
170709
170764
170992
171055
171145
171373
171419
171679
171737
171750
171873
172032
172199
173659
174011
174968
174970
175057
175126
175170
175207
175239
175479
176303
176370
176385
176546
176570
176724
176912
176990
177176
177246
177336
177358
177777
177836
178558
178787
179163
179180
179295
179828
180106
180223
180332
180409
181096
181368
181615
181817
181819
182417
183062
183191
183359
183885
183904
183966
184194
184203
184996
185179
185232
185261
185382
185492
185639
185742
185818
185937
186639
186884
186959
187236
187251
187390
187621
187858
187984
187991
188268
188282
188420
188736
188933
189081
189135
190004
190211
190238
190242
190572
191082
191231
191273
191358
191490
191684
192165
192171
192249
192311
192340
192397
192504
192549
192640
192691
193340
193382
193492
193575
193639
193727
193741
193813
194041
194233
194446
194540
194633
194815
194947
195358
195808
195893
195914
196204
196410
196595
196687
196955
197111
197139
197277
197919
197991
198506
198723
199619
199997
200137
200349
200360
200477
200503
200816
201463
201938
202042
202061
202424
202691
202735
202979
203470
203785
204005
204297
205284
206086
206138
206181
206502
206560
206579
207335
207388
207520
207710
208047
208066
208072
208152
209095
209121
209493
209649
209799
209813
209882
210010
210039
210043
210050
210157
210173
210231
210249
210312
210471
210589
210671
210862
210886
211162
211294
211354
211567
211703
211740
211939
212095
212277
212388
212491
212564
212747
212903
213427
213662
213913
214284
214323
214485
214536
214552
214594
214671
214712
214713
214889
214937
215007
215149
215391
215676
216048
216110
216118
216286
216586
216851
217098
217171
217659
217881
217891
218439
218504
218719
218890
218890
218998
219174
219541
219556
219896
219926
220075
220360
220416
220686
221214
221339
221409
221434
221571
221620
221727
221930
222117
222638
222785
222918
222991
223146
223192
223248
223356
223674
223693
223717
223736
223784
224062
224519
224565
224566
224935
225438
225752
226160
226424
226605
226635
226927
226966
227649
227853
227912
228107
228601
228682
228687
228875
228913
229249
229615
229629
229941
230010
230674
230768
230865
230919
231032
231040
231210
231642
231955
232062
232085
232104
232484
232688
232838
233213
233802
234158
234448
234497
234589
234675
234694
235068
235135
235420
235582
236378
236464
236512
237071
237653
237714
237845
238595
239321
240379
240392
240505
240708
240724
241074
241117
241293
241348
241406
241613
241802
241807
241817
242183
242248
242470
242510
242625
242674
242768
242929
242985
243025
243049
243104
243247
243362
243756
244022
244144
244265
244411
244671
244774
244777
244994
245021
245228
245234
245451
245665
246007
246548
246665
246970
247052
247404
247640
247667
247902
247964
248348
248353
248378
248503
248504
248674
248721
248967
249087
249260
249305
249309
249355
249716
249901
250089
250330
250555
250703
250832
250896
251108
251207
251657
251664
252219
252521
252753
252781
253024
253227
253312
253317
253600
254223
254973
255466
255479
255774
256033
256640
256825
256939
257147
257151
257171
257330
257753
257924
258005
258494
258671
258766
259262
259330
259859
260330
261665
261860
262249
262587
262686
263062
263149
263573
264059
264310
264390
264757
264791
264794
265144
265385
265961
266160
266274
266456
266471
266625
266707
266800
266840
267023
267085
267894
267934
267935
268031
268056
268113
268131
268231
268402
268776
268835
268915
268940
268994
269017
269119
269415
269551
269787
269830
270317
270550
270946
270998
271006
271102
271256
271844
271984
272007
272151
272569
272898
272976
273115
273128
273864
274207
274286
274358
274436
274685
274999
275052
275481
275488
275818
275877
276021
276170
276554
277126
277293
277316
277451
278003
278132
278138
278171
278172
278809
279051
279079
279170
279260
279323
279393
279663
279780
279905
280058
281007
281197
281270
281565
281888
282087
282404
282448
282459
282470
282522
282675
282953
283160
283432
283436
283578
283749
283761
284272
284366
284485
285082
285320
285472
286086
286086
286276
286397
286435
286891
287169
287231
287415
287478
287845
288013
288114
288168
288502
288612
289098
289238
289281
289331
289438
289555
289888
289968
290284
290365
290464
290663
291088
291231
291591
291933
291984
292215
292282
292442
292753
292784
292886
292975
293027
293090
293145
293197
293295
293560
293734
293860
293976
294135
294370
294727
295162
295301
295311
295555
295670
295733
295773
296059
296125
296375
296710
296889
296995
297320
297722
297836
298142
298529
299853
300331
300673
300701
300742
300859
300871
301054
301597
301601
302085
302293
302472
302640
302644
302651
302881
303180
303339
303598
303958
303991
304175
304184
304351
304438
304505
305016
305046
305054
305313
305416
305483
305758
306000
306158
306329
306434
306818
306844
306857
307089
307121
307431
307970
308114
308286
308587
308754
308820
308925
309160
309552
309637
309657
309668
310290
310960
311114
311132
311200
311439
311574
311603
311778
311814
311848
311852
312238
312252
312517
312708
313301
313302
313325
313595
313834
313840
313966
313993
314112
314499
314595
314762
315292
315732
315740
315822
315956
316722
317054
317167
317234
317377
317432
317555
317733
317768
317851
318095
318447
318450
318572
318681
318925
318941
319240
319431
319540
319596
320081
320209
320437
320478
320632
320655
320893
321001
321034
321085
321135
321195
321332
321339
321413
321466
321527
321548
321753
321990
322042
322071
322244
322437
322475
322493
322656
322681
322726
322757
323029
323057
323087
323114
323158
323518
323724
323790
323826
323977
324194
324194
324356
324934
325071
325518
325559
325855
326079
326098
326106
326393
326486
326527
326576
326903
327130
327524
327720
327724
327888
328178
328272
328484
328669
328682
328815
329002
329425
329574
329594
329606
329838
330613
330659
330666
330674
331030
331131
331586
332067
332075
332638
332684
332705
332881
333123
333378
334143
334732
334846
334905
335173
335565
335634
336056
336096
336325
336435
336609
337013
337040
337153
337368
337463
337738
337848
338269
338298
338362
339185
339256
339676
339790
340074
340539
340685
340738
340945
341255
341428
341815
341940
342114
342201
342618
342628
342718
343134
343226
343265
343509
343847
343858
343903
344013
344373
344627
344912
344975
345412
345508
345561
345639
345716
345790
345992
346071
346109
346332
346390
346558
346604
346694
347116
347896
348008
348182
348438
348587
348805
348806
349057
349534
349640
349684
350010
350327
350367
350561
350683
350695
350754
351432
351457
351890
352110
352632
352726
352759
352821
352824
353023
353446
353707
353754
353965
354106
354369
354446
354917
355081
355101
355237
355303
355376
355665
355768
355911
356355
356363
356402
356464
356487
356797
356903
357012
357119
357412
357572
357671
358012
358282
358388
358555
358659
358685
358687
358847
359178
359280
359324
359466
359540
360039
360475
360519
361055
361136
361494
361513
361583
361693
361757
361776
362197
362644
363096
363111
363743
363789
364108
364268
364355
364369
364675
364713
364753
364952
365409
365417
365455
365699
366076
366128
366535
366725
366821
367203
367277
367455
367625
367739
368134
368135
368347
368684
368769
369124
369661
369768
370075
370162
370253
370620
371058
371165
371266
371425
371431
371781
371874
371918
372040
372140
372777
372869
373008
373015
373024
373123
373197
373266
373457
373635
374031
374309
374521
374554
374561
375529
375701
375929
376118
376169
376333
376718
376818
376950
376981
377312
377497
377620
377662
377817
377920
377942
377992
378213
378291
378367
378636
379066
379666
379709
379938
380245
380287
380415
380644
380650
380733
380973
381061
381125
381315
381476
381490
381518
381644
381730
381854
382063
382097
382177
383165
383169
383407
383651
383765
383829
384340
384745
384880
384898
384957
385298
385800
385980
386238
386498
386877
387104
387183
387542
387755
388078
388528
388800
388825
388916
389010
389030
389987
390055
390347
390790
390914
390945
391105
391135
391266
391315
391337
392211
392648
392656
392667
392934
393107
393615
393916
393964
394066
394101
394284
394313
395120
395454
396177
396193
396532
396575
396664
396675
396818
397158
397272
397799
397875
398017
398064
398167
398818
398941
399240
399243
399251
399370
399557
399795
399802
399831
400029
400054
400414
400710
400890
400973
401088
401185
401716
402527
402619
403208
403286
403612
404008
404353
404380
404728
404977
405290
405846
405892
406396
406807
406925
406968
407192
407723
407784
408267
408792
409551
409613
409728
410124
410153
410604
410909
411074
411497
411518
411624
411864
411908
412116
412298
412306
412346
412474
412503
412508
412565
412891
412989
413145
413281
413495
413539
413574
413806
413909
413987
414112
415060
415161
415365
415479
416088
416114
416520
416622
417154
417350
417371
417481
417880
417923
418505
418596
418900
419357
419551
419908
420065
420121
420224
420602
421121
421265
421478
421638
422496
422740
422766
422896
423230
423407
423416
423512
423873
423900
423906
423942
423949
423953
424261
424429
424432
424449
424560
424671
424745
424831
424870
425272
425814
425821
426047
426379
426633
426758
426844
426975
427063
427143
427227
427589
427667
428176
428437
428556
428727
429003
429287
429338
429440
430638
430919
430965
431048
431244
431486
431545
431836
432081
432112
432196
432212
432268
432271
432417
432744
432916
433276
433322
434068
434237
434772
435080
436507
436542
436553
436576
436779
436844
436939
437359
437401
437529
437623
437725
438088
438241
438364
438433
438854
438879
439099
439104
439303
439334
439835
439846
440165
440213
440335
440695
440845
441300
442054
442132
442389
443212
443360
443621
443648
443656
443740
443834
443877
443996
444013
444255
444489
444607
444780
444791
445065
445229
445292
445464
446044
446112
446354
446399
446453
446940
447054
447314
447703
447868
447881
448096
448225
448502
448754
448851
449875
450313
450435
450661
450740
450759
451094
451266
451307
451561
451653
451799
452445
452494
452517
452885
452898
452928
452943
453003
453087
453461
453462
453549
453861
453927
453961
453987
454117
454141
454204
454451
454483
454746
454854
455279
455520
455557
456075
456341
456354
456722
456885
457053
457131
457137
457251
457420
457518
458132
458136
458176
458271
458415
458537
458720
459513
459637
459797
459939
460348
460716
460837
460870
461205
461270
461475
461656
461763
462496
462651
462796
462904
463454
463514
463515
463803
463870
464024
464701
464710
465590
465651
465844
465957
465959
466021
466067
466135
466174
466286
466381
466532
466602
467137
467141
467244
467246
467252
467404
467957
468309
468722
468813
469049
469931
470502
470568
470607
470674
470720
470961
470966
471229
471576
471738
471801
471888
471966
471969
472016
472134
472141
472224
472509
472801
472894
473030
473151
473270
473313
473597
473663
473690
473755
473816
474046
474754
474985
475258
475289
475385
475454
476415
476462
476600
476623
476964
477233
477287
477345
477784
478045
478401
478715
478866
479131
479207
479277
479435
479635
479738
479812
479855
480253
480465
480666
480693
480728
480961
480973
481256
481676
481945
482251
482469
482720
482985
483071
483312
483315
483494
483799
484046
484074
484165
484490
484533
484872
485122
485211
485598
485606
485741
485825
486005
486271
486303
486327
486573
486908
487140
487298
487371
487594
487824
488126
488586
489002
489219
489237
489336
489419
489939
489995
490000
490410
490470
490577
490636
490914
490939
491058
491159
491295
491624
491682
491771
491871
491948
492436
492486
492661
492705
493224
493355
493526
493661
493823
493919
493997
494142
494364
494515
494849
495132
495296
495302
495733
496110
496317
496370
496919
497012
497086
497573
497771
497856
497893
498147
498303
498800
499132
499151
499335
499511
499819
499849
499924
500030
500227
500638
500740
500941
500994
501193
501506
501520
501553
501707
501817
501818
502155
502229
502285
502574
502676
502864
503282
503549
503636
504087
504126
504209
504287
505084
505120
505226
505518
505622
505738
505908
506277
506314
506358
506406
506517
506531
506783
507241
507787
508038
508287
508374
508520
509165
509523
510053
510112
510243
510306
510624
510654
510901
511367
511438
511563
511636
511722
511740
511757
511835
511920
512179
512582
512736
513111
513408
513428
513436
513690
514259
514312
515314
515369
515432
515530
516186
516298
516380
516525
516659
516671
516703
516727
516792
517043
517328
517606
517818
517915
518063
518233
518904
518953
518990
519372
519387
519470
519798
520026
520348
520587
520679
521223
521276
521933
521980
522089
522158
522171
522397
522702
522703
522868
522901
523787
523912
523919
523993
524043
524115
524236
524246
525205
525381
525632
525636
525791
525938
526005
526189
526322
527343
527478
527599
527894
527999
528271
528289
528452
528546
529231
529387
529867
530238
530450
531089
531137
531576
531605
531719
532342
532509
532532
532719
532815
532909
532997
533452
534044
534146
534266
534387
534795
534992
535705
535882
535984
536069
536109
536452
536578
536845
536924
537366
537480
537888
538039
538121
538359
538473
538790
539072
539287
539289
539459
539581
540146
540206
540958
541026
541117
541218
541291
541919
542056
542172
542333
542639
542718
542718
542840
542860
543249
544042
544104
544316
544498
544703
544810
544822
544859
544957
545404
545716
545915
546093
546248
546538
546688
546813
547323
547341
547719
548029
548317
548445
548451
549117
549275
549342
549370
549806
550012
550361
551147
551280
551292
551362
551443
551921
551958
552219
552423
552756
552822
553170
553197
553199
553387
553495
553520
553797
554167
554187
554388
554421
554432
554512
554645
554663
554760
554766
554864
554872
555039
555081
555097
555427
555599
555915
556036
556165
556417
556456
556514
556677
556920
557571
557821
557978
558366
558517
558722
558889
558995
559415
559442
559693
560177
560289
561184
561376
561507
561571
561610
561777
561823
561835
562090
562154
562295
562491
562507
562898
562922
562932
563005
563012
563283
563345
563445
563448
564096
564184
564449
564476
564720
564882
565418
565578
565671
566252
566362
566564
566589
566673
566740
567257
567295
567365
567839
567979
568175
568366
568531
568785
568833
569111
569127
569272
569784
569807
569980
570119
570252
570308
570617
570969
571472
571579
571711
571832
572214
572230
572563
572622
572627
572717
572837
572982
573176
573348
573453
573454
573502
573765
573797
574110
574143
574435
574613
574794
575078
575406
575755
575777
577259
577546
577575
577943
578131
578340
578417
578584
578727
579033
579702
579771
579915
579997
580064
580124
580343
580392
580510
581015
581080
581163
581218
581424
581467
581716
582245
582418
582492
582844
583440
583661
583903
584051
584404
584462
584525
584595
584903
585094
585162
585273
585313
585542
585751
585754
586427
586515
586714
586824
586976
587011
587145
587611
587778
588453
588532
588665
588700
588751
588830
588887
588917
588928
589024
589055
589119
589374
589457
589593
589639
589686
589810
589989
590119
590124
590222
590332
590426
590498
590594
590980
591547
591605
591724
592148
592323
592336
592367
592418
592640
592911
593065
593288
593718
593884
594283
594305
594441
594479
594479
594565
594594
594609
594713
594718
595401
595598
595788
596147
596204
596985
597111
597787
598024
598106
598274
598351
598466
598654
598983
599183
599298
599345
599890
599912
600104
600255
600331
600654
600738
600894
601058
601200
601353
601513
601857
602171
602372
602555
602766
602938
603246
603270
603438
603482
603625
603646
603674
603871
604592
604860
605223
605391
605407
605472
605590
605930
605933
606076
606370
606786
606844
606951
607132
607320
607484
607667
608030
608033
608177
608229
608462
608490
608541
608647
608659
608675
608690
608960
609434
610123
610658
610775
611113
611120
611378
611823
611862
611909
612087
612184
612209
612387
612580
612991
613048
613411
613415
614031
614382
614799
614940
614974
615040
615116
615219
615319
615390
615418
615431
615833
616001
616034
616187
616291
616467
616594
616681
616929
616998
617249
617386
617399
617876
618193
618537
618948
619043
619049
619083
619112
619695
619788
619795
619932
619986
620614
621155
621158
621657
621847
621865
621887
623072
623077
623231
623727
623739
623773
624094
624340
624362
624381
624475
624516
624758
624864
624920
625013
625021
625126
625327
626190
626434
626676
626679
627077
627300
627300
627415
627597
627775
627795
628108
628164
628198
628350
628927
629113
629272
629735
629963
630108
630242
630366
630422
630662
630775
631476
631656
632119
632209
632386
632553
632864
633312
633971
634305
634324
634346
634373
634640
634660
634664
634710
635124
635390
635398
635545
636137
636784
636996
637023
637407
637527
638411
638432
638481
638500
638511
638714
639157
639222
639402
639434
639508
639536
639603
639641
639760
639830
639851
639903
640024
640178
640375
640513
640694
640725
640861
641034
641086
641168
641256
641277
641287
641328
641467
641727
641769
642501
642515
642565
642630
642642
642805
643015
643085
643104
643222
643267
643573
643645
643761
644313
644402
644435
644470
644644
644659
644739
645057
645097
645305
645775
646026
646418
646510
646511
646687
646820
646835
646886
646932
646951
647182
647277
647297
647364
647503
647672
647785
648237
648314
648365
648442
648567
648631
648902
649006
649045
649293
649329
649652
649801
649868
649976
649995
650009
650104
650151
650163
650253
650298
650620
650908
650953
650971
650979
651095
651460
651575
652045
652301
652334
652830
652840
653319
653487
654263
654558
654772
654882
655116
655169
655366
655565
655605
655614
655624
655778
655858
656079
656191
656344
657378
657420
657420
657432
657678
658005
658394
658670
658814
658941
659563
659785
659896
660100
660109
660130
660224
660393
660579
660615
660725
661046
661887
662241
662386
662687
662762
662825
662854
663258
663455
664396
664891
665043
665063
665259
665680
666967
667157
667189
667981
668286
668310
668473
668498
668677
668800
668913
668913
669069
669114
669351
669673
669789
669794
669825
669930
670469
670589
671412
671847
672227
672338
672739
672902
673278
673550
674518
674563
674599
674627
674957
675088
675285
675393
675456
675690
675918
676213
677047
677208
677412
677629
678042
678916
679077
679250
679694
680264
680353
680443
680566
680696
680785
681580
682059
682073
682332
682687
682719
682781
682801
682912
683463
683662
684221
684608
684885
684919
684982
685082
685311
685330
685563
685903
686012
686108
686395
686440
686501
686553
686758
686820
686983
687022
687150
687433
687813
688257
688329
688428
688831
688876
688913
689217
689218
689318
689475
689977
690074
690284
690651
690844
690967
691134
691384
691617
691665
691682
691880
691894
691930
692152
692682
692923
692977
693095
693264
693349
693597
693597
693693
694027
694040
694276
694668
694670
695320
695339
695526
695721
695764
696602
696674
696818
696819
696918
696941
697416
697579
697647
698171
698385
698428
698783
699271
699417
699778
699857
699880
699893
699897
699967
699983
699989
700024
700324
700427
700590
700783
700848
700857
701694
701913
702181
702609
702963
703095
703170
703251
703452
703900
704124
704383
704457
704714
705128
705386
705409
705520
705539
705570
706089
706218
706259
706452
706460
706518
707157
707267
707701
707919
708016
708110
708161
708264
708363
708436
708493
708528
708854
708867
709237
709284
709462
709719
709726
709793
709834
709893
709912
709948
711134
711172
711261
711279
711382
711463
711684
711710
711968
712120
712321
712706
712888
713017
713372
713487
713492
714006
714174
714295
714298
714364
714367
714471
714663
714883
715053
715118
715211
715334
715501
715534
715921
716289
716341
716475
716804
716995
717471
717596
717814
717893
717961
718462
718830
719386
719572
720116
720247
720495
720554
720578
720659
720796
720833
721127
721211
721319
722260
722330
722334
722485
722595
722735
722752
723023
723682
723822
723995
724298
724376
724581
724647
724987
725078
725353
725357
725513
725560
726070
726282
726403
726934
727127
727198
727543
727763
728194
728291
728723
728804
729144
729521
729536
729540
729873
729959
730201
730212
730277
730569
730683
730702
731063
731605
731639
731905
732946
733226
733392
733635
733711
733859
733973
734140
734291
734301
734404
734592
734722
735386
735505
735563
735577
735864
736118
736249
736338
736464
736497
736543
736578
736597
736678
736754
736945
737015
737122
737241
737250
737559
737678
738119
738251
738449
738567
738740
738949
739016
739225
739496
739654
739710
740142
740374
740933
741145
741464
742128
742174
742177
742438
742843
743214
743283
743563
743608
743619
744124
744393
744442
744458
744667
744911
744934
744986
745016
745240
745398
745481
745774
746111
746418
746636
746658
747194
747457
747475
747645
748119
748361
748806
748808
748835
748854
749118
749209
749229
749359
749435
749708
749821
750032
750106
750139
750264
750496
750715
751036
751659
751830
752376
752465
752830
752987
753001
753284
753304
753484
753572
753607
753761
754256
754269
754710
754941
755633
755742
755814
756129
756287
756536
756851
757117
757425
757471
757668
757812
757937
758022
758417
758507
758521
758831
758892
759023
759510
759526
759628
759702
759959
759965
760215
760392
760561
760605
761032
761341
761361
761406
761763
761894
762054
762427
762509
762721
762742
763146
763544
763648
763757
764381
764390
764400
764447
764579
764622
764658
764917
765078
765218
765321
765637
765662
765679
765936
766394
766448
766490
766664
766814
766879
767245
767328
767594
767978
768189
768278
768347
768493
768646
768682
768812
769323
769425
769499
769703
769720
769798
770066
770176
770404
770543
770588
770627
771148
771181
771338
771501
771508
771540
771581
771627
771811
771903
771947
772096
772443
772496
772591
772789
772809
772939
773015
773144
773182
773201
773280
773681
773712
774284
774562
774587
774771
775157
775437
775446
775628
776093
776222
776497
776536
777032
778126
778282
778410
778422
778714
779541
779883
780017
780128
780668
780738
780812
780827
781053
781310
781320
781531
781642
782057
782124
782328
782473
782848
782897
783041
783097
783710
784324
784467
784629
785047
785828
786021
786029
786049
786183
786576
786679
786843
786937
787199
787203
787404
787488
787983
788194
788222
788394
788475
788625
789296
789308
789453
789692
789812
789819
789879
790823
790986
791090
791436
791503
791637
791897
792042
792088
792433
792941
793067
793279
793545
793794
793914
794268
794348
794507
794556
794654
795072
795400
795684
796692
796762
797029
797036
797739
797814
797902
797975
798004
798232
798640
798814
798816
798891
799185
799188
799248
799324
799516
799698
799820
799917
799948
800085
800287
800378
800487
800825
800961
801621
801868
802740
803021
803068
803269
803361
803424
803527
803836
803859
803869
804633
804699
804748
805093
805508
805586
805684
805917
806279
806459
807253
807956
808107
808308
808391
808660
808681
808843
808963
809511
810139
810398
810429
810698
810734
810892
810958
811040
811170
811178
811247
811333
811451
811524
811597
811722
811782
811865
812260
812365
812371
812441
812540
812992
813444
813756
814357
814828
814898
814961
815344
815544
815732
815884
816032
816066
816069
816475
816521
816587
816675
817083
818239
818541
818606
818628
818869
818915
819115
819184
819612
819694
819772
820001
820550
820813
820913
821024
821075
821114
821190
821245
821304
821530
821575
821651
821793
822222
822265
822481
822538
822727
823015
823375
823680
823999
824088
824467
824609
824872
824918
825216
825763
826272
826369
826437
826441
826599
827054
827117
827308
827483
827624
827745
827858
827943
827947
828249
828251
828317
828477
828559
828564
828654
828793
828949
829125
829498
829723
829920
829967
830049
830097
831202
831710
831817
831830
832017
832102
832304
832655
832813
832960
833758
833809
833884
833898
834207
834710
835079
835174
835312
835361
836412
836517
836921
836955
837009
837055
837485
837679
837789
837888
837902
838062
838661
838749
839017
839198
839214
839367
839720
839815
839898
840164
840311
840841
840908
840962
841076
841208
841263
841808
842085
842425
842522
843210
843281
843464
843479
843536
843584
843591
843609
843662
843986
844299
844401
844401
844533
845016
845220
845403
845530
846165
846522
846632
846943
847112
847157
847310
847557
847589
847651
847950
848258
848260
848425
848455
848573
848693
849118
849210
849692
849739
850012
850054
850163
850530
850533
850796
850908
851052
851076
851387
851578
851610
851653
851662
851731
851825
852114
852161
852465
852972
853125
853237
853335
854024
854215
854743
854780
854782
854838
854999
855081
855359
855404
855631
855673
855793
855897
856036
856644
856721
856820
857131
857235
857247
857322
857863
858018
858613
858847
859040
859550
859553
859593
859812
859888
859992
860226
860354
860454
860894
860904
860988
861050
861292
861639
861708
861804
861843
862267
862321
862327
862347
862462
862502
862671
862918
863066
863207
863228
863906
865052
865199
865302
865356
865390
865465
865486
865940
866064
866134
866200
866302
866343
866437
866602
866845
866944
867050
867054
867112
867156
867493
867618
867744
867867
867873
868026
868208
868220
868422
868672
868733
868795
868965
869177
869233
869609
869655
870048
870218
870389
870986
871148
871453
871758
871788
871967
872066
872195
872244
872377
872383
872629
872776
872791
872799
873694
873835
873985
874079
874173
874248
874803
874898
874925
875174
875196
875315
875751
875813
875984
876956
877434
877591
877693
877750
877934
878211
878327
878601
878637
878957
878964
878984
879162
879277
879621
879965
880104
880183
880458
880553
880890
881497
881582
881620
881733
882190
882441
883022
883068
883554
883762
883832
884211
885072
885156
886452
886616
886733
886770
886968
887532
887635
887756
887963
888192
888657
888820
888830
889039
889139
889197
889279
889282
889447
889452
889693
889729
889880
889961
890026
890360
890714
890889
891238
891277
891442
891883
892107
892556
893018
893506
893520
893842
893992
894170
894372
894543
894596
894659
894750
894790
894855
894902
895969
896097
896159
896275
896818
896913
896927
897066
897148
897628
897715
897883
898050
898201
898226
898247
898378
898548
898666
898980
899272
899830
900224
900268
900520
900825
901004
901740
902085
902148
902538
902741
903084
903115
903124
903662
903982
904050
904474
904678
905190
905337
905634
905699
905732
905814
905884
906512
906596
907204
907678
907704
908089
908128
908153
908197
908421
908468
908626
908831
908850
908852
908859
908917
909143
909301
909728
909956
910149
910300
910318
910426
910439
910582
910873
910941
910987
911440
911925
912354
912511
912665
912683
913267
913275
913388
913399
913442
913646
914169
914178
914436
914510
914602
915009
915231
915420
915654
916462
916564
916886
917065
917261
917438
917457
917674
917864
918080
918239
918372
918537
918727
919447
919554
919644
920050
920189
920284
920770
920907
921407
921776
922059
922759
922797
922904
922980
923374
923378
923406
923650
923721
924601
924979
925024
925083
925234
925272
925462
925548
925932
926382
926603
927055
927473
928087
928255
928544
928600
928797
928903
929032
929117
929439
929705
929818
930045
930204
930301
930563
930693
930795
930910
931055
931553
931666
931739
932080
932459
932663
932762
932890
932903
933202
933431
933477
933569
934163
934261
934518
934557
935278
935581
935616
935838
935929
936125
936190
936252
936305
936337
936434
936574
936808
936814
936932
937862
938091
938282
938415
939135
939206
939405
939737
939781
939883
940303
940352
940389
940493
940595
940733
940820
940943
941131
941226
941309
941531
941622
941947
942575
942769
942908
943143
943300
943310
943436
943465
943485
943638
943878
944648
944655
944863
945004
945457
945967
946488
946574
946761
946798
947658
947673
947703
947890
947998
948002
948378
948740
949101
949105
949578
949583
949584
949813
950013
950131
950401
950667
950729
951080
951150
951860
952462
952517
952651
952964
953616
954087
954398
954502
954784
954919
954969
955121
955680
955692
955970
956172
956190
956447
956503
956860
956920
957030
957246
957600
958109
958299
958308
958496
958754
959001
959496
959956
960162
960197
960440
960528
960860
961117
961127
962361
962471
962516
962525
962552
962734
963247
963526
963890
965004
965851
966266
966331
966520
966785
967352
967391
967438
967445
967686
967716
967737
967790
968279
968675
969435
969480
969487
969959
970197
970410
970547
970875
971071
971141
971402
971643
971692
971759
971812
971940
972119
972702
972889
973213
973530
973719
974280
974443
974608
974615
974673
974853
975064
975162
975294
975802
976094
976113
976400
976446
976486
976549
976606
976941
977108
977342
977479
977549
977685
978630
979120
979136
979620
979740
979765
980188
980328
980348
980364
980405
980525
980557
980644
980885
981154
981337
981451
981477
981521
982584
982704
982829
983670
983712
984428
984986
985019
985090
985172
985174
985394
985417
985856
986185
986314
987481
988214
988258
988341
988490
988539
988616
989690
989916
990404
990414
990506
990512
990667
990814
991041
991609
991864
992112
992235
992326
992329
992848
993120
993221
993264
993326
993346
993666
993731
993821
994087
994090
994125
994243
994247
994275
994564
994608
995306
995424
995699
995777
995851
995879
996045
996062
996069
996394
996641
996812
996843
997339
997426
997452
998714
998813
999040
999365
999702
999812
1000278
1000281
1000399
1000593
1000919
1000921
1001220
1001398
1001608
1002188
1002285
1002377
1002381
1002740
1002872
1003760
1003833
1003994
1004067
1004100
1004355
1004433
1004729
1004971
1005141
1005460
1005461
1005468
1005498
1005501
1006445
1006451
1006459
1006641
1007350
1007505
1007662
1008264
1008720
1008881
1009003
1009223
1009271
1009625
1009702
1009931
1009995
1010376
1010447
1010490
1010563
1011624
1011813
1011838
1011929
1012348
1012693
1013055
1013066
1013177
1013260
1013377
1013390
1013695
1013974
1014308
1014362
1014389
1014492
1014542
1014646
1014710
1014958
1015044
1015373
1015385
1015427
1015550
1015598
1016077
1016113
1016239
1016841
1017088
1017107
1017161
1017394
1017435
1017469
1017821
1018071
1018266
1018484
1018503
1018523
1018565
1018606
1018793
1018994
1019059
1019070
1019074
1019456
1019536
1020007
1020234
1020325
1020969
1021046
1021199
1021317
1021366
1021601
1021892
1021935
1022068
1022514
1022551
1022594
1022700
1022727
1023092
1023300
1023507
1023550
1023802
1023903
1024085
1024252
1024303
1024976
1024981
1025199
1025366
1025507
1025643
1025710
1025933
1026136
1026393
1026997
1027061
1027295
1027454
1027562
1027637
1027886
1027985
1028012
1028154
1028291
1028318
1028359
1028433
1028582
1028596
1029238
1029258
1029870
1029881
1030018
1030130
1030142
1030534
1030676
1030984
1031036
1031509
1031518
1032085
1032289
1032609
1032732
1032787
1032816
1032824
1032876
1032925
1032965
1034123
1034456
1034486
1034565
1034645
1034700
1035008
1035276
1035754
1036250
1036421
1036578
1036718
1036850
1037088
1037167
1037227
1037629
1037669
1037717
1037897
1038094
1038097
1038838
1039073
1039127
1039248
1039251
1039320
1039502
1039567
1039605
1039608
1039861
1040780
1041420
1041746
1041942
1042232
1042743
1042760
1043186
1043190
1043685
1043816
1044188
1044219
1044423
1044480
1044950
1044994
1045176
1045243
1045371
1045386
1045542
1046135
1046276
1046340
1046347
1046393
1046415
1046424
1046492
1046642
1046689
1047151
1047312
1047351
1047352
1047587
1047715
1047931
1048918
1049065
1049178
1050214
1050235
1050315
1050389
1050551
1050737
1050871
1051676
1051727
1051817
1052111
1052352
1052526
1052591
1052810
1052820
1052825
1053071
1053753
1053960
1054427
1054444
1054520
1054663
1055125
1055229
1055277
1055323
1055542
1055661
1055804
1055840
1055872
1055936
1056552
1056585
1056663
1056737
1056768
1057138
1057293
1057478
1057526
1057568
1057625
1057936
1058494
1058588
1058603
1058734
1058806
1058815
1058966
1059231
1059391
1059410
1059738
1060150
1060297
1060396
1060490
1060574
1060731
1060835
1061009
1061060
1061167
1061241
1061430
1061957
1062136
1062254
1062419
1062747
1063048
1063057
1063370
1063383
1063471
1063484
1063857
1063926
1063932
1063937
1064325
1064522
1064527
1064813
1064813
1064835
1065234
1065351
1065361
1065386
1065714
1066824
1066988
1067421
1067632
1068135
1068262
1069022
1069130
1069259
1070047
1070476
1071688
1071855
1072403
1072548
1072551
1072816
1072817
1072898
1073779
1074247
1074292
1074572
1074789
1074791
1075021
1075128
1075190
1075742
1075935
1076088
1076471
1076835
1076909
1077325
1077378
1077439
1078053
1079016
1080081
1080083
1080170
1080566
1080923
1081419
1082109
1082164
1082239
1082344
1082920
1083116
1083146
1083493
1083661
1084080
1084108
1084539
1084618
1085125
1085297
1085428
1085973
1086048
1086139
1086183
1086236
1086450
1086465
1086746
1086931
1087359
1087386
1087397
1087515
1087550
1087721
1087919
1088097
1088379
1088557
1088660
1088686
1088701
1088732
1088840
1089145
1089267
1089282
1089301
1089584
1089886
1089942
1090435
1090474
1090826
1090933
1091349
1091434
1091721
1091798
1091833
1091953
1092080
1092112
1092611
1092741
1093064
1093170
1093307
1093724
1093800
1093995
1094041
1094267
1094537
1094630
1094766
1095320
1095462
1095675
1095942
1096282
1096528
1096572
1096678
1096734
1096804
1096976
1096987
1097136
1097273
1097472
1097915
1098121
1098825
1099272
1099655
1099657
1099812
1100159
1100243
1101435
1101756
1102284
1102348
1103119
1103331
1103378
1103452
1103484
1103629
1103640
1103686
1103920
1104295
1104583
1105842
1105842
1105932
1106235
1106400
1106452
1106563
1106678
1107219
1107328
1108170
1108426
1108490
1108699
1108826
1108870
1109286
1109620
1110339
1110400
1110852
1111016
1111190
1111681
1112059
1112435
1112468
1112620
1112641
1113497
1113690
1113738
1113779
1114117
1114295
1114469
1115007
1115306
1115539
1115692
1116791
1117179
1117488
1117563
1117627
1117640
1117678
1117808
1118076
1118371
1118429
1118529
1118905
1119032
1119542
1119575
1119786
1120178
1120288
1120401
1120647
1121620
1121812
1122476
1122611
1122646
1122866
1122975
1123032
1123351
1123676
1123729
1123959
1124092
1124125
1124391
1124474
1124837
1124891
1125030
1125128
1125255
1125576
1126158
1126535
1126577
1126617
1126822
1127034
1127331
1127352
1127532
1127550
1127568
1127829
1128135
1128161
1128195
1128217
1128432
1128655
1129185
1129239
1129627
1129710
1129813
1130032
1130086
1130266
1130371
1130480
1130524
1130590
1130592
1130751
1131105
1131755
1131963
1132131
1132648
1132692
1132776
1132807
1133345
1133649
1133650
1133672
1133705
1133786
1133810
1133966
1134344
1134414
1134580
1134583
1134813
1134840
1134855
1135352
1135360
1135627
1135628
1135638
1136192
1136286
1136375
1136435
1136529
1136600
1136820
1136840
1136998
1137210
1137350
1137447
1138045
1138828
1139166
1139235
1139325
1139403
1139632
1140343
1140428
1140455
1140727
1140901
1141038
1141177
1141259
1141448
1142171
1142206
1142251
1142410
1142793
1143004
1143152
1143176
1143340
1143518
1143650
1143759
1143906
1144186
1144246
1144689
1144872
1144957
1144976
1145226
1145318
1145523
1145635
1145876
1146076
1146203
1146411
1146752
1146947
1147229
1147306
1147345
1147603
1147930
1147976
1148151
1148161
1148309
1148345
1148393
1148443
1148566
1149033
1149232
1149839
1149929
1149946
1150051
1150147
1150290
1150516
1150725
1150797
1150829
1151038
1151154
1151514
1151517
1151518
1152073
1152375
1152596
1152630
1152662
1152875
1152921
1153711
1153847
1154271
1154422
1154532
1154636
1155136
1155396
1155755
1155880
1155901
1156335
1156944
1157025
1157217
1157304
1157440
1157499
1157541
1157593
1157865
1158066
1158335
1158424
1158962
1159017
1159050
1159415
1159533
1159579
1159641
1159709
1159946
1159986
1160128
1160688
1160930
1161136
1161203
1161222
1161354
1161367
1161371
1161379
1161573
1162144
1162214
1162235
1162261
1162418
1162640
1162658
1162765
1162974
1163221
1163382
1163618
1163678
1163907
1163992
1164463
1164579
1164832
1165179
1165238
1165370
1165873
1166017
1166129
1166252
1166778
1167112
1167367
1167429
1167491
1167583
1167628
1167779
1167928
1168014
1168119
1168195
1168425
1168546
1168687
1168808
1168816
1169281
1169384
1169410
1169475
1169700
1169701
1170279
1170334
1170513
1170954
1171102
1171305
1171381
1171456
1171538
1172035
1172045
1172121
1172143
1172287
1172483
1173132
1173199
1173230
1173641
1173723
1173776
1173901
1174118
1175091
1175279
1176002
1176319
1176369
1176413
1176530
1177042
1177103
1177331
1177607
1177865
1177874
1178140
1178311
1178510
1178566
1178755
1178760
1178768
1178788
1178793
1179165
1179238
1179363
1179462
1179470
1179629
1179731
1179905
1180770
1180815
1181262
1181266
1181274
1181468
1181555
1181662
1182397
1182515
1182746
1182966
1183013
1183022
1183116
1183455
1183503
1183573
1183637
1183834
1184658
1184769
1185054
1185302
1185313
1186775
1186797
1187088
1187163
1187203
1187217
1187528
1187737
1188175
1188281
1188306
1188392
1189188
1189245
1189689
1190049
1190253
1190303
1190423
1190491
1190512
1191377
1191483
1192028
1192332
1192903
1193241
1193519
1193662
1193667
1193955
1193969
1194036
1194054
1194369
1194490
1194548
1194630
1194841
1194869
1195087
1195108
1195504
1195732
1195840
1196302
1196561
1196620
1196833
1197040
1197168
1197405
1197582
1197703
1197872
1198118
1198183
1198467
1198636
1198770
1199049
1199719
1199845
1199984
1200022
1200067
1200171
1200320
1200490
1200580
1201133
1201198
1201323
1201472
1201576
1201782
1201793
1202009
1202030
1202246
1202454
1202644
1202746
1202851
1203100
1203342
1203475
1203494
1203604
1203635
1203772
1203822
1204147
1204203
1204597
1204882
1205145
1205493
1205551
1205792
1205861
1206040
1206151
1206425
1206772
1207166
1207183
1207437
1207738
1208045
1208236
1208360
1208380
1208380
1208518
1208570
1208757
1208788
1208900
1209052
1209090
1209180
1209248
1209304
1209604
1210045
1210132
1210781
1211377
1211437
1211676
1211751
1211826
1211935
1212072
1212136
1212243
1212398
1212561
1212658
1212687
1212737
1212754
1212836
1213111
1213977
1214091
1214495
1214753
1214914
1215081
1215107
1215665
1215764
1215876
1215886
1216011
1216114
1216219
1216412
1216555
1216576
1216747
1216921
1217411
1217521
1217613
1217761
1217787
1217996
1218012
1218393
1218547
1218713
1218847
1219042
1219333
1219385
1219831
1220122
1220267
1220363
1220476
1220489
1220639
1220786
1221362
1221723
1221746
1222037
1222150
1222309
1222313
1222485
1222576
1223163
1223527
1223646
1223816
1223889
1223980
1224037
1224087
1224729
1225327
1225379
1225399
1225746
1226019
1226096
1226208
1226263
1226461
1226610
1226697
1226803
1227058
1227236
1227793
1227908
1228014
1228252
1228944
1229085
1229127
1229282
1229334
1229618
1229711
1230004
1230291
1230315
1230534
1230544
1230739
1230819
1230900
1231065
1231406
1231515
1232058
1232152
1232291
1232617
1232760
1233032
1233187
1233296
1233561
1234145
1234664
1234776
1234813
1235057
1235101
1235113
1235115
1235212
1235223
1235491
1235501
1235758
1235928
1235969
1236593
1236830
1237020
1237129
1237133
1237258
1237531
1237760
1237783
1237836
1238012
1238064
1238181
1238224
1238304
1238518
1238617
1239065
1239119
1239312
1239435
1239468
1239581
1239702
1239780
1239811
1239946
1240040
1240108
1240134
1240258
1240304
1240544
1240637
1240779
1240838
1241066
1241722
1241744
1242813
1243108
1243305
1243468
1243579
1243591
1243749
1244046
1244430
1244610
1244669
1244687
1245035
1245056
1245416
1245427
1245466
1245576
1245923
1246042
1246178
1246202
1246559
1246574
1246857
1247356
1247499
1247693
1247975
1248315
1248530
1248583
1248628
1248784
1248889
1248912
1249024
1249566
1249610
1249810
1250319
1250493
1250717
1251182
1251471
1251600
1251755
1251886
1252193
1252338
1252348
1252476
1252831
1252893
1253269
1253540
1253760
1253809
1253811
1253831
1254818
1254951
1255284
1255305
1255359
1255793
1255826
1257399
1257756
1257802
1258157
1258244
1258377
1258653
1258804
1259192
1259289
1259474
1259530
1259646
1259943
1259947
1260104
1260147
1260585
1260689
1260781
1261243
1261527
1261576
1261655
1261692
1261999
1262016
1262065
1262133
1262198
1262256
1262942
1263119
1263695
1263888
1263967
1264014
1264389
1264710
1264823
1264954
1264969
1265346
1266214
1266341
1266356
1267034
1267072
1267343
1267459
1267479
1267628
1268000
1268101
1268146
1268171
1268283
1268497
1268502
1268577
1268677
1269632
1270208
1270279
1270439
1270520
1270546
1270582
1270988
1271445
1271788
1271945
1272071
1272289
1272478
1272502
1272813
1272857
1272906
1273092
1273538
1273927
1273938
1274428
1274523
1274618
1274629
1274716
1275068
1275282
1275506
1275548
1275866
1275897
1275940
1276037
1276306
1276402
1276428
1276476
1276530
1276603
1276619
1276664
1276750
1277360
1277542
1277633
1278062
1278132
1278170
1278186
1278250
1278425
1278432
1279265
1279324
1279568
1279639
1279785
1279853
1280345
1280530
1280615
1280646
1280702
1280879
1281029
1281255
1281379
1281382
1281890
1281942
1282098
1282108
1282131
1282244
1282793
1282914
1283172
1283206
1283622
1284118
1284149
1284379
1284701
1284713
1284756
1284917
1285271
1285442
1285816
1285928
1286283
1286485
1286697
1286874
1287096
1287746
1287784
1288100
1288239
1288382
1288443
1288480
1288645
1288741
1288753
1288852
1288942
1289273
1289374
1289661
1290629
1290789
1290930
1291371
1291464
1292208
1292306
1292427
1292943
1292976
1293010
1293597
1293668
1294468
1294551
1294760
1295020
1295363
1295745
1295751
1295752
1296062
1296115
1296363
1296725
1296779
1296824
1296950
1297004
1297323
1297369
1297452
1297953
1297994
1298058
1298574
1298740
1298876
1298912
1299596
1299730
1300058
1300226
1300351
1300495
1300755
1300764
1300811
1301271
1301347
1301492
1301568
1301568
1301653
1301879
1302039
1302106
1303089
1303122
1303222
1304245
1304257
1304584
1304870
1304907
1304959
1305052
1305261
1305756
1305906
1306160
1306418
1307345
1307726
1307881
1308038
1308060
1308071
1308542
1309400
1309457
1310075
1310125
1310931
1310944
1311137
1311279
1311641
1311714
1311789
1311945
1311948
1312585
1312747
1312935
1312936
1312955
1313136
1313213
1313305
1313575
1313597
1313669
1314078
1314333
1314757
1314816
1315354
1315840
1315948
1316159
1316707
1316879
1317306
1317950
1318268
1318338
1318492
1318655
1318672
1318675
1318696
1319040
1319113
1319135
1319817
1320112
1320227
1320403
1320742
1320794
1321526
1321572
1321636
1322297
1322521
1322727
1322823
1323388
1323915
1324024
1324110
1324232
1324631
1325015
1325050
1325066
1325167
1325530
1325558
1325702
1325710
1326064
1326139
1326270
1326489
1326864
1326865
1327514
1327653
1327866
1327930
1328011
1328186
1328437
1328517
1328778
1328815
1328900
1329097
1329386
1329580
1330161
1330237
1330307
1330533
1330955
1330995
1331597
1331723
1331969
1331986
1331992
1331993
1332161
1332381
1333077
1333180
1333225
1333250
1333372
1333953
1334416
1334775
1334822
1334918
1335248
1335298
1335535
1335604
1335700
1335757
1336327
1336539
1337523
1337556
1337568
1338018
1338333
1338803
1339535
1339978
1340072
1340147
1340908
1340987
1340989
1341458
1341805
1342231
1342505
1342511
1342901
1342943
1343048
1343307
1343686
1344369
1344451
1344830
1345395
1345461
1345513
1345534
1345598
1346085
1346218
1346323
1346585
1346941
1347021
1347161
1347360
1347854
1348236
1348897
1349128
1349341
1349530
1349548
1349741
1349742
1350263
1350340
1350347
1350445
1350767
1350982
1351124
1351416
1351501
1351679
1351695
1351872
1352209
1352308
1352608
1352679
1353005
1353735
1354226
1354257
1354347
1354368
1354383
1354512
1354544
1354905
1355222
1355724
1355915
1356339
1356416
1356619
1356627
1356629
1356682
1357083
1357587
1357639
1358038
1358269
1358716
1358857
1359448
1359855
1360978
1361134
1361160
1361181
1361320
1361861
1361954
1362207
1362421
1362539
1362652
1362802
1362831
1362912
1363448
1363451
1363519
1363575
1363699
1363721
1363755
1363781
1363985
1364072
1364155
1364302
1364416
1364439
1364672
1364866
1364909
1364960
1365139
1365168
1365196
1365334
1365453
1366236
1366531
1366702
1367007
1367251
1367380
1367450
1367644
1367911
1368143
1368405
1368448
1368638
1368969
1369049
1369375
1369695
1369697
1369866
1370302
1370451
1370531
1371067
1371403
1371412
1371437
1371490
1371596
1371688
1371694
1372434
1372707
1372930
1373441
1373834
1373941
1374180
1374263
1374278
1374420
1374510
1374587
1374651
1374786
1375380
1375833
1375938
1375958
1375980
1376124
1376401
1376584
1376875
1377165
1377665
1377934
1378167
1378342
1378380
1378464
1378638
1378642
1378835
1379534
1379696
1379830
1379892
1380102
1380326
1380469
1380562
1380582
1380755
1381149
1381239
1381324
1381925
1382126
1382402
1382720
1383098
1383208
1383255
1383585
1383585
1383886
1384001
1384048
1384058
1384085
1384089
1384375
1384454
1384534
1384699
1385033
1385469
1385759
1385877
1385888
1386177
1386377
1386414
1387130
1387177
1387465
1387591
1387726
1388195
1388294
1388679
1388846
1389153
1389184
1389517
1390018
1390395
1390532
1390670
1391054
1391132
1391223
1391240
1391477
1392261
1392481
1392577
1393120
1393274
1393463
1393630
1393952
1393980
1394047
1394476
1394565
1394599
1394730
1394874
1394949
1395148
1395158
1395522
1395565
1395737
1395852
1396136
1396340
1396602
1396685
1396890
1397063
1397119
1397299
1397327
1398545
1398755
1398768
1398851
1399276
1399285
1399422
1399635
1399764
1400004
1400070
1400226
1400270
1400376
1400448
1400512
1400515
1400934
1401110
1401162
1401419
1401484
1401590
1401768
1401877
1402095
1402098
1402107
1402357
1402525
1402693
1403003
1403115
1403673
1404705
1404879
1405057
1405107
1405129
1405454
1405480
1405620
1405727
1405775
1405841
1406121
1406205
1406347
1406348
1406373
1406409
1406445
1406507
1406601
1406818
1407083
1407413
1407921
1408068
1408225
1409311
1409448
1409810
1409896
1410062
1410078
1410442
1410520
1410735
1411319
1411378
1411570
1411596
1412221
1412394
1412696
1412766
1413094
1413850
1413858
1413879
1414200
1414222
1414609
1414682
1414821
1415100
1415134
1415363
1415520
1415538
1415545
1415755
1415868
1415876
1416552
1416595
1416747
1416924
1417081
1417082
1417315
1418161
1418182
1418218
1418248
1418826
1418934
1418972
1419104
1419311
1419712
1419815
1420127
1420173
1420235
1420261
1420911
1420916
1421573
1421576
1421782
1421833
1421854
1422205
1422396
1423069
1423218
1423328
1423508
1423568
1423788
1423980
1424237
1424562
1424998
1425276
1425505
1425868
1426039
1426189
1426234
1426303
1427151
1427267
1427660
1427830
1427950
1428242
1428242
1428507
1428514
1428609
1428630
1428987
1429378
1429471
1429524
1430217
1430413
1430775
1431006
1431096
1431250
1431331
1431483
1431964
1432348
1432495
1432517
1433340
1433341
1433441
1433528
1433732
1433733
1433812
1433886
1434020
1434481
1434492
1434497
1434498
1434582
1434614
1434700
1434708
1435360
1435792
1435912
1436251
1436626
1436683
1436705
1436875
1437060
1438040
1438255
1438773
1439048
1439128
1439190
1439378
1439838
1439964
1440650
1440738
1440819
1440879
1441190
1441901
1442029
1442070
1442216
1442270
1442531
1442621
1442862
1442900
1442973
1443163
1443174
1443324
1443372
1443479
1443890
1443997
1444402
1444423
1444438
1444650
1444694
1444780
1445048
1445091
1445130
1445661
1445674
1445930
1446083
1446169
1446196
1446223
1446512
1446515
1446795
1446907
1447503
1447567
1447895
1448060
1448127
1448399
1448519
1448581
1448659
1448701
1448914
1449068
1449397
1449789
1449814
1449858
1449993
1450006
1450465
1450487
1450491
1450543
1450898
1451444
1451568
1451931
1452073
1452138
1452198
1452325
1452401
1452421
1452488
1452533
1452960
1452985
1453324
1453356
1453931
1453982
1454531
1454533
1454770
1454836
1454893
1455054
1455112
1455233
1455550
1455711
1456115
1456209
1456316
1456341
1456535
1456670
1456796
1456805
1457370
1457540
1457644
1457663
1457740
1458024
1458270
1459102
1459323
1459569
1459665
1459794
1459835
1459899
1459979
1460190
1460195
1460410
1460467
1460631
1460683
1460917
1460996
1461030
1461051
1461480
1461659
1461846
1462516
1462791
1463500
1464038
1464111
1464172
1464376
1464391
1464530
1464626
1464792
1464799
1465006
1465034
1465541
1465674
1465713
1465758
1465909
1466142
1466418
1466683
1466898
1467182
1467245
1467470
1468615
1468648
1468775
1468811
1468952
1469082
1469206
1469604
1469792
1469806
1469920
1470153
1470894
1470943
1470984
1471095
1471282
1471353
1471465
1472344
1472350
1472846
1472873
1473459
1473510
1474012
1474144
1474165
1474191
1474222
1474373
1474428
1475058
1476117
1476193
1476597
1476891
1477043
1477333
1477507
1477551
1477844
1477892
1477962
1478271
1478381
1478416
1478869
1478939
1479441
1479578
1479718
1479758
1479824
1480141
1480141
1480264
1480960
1480983
1481019
1481115
1481453
1481926
1482211
1482262
1482409
1482594
1482662
1482703
1483529
1483711
1483941
1484043
1484338
1484878
1485034
1485089
1485170
1485956
1485989
1486566
1486883
1487296
1487483
1487604
1487683
1487938
1488001
1488366
1488394
1488475
1488621
1488745
1488962
1489163
1489390
1489673
1490061
1490302
1490729
1490981
1491478
1491658
1491835
1491993
1492170
1492197
1492322
1493606
1493646
1493805
1493877
1494401
1494668
1494807
1494808
1495234
1495447
1495731
1495757
1496238
1496394
1496449
1496582
1496634
1497309
1497319
1497352
1497513
1497542
1497548
1498087
1498631
1498650
1498731
1498919
1499235
1499403
1499543
1499737
1499840
1500055
1500201
1500206
1500260
1500380
1500591
1500605
1500763
1500810
1500913
1501127
1501505
1502365
1502502
1502572
1502695
1502899
1502909
1503646
1503678
1503759
1504137
1504167
1504619
1504765
1504781
1505257
1505345
1505520
1505657
1505661
1506142
1506207
1506229
1506250
1506294
1506446
1506510
1506611
1506678
1506818
1506918
1506990
1507074
1507279
1507517
1507636
1507636
1507685
1508282
1508390
1508485
1508531
1508751
1508753
1508871
1508928
1508982
1509124
1509880
1510115
1510137
1510172
1510345
1510556
1510652
1510655
1511127
1511244
1511262
1511625
1511703
1511824
1512126
1512398
1512467
1512557
1512660
1512839
1512982
1513386
1514285
1514317
1514329
1514664
1514720
1514885
1514963
1515154
1515334
1515373
1515403
1515463
1515523
1515703
1515832
1515886
1515958
1515965
1516192
1516317
1516597
1517275
1517311
1517318
1517755
1517859
1518181
1518488
1518993
1519645
1519935
1520194
1520447
1520599
1520688
1521003
1521005
1521202
1521245
1521535
1521880
1522165
1522609
1522685
1523206
1523522
1523621
1523895
1524123
1524704
1524855
1524920
1525685
1525848
1525878
1526201
1526960
1527486
1527846
1528015
1528148
1528456
1528488
1528521
1528598
1528994
1529406
1529685
1529771
1530079
1530227
1530364
1530535
1530546
1530725
1530727
1531009
1531143
1531317
1531533
1531800
1531890
1531942
1531965
1532068
1532302
1532535
1532752
1532800
1533290
1533393
1533498
1533951
1533970
1534228
1534335
1534405
1534468
1534705
1534891
1534930
1534951
1535043
1535391
1535523
1535600
1535677
1535699
1535770
1535818
1535906
1535936
1536018
1536212
1536464
1537103
1537106
1537156
1537929
1537934
1538002
1538037
1538110
1538139
1538276
1538471
1538625
1538912
1539688
1539897
1540882
1541174
1541386
1541466
1541994
1542203
1542430
1543031
1543310
1543319
1543414
1543422
1543690
1543696
1543699
1543845
1543923
1544426
1544742
1544844
1544960
1545333
1545650
1546333
1547064
1547159
1547915
1547945
1548064
1548325
1548512
1548739
1548923
1548930
1549322
1549326
1549402
1549439
1549468
1549608
1549886
1550023
1550174
1550261
1550703
1550927
1551028
1551103
1551167
1551204
1551493
1551605
1551668
1551778
1551966
1552002
1552166
1552582
1553203
1553225
1553620
1553744
1553884
1554112
1554376
1554387
1554638
1554737
1554915
1554926
1554962
1555033
1555090
1555250
1555316
1556541
1556793
1556910
1557549
1557735
1557756
1557834
1558037
1558148
1558305
1558364
1558366
1558463
1558827
1559150
1559271
1559461
1559630
1559693
1559776
1560180
1560267
1560374
1560405
1560866
1560922
1560970
1561030
1561063
1561190
1561356
1561726
1561802
1561879
1562174
1562623
1562722
1562803
1562809
1563272
1563816
1564000
1564182
1564292
1564427
1564514
1564561
1564990
1565111
1565258
1565835
1566033
1567247
1567305
1567319
1567389
1567526
1568043
1568883
1569754
1569783
1570085
1570651
1570691
1570715
1570947
1571172
1571338
1571414
1571505
1571799
1572173
1572179
1572597
1572903
1572951
1573175
1573390
1573886
1573965
1574027
1574109
1574255
1575180
1575813
1575932
1576232
1576411
1576414
1576629
1576822
1577178
1577471
1577504
1577598
1577932
1577986
1578007
1578181
1578299
1578514
1578724
1578741
1578802
1579114
1579153
1579602
1579837
1580312
1580433
1580458
1581119
1581625
1581652
1581847
1581966
1582124
1582586
1582628
1583645
1583874
1583916
1584137
1584141
1584310
1584315
1584328
1585013
1585031
1585044
1585149
1585154
1585209
1585297
1585426
1585756
1585948
1586019
1586468
1586708
1587205
1587410
1587538
1587835
1587892
1587945
1588145
1588181
1588192
1589026
1589222
1589226
1589316
1589468
1589589
1590728
1590813
1590968
1591022
1591108
1591149
1591191
1591654
1591698
1591755
1592102
1592357
1593017
1593051
1593223
1593332
1593406
1593561
1593706
1594013
1594245
1594362
1594665
1594759
1594823
1594876
1595225
1595515
1595548
1596138
1596338
1596394
1596647
1596662
1597019
1597335
1597357
1597580
1597593
1598068
1598603
1599459
1599681
1599691
1599881
1599896
1600081
1600281
1600304
1600495
1600560
1600688
1600783
1600878
1601062
1601141
1601772
1601834
1602113
1602322
1602513
1602524
1602650
1602898
1602951
1603310
1603436
1604212
1604790
1604909
1605071
1605209
1605238
1605959
1606247
1606755
1606763
1607004
1607288
1607316
1607329
1607492
1607503
1607523
1607734
1607837
1608036
1608091
1608389
1608468
1608808
1608814
1609070
1609284
1609482
1609507
1609591
1609795
1610026
1610161
1610194
1610403
1610578
1610589
1610749
1610921
1611007
1611142
1611290
1611399
1611991
1612095
1613366
1613496
1613871
1614142
1614558
1614568
1614663
1614807
1615097
1615341
1615557
1615724
1615945
1616015
1616063
1617158
1617223
1617437
1617500
1617649
1617674
1617719
1618287
1618416
1618777
1618891
1618974
1619769
1620097
1620283
1620389
1620477
1620639
1620794
1621029
1621080
1621302
1621690
1621778
1621808
1622934
1623149
1623249
1623901
1623913
1623981
1624153
1624468
1624750
1624844
1624851
1625068
1625843
1626161
1626215
1626370
1626525
1626779
1626945
1627610
1628108
1628364
1628413
1628455
1628597
1628617
1628728
1628922
1629003
1629432
1629456
1629700
1629748
1629848
1630013
1630368
1631151
1631183
1631442
1631978
1632083
1632225
1632942
1633074
1633191
1633211
1633239
1633438
1633651
1633927
1634001
1634032
1634118
1634192
1634280
1634744
1635413
1635493
1635644
1635959
1636153
1636612
1636631
1636878
1637094
1637454
1637722
1637937
1638376
1638406
1638584
1638851
1638932
1639085
1639152
1639636
1639719
1640188
1640253
1640317
1640345
1640356
1640450
1640821
1640959
1641324
1641504
1641574
1641589
1641796
1642087
1642106
1642300
1642514
1642707
1642938
1643210
1643653
1643708
1643718
1643965
1644080
1644299
1644448
1644706
1644826
1645192
1645320
1645347
1645960
1645975
1646147
1646501
1646999
1647172
1647364
1647492
1648831
1648894
1648943
1648946
1649034
1649091
1649285
1649580
1649677
1649751
1649905
1650111
1650172
1650213
1650253
1650400
1650503
1650735
1651082
1651093
1651150
1651476
1651531
1651779
1652550
1652595
1652622
1652885
1653155
1653280
1653387
1653852
1653924
1654279
1654423
1654961
1654986
1655126
1655127
1655446
1655542
1655580
1656125
1656181
1656190
1656388
1656818
1657000
1657022
1657314
1657354
1657723
1657786
1657821
1657857
1658132
1658278
1658376
1658530
1658612
1658792
1658812
1658833
1659337
1659764
1659841
1659954
1660211
1660353
1661061
1661076
1661123
1661354
1661365
1661397
1661805
1661995
1662308
1662494
1662824
1662901
1662993
1663455
1663724
1663992
1664158
1664246
1664409
1664419
1664577
1664683
1664798
1664996
1665050
1665330
1665463
1665529
1666144
1666290
1666478
1666578
1666618
1666708
1666921
1666960
1667188
1667258
1667293
1667439
1667577
1667705
1667745
1667956
1668005
1668267
1668430
1668455
1668537
1668658
1669175
1669213
1669221
1669688
1669841
1670059
1670322
1670333
1670432
1671289
1671391
1671499
1671636
1671733
1671940
1672087
1672723
1672795
1673075
1673135
1673259
1673437
1673578
1674018
1674031
1674212
1674356
1674531
1674603
1674735
1674780
1674872
1675404
1675621
1675821
1676112
1676374
1676837
1676918
1677039
1677581
1677593
1677643
1678131
1678181
1678238
1678421
1678505
1678527
1678726
1678781
1678843
1678907
1678985
1679078
1679269
1679572
1679653
1680057
1680402
1680516
1681015
1681162
1681315
1681583
1681652
1681811
1681848
1681951
1681955
1682218
1682296
1682597
1682825
1682970
1683548
1683886
1683991
1684157
1684212
1684258
1684323
1684379
1684663
1684805
1685005
1685271
1685919
1685968
1686232
1686530
1686854
1686867
1686971
1687004
1687043
1687083
1687383
1687628
1687683
1688053
1688168
1688614
1688731
1689101
1689278
1689400
1689663
1689729
1689860
1689962
1690020
1690090
1690284
1690346
1690454
1690524
1690983
1691036
1691556
1691585
1691787
1691803
1692124
1692183
1692333
1692381
1692391
1692637
1693015
1693106
1693148
1693344
1693409
1693480
1693646
1693833
1694100
1694132
1694250
1694258
1694337
1694399
1694430
1694561
1694729
1694832
1694966
1695039
1695121
1695200
1695317
1695641
1696261
1696263
1696427
1696508
1697214
1697504
1697515
1697529
1698085
1698113
1698206
1698307
1698926
1699597
1699681
1699896
1700166
1700281
1700313
1701309
1701525
1701866
1702052
1702243
1702338
1702785
1702930
1703406
1703615
1703693
1703802
1704779
1704841
1704934
1705237
1705309
1705561
1705597
1705644
1706042
1706205
1706425
1706617
1706668
1706781
1706998
1707173
1707422
1707593
1707601
1708168
1708176
1708542
1708717
1709129
1709141
1709398
1709602
1709721
1709777
1709780
1710000
1710112
1710340
1710387
1711240
1711362
1711411
1711630
1711737
1712015
1712116
1712433
1712574
1712877
1713217
1713463
1713735
1713899
1713964
1714194
1714366
1714433
1714552
1715008
1715097
1715453
1715660
1716220
1716767
1717044
1717118
1717231
1717468
1718413
1718735
1718943
1718950
1719433
1719568
1719796
1719819
1720555
1720565
1721160
1721211
1721259
1721985
1722043
1722047
1722257
1722420
1722640
1723590
1723603
1723880
1723926
1724233
1724327
1724372
1724695
1724835
1725003
1725983
1725989
1726450
1726488
1726868
1726901
1726922
1727524
1727601
1727726
1727775
1728367
1728749
1728888
1729004
1729481
1729525
1729847
1729912
1729944
1730211
1730340
1730515
1730990
1731245
1731850
1732084
1732959
1733049
1733379
1733700
1733889
1734016
1734595
1734595
1734709
1734762
1734838
1734854
1734914
1735268
1735299
1735692
1735697
1735732
1736239
1736585
1736592
1736650
1736715
1736771
1736797
1736831
1736834
1737301
1737459
1738057
1738061
1738257
1738422
1738713
1738922
1739164
1740042
1740231
1740462
1740528
1741173
1741633
1741727
1741828
1741906
1742196
1742705
1742745
1742915
1743127
1743130
1743275
1743594
1743678
1743710
1743984
1744062
1744240
1744476
1744731
1745064
1745121
1745129
1745139
1745514
1745563
1746072
1746084
1746229
1746268
1746351
1746625
1746750
1747215
1747376
1747476
1747544
1747730
1747877
1747922
1747971
1748105
1748198
1748380
1748423
1748467
1748790
1748866
1748907
1748967
1748990
1749098
1749136
1749283
1749643
1749831
1749857
1749926
1750382
1750406
1751525
1752089
1752853
1752883
1753016
1753035
1753085
1753086
1753547
1753562
1753659
1753701
1753899
1754405
1754610
1754765
1755175
1755292
1755639
1755708
1755716
1755945
1756394
1756768
1757102
1757453
1757478
1757703
1757981
1758074
1758427
1758646
1759187
1759426
1759522
1759637
1759823
1760214
1760319
1760465
1760479
1760612
1760685
1760919
1761515
1761837
1761985
1762049
1762142
1762214
1762344
1762452
1762744
1763123
1763420
1763588
1763600
1763937
1764018
1764187
1764221
1764325
1764570
1764694
1765025
1765422
1765614
1765641
1765819
1766123
1766169
1766450
1766589
1766664
1766693
1766975
1767342
1767421
1767791
1767957
1768445
1768530
1768550
1768822
1769249
1769324
1769558
1769891
1769895
1769976
1770368
1770416
1770450
1771044
1771094
1771102
1771112
1771113
1771173
1771529
1771786
1772592
1772693
1773136
1773157
1773236
1773442
1773510
1773555
1773555
1773628
1773742
1773769
1773914
1774145
1774266
1774274
1774425
1774529
1774576
1774873
1775070
1776062
1776177
1776381
1776647
1776713
1776770
1776905
1777050
1777212
1777389
1777921
1778182
1778464
1778822
1778885
1779252
1779290
1779416
1779696
1780000
1780130
1781013
1781047
1781150
1781211
1781215
1781260
1781262
1781429
1781682
1781705
1781739
1781753
1781988
1782274
1782335
1782893
1782908
1783263
1783456
1783909
1783946
1784026
1784127
1784188
1784278
1784309
1784341
1784609
1784728
1784766
1784932
1785115
1785687
1785846
1786686
1786949
1786998
1787555
1787785
1787815
1787886
1787892
1787916
1788255
1788747
1788774
1789175
1789189
1789456
1789526
1789828
1789889
1789931
1790377
1790382
1790402
1790504
1790721
1790877
1791380
1791477
1791583
1791702
1792058
1792107
1792154
1792171
1792406
1792531
1792557
1792734
1792852
1792954
1793144
1793160
1793396
1793522
1793735
1793950
1794025
1794118
1794445
1794571
1794655
1794971
1795022
1795180
1795403
1795527
1795547
1795573
1795669
1795747
1795783
1795826
1795866
1795896
1796033
1796160
1796169
1796265
1796575
1796807
1797124
1797570
1797704
1797801
1797990
1798305
1798341
1798792
1798831
1798880
1798912
1799068
1799140
1799505
1799535
1800022
1800087
1800163
1800182
1800399
1800412
1800547
1800754
1801095
1801163
1801167
1801232
1801639
1802447
1802512
1802606
1803156
1803790
1803835
1804044
1804407
1804536
1804637
1805015
1805053
1805130
1805187
1805799
1805977
1806219
1806574
1806680
1806785
1806823
1806830
1807645
1807740
1807887
1808143
1808155
1808373
1808890
1808972
1809063
1809240
1809257
1809360
1809436
1809861
1810060
1810115
1810707
1811244
1811312
1811692
1811738
1812080
1812299
1812386
1812730
1812746
1812992
1813081
1813081
1813458
1813527
1813640
1813730
1813740
1814033
1814115
1814319
1814787
1815067
1815243
1815479
1815648
1815831
1815862
1816281
1816624
1816708
1816751
1816756
1816897
1817068
1817545
1817736
1817805
1817954
1818168
1818194
1818371
1818403
1818636
1818696
1818843
1818938
1818996
1818999
1819176
1819340
1819480
1819506
1819604
1819626
1819765
1819977
1820156
1820183
1820554
1820641
1820918
1820995
1821228
1821417
1821456
1821466
1821750
1821958
1822091
1822120
1822215
1822341
1822451
1822563
1822608
1822659
1822711
1822736
1822750
1822813
1822891
1822957
1823165
1823268
1823466
1823801
1824415
1824427
1824803
1825315
1825429
1825463
1825736
1825832
1826114
1826125
1826395
1826634
1826721
1826792
1827143
1827658
1827736
1827758
1828017
1828023
1828187
1828190
1828909
1828944
1829611
1829886
1830074
1830218
1830431
1830484
1830584
1830641
1831453
1831810
1831841
1832015
1832064
1832257
1832310
1832496
1832660
1832857
1832867
1833231
1833469
1834633
1834788
1835384
1835480
1835545
1835606
1835911
1836110
1836139
1836167
1836174
1836195
1836446
1836460
1836766
1836795
1836876
1837167
1837267
1837622
1837999
1838033
1838322
1839079
1839163
1839242
1839423
1839551
1839606
1839651
1839698
1839770
1839959
1840234
1840323
1840655
1840998
1841197
1841487
1841540
1841659
1841813
1841893
1841951
1842041
1842176
1842214
1842237
1842306
1843056
1843257
1843290
1843380
1843501
1843505
1843534
1843611
1843695
1843706
1843737
1843883
1844005
1844191
1844390
1844615
1844620
1844944
1845063
1845077
1845118
1845390
1845608
1845872
1845938
1845963
1846117
1846249
1846321
1846426
1846460
1846488
1846687
1846816
1846840
1846873
1847225
1848028
1848203
1848350
1849025
1849042
1849148
1849184
1849242
1849830
1849921
1850320
1850996
1851150
1851218
1851481
1851755
1851842
1851916
1852313
1852343
1852379
1852508
1853039
1853040
1853227
1853695
1853887
1854170
1854180
1854347
1854558
1854932
1854989
1855007
1855058
1855245
1855443
1855457
1855536
1855549
1855680
1855700
1855795
1856119
1856495
1856525
1856914
1857465
1857554
1857742
1858253
1858500
1858605
1858933
1858949
1859059
1859068
1859311
1859394
1859480
1859617
1860611
1860780
1861019
1861185
1861260
1861412
1861604
1861767
1862202
1862279
1862427
1862650
1862960
1863169
1863216
1863464
1863869
1863981
1864046
1864353
1864591
1864607
1864940
1864968
1865013
1865129
1865336
1865560
1865860
1866151
1866342
1866446
1866716
1866974
1867263
1867463
1867548
1867917
1867942
1867991
1868065
1868530
1868631
1868653
1868750
1868807
1868845
1868998
1869113
1869282
1869339
1869417
1869517
1869731
1869789
1869808
1870047
1870294
1870410
1870705
1870836
1870938
1870981
1871176
1871364
1871517
1871549
1871553
1871674
1871801
1871823
1871825
1871945
1871952
1872165
1872613
1872635
1872796
1872886
1872929
1873327
1873423
1873431
1874320
1874572
1874724
1874845
1874907
1875043
1875043
1875529
1875575
1875861
1876060
1876181
1876223
1876412
1876528
1876994
1877030
1877035
1877186
1877230
1877253
1877704
1877988
1878039
1878042
1878195
1878262
1878296
1878507
1878518
1878521
1878704
1878792
1878866
1878931
1879061
1879115
1879356
1879531
1879926
1880160
1880411
1880462
1880688
1880728
1881012
1881047
1881090
1881112
1881258
1881264
1882095
1882553
1882664
1882817
1882855
1883048
1883428
1883724
1884037
1884235
1884288
1884506
1884548
1885182
1885240
1885692
1885880
1885932
1886762
1886936
1887424
1887463
1887496
1887755
1887896
1888087
1888112
1888197
1888563
1889248
1889999
1890184
1890238
1890704
1890737
1890861
1891164
1891200
1891211
1891254
1891323
1891921
1892059
1892260
1892479
1892497
1892859
1892978
1893444
1893516
1893727
1894072
1894170
1894492
1894527
1894916
1895526
1895553
1895692
1896113
1896469
1896592
1896817
1897259
1897571
1897643
1897804
1897847
1897853
1897965
1898028
1898072
1898191
1898264
1898306
1898335
1898406
1898432
1898530
1900395
1900412
1901000
1901442
1901925
1901947
1902001
1902077
1902193
1902225
1902752
1902822
1903187
1903368
1903583
1903686
1903891
1903974
1904004
1904614
1905431
1905813
1906069
1906086
1906345
1906359
1906720
1906720
1906831
1907038
1907206
1907373
1907401
1907407
1907924
1907973
1908201
1908345
1908463
1909126
1909201
1909651
1909741
1910165
1910169
1910261
1910586
1910799
1911159
1911372
1911412
1911432
1911444
1911505
1911687
1911693
1911775
1911849
1912012
1912109
1912129
1912141
1912264
1912365
1912367
1912399
1912466
1912700
1912716
1912914
1913148
1913203
1913297
1913463
1913634
1913769
1913793
1913831
1913850
1913888
1913894
1914212
1914931
1914936
1915085
1916294
1916437
1916503
1916559
1916592
1916903
1917133
1917334
1917400
1917409
1917681
1917729
1918062
1918375
1918384
1918426
1918814
1919105
1919349
1919353
1919430
1919612
1919763
1919805
1919972
1920523
1920601
1920647
1920700
1920770
1920860
1921061
1922557
1922600
1923171
1923331
1923697
1923717
1923829
1924089
1924108
1924337
1924443
1924520
1924775
1924850
1924856
1924907
1924957
1925271
1926007
1926203
1926339
1926384
1926543
1926889
1926895
1926898
1927077
1927111
1927565
1927804
1928228
1928420
1928981
1929020
1929021
1929127
1929145
1929151
1929712
1929835
1929931
1930043
1930256
1930371
1931306
1931564
1931923
1931998
1932077
1932217
1932318
1932340
1932524
1932858
1933009
1933020
1933139
1933286
1933373
1933922
1934228
1934239
1934537
1935093
1935189
1935559
1935600
1935719
1935878
1935927
1936031
1936303
1936700
1936988
1937015
1937378
1937434
1937597
1937643
1937795
1938101
1938355
1938681
1938698
1939150
1939523
1939551
1939736
1939750
1939766
1939846
1939959
1940369
1940414
1941206
1941307
1941443
1941460
1941652
1941799
1942059
1942567
1942689
1942821
1943217
1943227
1943257
1943279
1944070
1944261
1944310
1944509
1945464
1945858
1946229
1946359
1946417
1946573
1947007
1947546
1947585
1947628
1947657
1948621
1948669
1948714
1948941
1949173
1949189
1949304
1949372
1949645
1949662
1949956
1950170
1950686
1950762
1950790
1951186
1951342
1951878
1952006
1952146
1952164
1952170
1952339
1952677
1952798
1952917
1953103
1953165
1953293
1953808
1953994
1954066
1954279
1954807
1954874
1954900
1955258
1955263
1955382
1955583
1955723
1955835
1955893
1955979
1956123
1956300
1956512
1956625
1956703
1956733
1956881
1957108
1957576
1957606
1957615
1957676
1957739
1958395
1958529
1958726
1959129
1959254
1959385
1960347
1960431
1960480
1960710
1960841
1960850
1961054
1961308
1961347
1961371
1961533
1961614
1961660
1961764
1961998
1962689
1963007
1963717
1964066
1964354
1964534
1965588
1965850
1966232
1966376
1966937
1967342
1967953
1968820
1969099
1969167
1969192
1969496
1969632
1969766
1969857
1969960
1970035
1970087
1970310
1970776
1970810
1971050
1971237
1971395
1971457
1971802
1972116
1972187
1972321
1972853
1972898
1973018
1973019
1973256
1973408
1973583
1973701
1973861
1973974
1974604
1974737
1975547
1975642
1975708
1976172
1976262
1976377
1976564
1976675
1976680
1976757
1976925
1976976
1977161
1977681
1977737
1977762
1977863
1978142
1978521
1978661
1978960
1979202
1979296
1979792
1980048
1980053
1980383
1980470
1980706
1980982
1981318
1981322
1982079
1982214
1982357
1982447
1982468
1982620
1982646
1982870
1982893
1983009
1983204
1983269
1983333
1983431
1983754
1984026
1984287
1984507
1984756
1984881
1985050
1985309
1985413
1986098
1986206
1986216
1986475
1986508
1986567
1986928
1987084
1987254
1987256
1987299
1987754
1988024
1988837
1989124
1989362
1989494
1989922
1990238
1990397
1990402
1990467
1990495
1990590
1990924
1991101
1991103
1991288
1991704
1991796
1991806
1991817
1991941
1992075
1992342
1992371
1992644
1992742
1993155
1993230
1993407
1993431
1993518
1993646
1993870
1994041
1994409
1994436
1994753
1995053
1995105
1995557
1995845
1995873
1995953
1996089
1996993
1997326
1997470
1997549
1997964
1998095
1998227
1998603
1999138
1999167
1999179
1999265
1999309
1999467
1999475
1999498
1999892
1999966
1999995
