47 ms..
24
275
284
309
485
616
775
1013
1217
1451
1486
1806
1907
2048
2191
2736
2751
3031
3282
3307
3417
3477
3731
3746
3917
3925
4028
4432
4776
5210
5299
5437
5491
5666
6235
6711
6969
7048
7105
7396
7471
7904
7907
8479
8595
8856
9225
9295
9434
9695
9722
9796
10101
10453
10562
10648
10830
10978
11300
11300
11667
12004
12222
12233
12354
12550
12947
13248
13351
13490
13675
14285
14490
14926
15669
16084
16099
16133
17205
17331
17460
17719
17826
17871
17892
17944
18385
18582
18879
18978
19527
19580
19740
19827
20588
20621
20727
20937
21002
21130
21758
22029
22238
22299
22377
22462
22675
22771
23155
23170
23456
23965
24002
24095
24236
24334
24392
24638
24666
24862
25008
25174
25387
25489
25611
25698
25797
25907
25934
26114
26389
26641
26970
27120
27280
27326
27519
27558
27778
28097
28182
28422
28866
29070
29345
29586
29641
29677
29879
29890
30021
30394
30889
30974
31551
31673
31794
31846
32181
32337
32365
32432
32469
33273
33723
34098
34125
34616
35257
35726
35792
36774
37079
37219
37228
37482
37748
38341
38404
38500
39008
39650
39773
39832
39997
40208
40213
40379
40421
40692
40698
40912
41349
41539
41884
41977
42264
42317
42322
42330
42364
42480
42865
42985
43029
44049
44133
44199
45072
45592
45842
46052
46612
46743
46986
47188
47394
47448
47895
47997
48503
48713
49186
49496
49917
49934
50019
50103
50254
50746
50843
50971
51065
51177
51339
51954
52017
52231
52350
52487
53262
53342
53384
53483
53707
54114
54158
54202
54211
54532
54584
54831
55112
55178
55408
55562
55721
55835
56056
56267
56335
56579
56731
56888
57021
57361
57521
57594
57821
57848
57912
57915
57986
58037
58397
58427
58899
59161
59458
59558
59624
59709
59891
59986
60131
60239
60303
60370
60781
60914
61068
61281
61406
61984
62393
62635
62831
62859
63414
63561
63759
64111
64414
64506
64549
65009
65015
65113
65327
65392
65530
66223
66433
66760
66834
67366
67522
67668
67771
68015
68042
68370
68407
68763
68828
69012
69110
69489
69753
70031
70475
70551
70588
70733
70744
70929
71101
71267
71413
71460
71475
71478
71814
71944
72273
72290
72701
73011
73068
73676
74054
74096
74587
74659
74699
74915
74995
75148
75349
75419
76033
76196
76435
76915
76997
77066
77495
77557
77669
77921
78281
78307
78477
79002
79421
79503
79530
79738
80516
80924
80962
81106
81226
81742
81817
82285
82634
83192
83217
83751
83753
84030
84431
84895
84953
85400
86072
86205
86477
86564
86898
87130
87203
87290
87342
87379
87431
87602
87642
87762
87885
87954
88126
88134
88140
88158
88418
88436
88447
89121
89234
89512
89519
89712
89966
90097
90325
90569
90619
90755
90804
90808
91260
91281
91301
91564
91828
91866
91944
92215
92408
92449
92565
92610
92888
93193
93379
93463
93980
94576
94736
95356
95813
95828
95839
96081
96138
96171
96394
96602
96604
96624
96669
96692
96860
97162
97316
97318
97327
97703
97765
97936
98606
98869
99038
99140
99210
99290
100103
100642
100825
100946
100971
101162
101233
101397
101786
101921
102235
102345
102540
102683
102765
102825
102991
103013
103175
103331
103411
103435
103708
103719
103762
103922
104046
104386
104443
104744
104819
105010
105030
105987
106194
106197
106248
106396
106450
106492
106852
107569
107741
107806
108145
108170
108346
108473
108733
108795
108840
109103
109629
110850
110929
111146
111155
111412
111429
111584
111836
112174
112326
112327
112346
112503
112617
112738
112793
112839
113013
113141
113171
113347
113560
113626
113677
114084
114108
114236
114327
114585
114823
114875
115051
115269
116130
116463
116728
116959
117263
117480
117982
118045
118086
118343
118426
118456
118666
118784
118838
118980
119442
119688
119797
120211
120334
120879
121048
121411
121498
121712
121942
122035
122749
122831
122853
123039
123046
123651
123801
123856
124222
124431
124792
124878
125059
125143
125147
125339
125791
125832
125990
126034
126417
126550
126644
126812
127279
127564
127632
127712
128211
128659
128923
128999
129151
129429
129481
129598
129798
129809
129890
129933
130043
130478
130557
130592
130772
130794
130961
131028
131114
131767
131858
132091
132300
132940
133269
133360
133433
134026
134158
134258
134300
134561
134694
134793
134882
134908
135210
135342
135565
135586
136177
136421
136527
136835
136957
137214
137215
137313
137669
137701
138272
138318
138454
138704
138745
138969
138975
139025
139091
139466
139732
140473
141135
141278
141506
141598
141923
142332
142550
142651
142753
143055
143358
143407
143451
143546
143673
143686
143765
144089
144117
144361
145193
145298
145490
145637
145642
145740
145878
145977
146223
146670
146923
147124
147281
147674
147808
148451
148876
148902
149262
149306
149510
149696
150530
150747
151445
151470
151632
151723
151858
151983
152044
152116
152118
152704
153285
153322
153565
154157
154226
154369
154838
154900
154917
154921
155116
155517
155576
155656
155716
155985
156342
156381
156590
156887
156959
157294
157379
157385
157962
157992
158872
158953
159481
159539
159714
159783
160009
160293
160327
160500
160704
160792
160969
161033
161062
161227
161299
161371
161461
161477
161601
161850
161863
162136
162719
162729
162783
162936
162942
163190
163353
163678
163917
164015
164080
164086
164256
164502
164505
164607
164734
164964
165345
165411
165478
165631
165659
165882
166271
166335
166406
166656
167775
167799
168168
168458
168550
168617
168648
168897
169179
169263
169642
169860
169985
170216
170241
170694
170767
171108
171610
172009
172069
172966
172969
173319
173497
173542
173870
174230
174407
174454
174645
174745
175079
175241
175295
175306
175862
176043
176054
176296
176407
176485
176967
177256
177787
177920
178029
178087
178217
178259
178291
178435
178574
178583
178595
178724
179082
179314
179385
179459
179683
179712
179857
179898
180058
180116
180158
180174
180193
180226
180543
180549
180588
181273
181472
181540
181617
181874
182202
182440
182470
183085
183405
183664
183848
184538
184546
184559
185082
185433
185436
185552
185668
185753
185875
185914
186008
186054
186412
186741
186824
186826
187170
187609
188394
188428
188561
188902
189070
189250
189380
189552
189566
189615
189871
190786
190927
191128
191917
191923
192156
192357
192379
192542
192557
192587
192598
192904
193221
193315
193408
193481
193682
194380
194525
194734
194827
195518
195674
195740
195908
195993
196025
196164
196219
196600
196629
196880
197021
197202
197739
197834
197963
198439
198741
199051
199306
199338
199596
199793
199899
200036
200202
200753
200901
200930
200933
201057
201318
201778
201826
201935
202162
202551
202584
202720
202831
202858
202922
203570
203650
203692
203832
204132
204162
204422
204433
204812
205381
205536
205849
206002
206038
206654
206753
206771
206917
207059
207167
207694
207842
207952
207985
208051
208082
208087
208676
209196
209420
209548
209699
209727
209976
210050
210271
210668
210709
210711
211014
211270
211329
211535
211602
211640
211927
211972
212036
212244
212284
212587
212697
212803
212939
213374
213481
213718
214062
214212
214246
214277
214384
214400
214424
215148
215630
216192
216540
216689
217227
217357
217540
217567
217573
217845
218143
218152
218197
218338
218339
219071
219295
219643
219718
219724
219801
220247
220277
220442
220512
220721
220757
221155
221699
221870
221944
222293
222382
222398
222411
222907
223059
223060
223495
223568
223708
223761
223987
224132
224137
224319
224627
224752
225275
225344
225649
225915
226351
226438
226451
226684
226945
227774
228109
228226
228590
228694
228750
229190
229301
229575
229633
229771
230592
230595
230970
231153
231166
231176
231478
231629
231636
231675
231841
232017
232306
232483
232639
233672
233721
233930
234179
234235
234548
234721
235204
235245
235694
236409
236852
237645
237882
238123
238286
238535
238567
238851
238972
239019
239291
239395
239861
239945
239945
240088
240201
240574
240717
240969
241418
241599
241767
241826
241980
242349
242572
242645
242669
242688
243003
243047
243373
243453
243502
243588
243783
244993
245247
245347
245581
245630
245631
245667
245798
245803
246156
246627
246872
246894
247452
247612
247723
247757
247794
247880
247938
248285
248493
248582
248872
249075
249452
249510
249527
249610
249772
250892
251330
251472
251777
252492
252508
252833
253350
253745
253967
254041
254278
254501
254633
254655
254669
254676
254933
255122
255218
255343
255387
255991
256085
256287
256308
256563
256573
256587
256963
257515
257862
258244
258312
258477
258569
258668
258689
259545
259582
259713
259795
259956
260036
260237
260442
260688
260994
261043
261191
261378
261858
261872
261904
262050
262117
262179
262494
262922
263306
263589
263687
264198
264268
264345
264852
264874
265217
265418
265541
265575
265678
265821
265929
266096
266446
266600
266617
266811
266948
267319
267593
267920
269059
269290
269412
269449
269749
270044
270631
270640
270783
271197
271362
271639
271880
272227
272445
272609
273012
273175
273255
273592
273719
273837
273893
274237
274365
275125
275472
275492
275632
275697
276246
276306
276336
276406
276669
276870
276959
277068
277146
277515
277721
278001
278009
278903
279040
279049
279176
279283
279304
279371
279658
280126
280149
280236
280269
280306
280765
280788
280880
281747
281815
281820
281837
282180
282294
282600
282666
283017
283647
284019
284304
285476
285614
285801
285855
286362
286575
287256
287332
287937
288640
288723
288732
288872
289046
289421
289461
289505
289939
290408
290511
290693
290850
291000
291075
291370
291464
291490
291763
292067
292078
292199
292950
293144
293457
293607
293679
294165
294181
294411
294555
295074
295174
295235
295250
295926
296164
296858
297380
297853
298057
298076
298325
298328
298468
298669
298966
299129
299174
299262
299381
299460
299555
299599
299618
299823
300130
300161
300255
300453
300663
300746
300892
301141
301903
301975
302210
302385
302521
303785
303932
304041
304042
304057
304065
304174
304326
304390
304543
305135
305135
305384
305864
305918
306065
306219
306224
306444
306781
306866
307190
307258
307785
307805
308134
308329
308524
308782
308966
309167
309316
309666
309788
309797
310253
310391
310927
310979
311067
311100
311114
311246
311424
311751
311812
311953
312027
312103
312449
312932
313042
313652
314029
314354
314406
314471
314605
315745
315966
316191
316225
316271
316384
316632
316831
316951
317130
317167
317191
317442
317544
317714
317817
317913
317947
318105
318156
318211
318414
318437
318598
318890
319205
319321
319374
319402
319422
319931
320052
320148
320177
320928
321011
321364
321415
321751
322020
322093
322159
322511
322544
322700
322743
322893
322938
323175
323208
323217
323477
323654
323948
324102
324498
324516
324781
324910
324956
325223
325305
325488
325839
326250
326261
326453
326646
326949
326971
326988
327132
327185
327321
327339
327674
328259
328283
328377
328418
328607
329052
329529
329875
330197
330247
330472
330961
331076
331197
332025
332084
332160
332373
332508
332580
333239
333349
333365
333564
333608
333995
334042
334619
334780
334819
335288
335838
335947
335977
336007
336096
336158
336750
336819
336938
337036
337569
337629
337819
338079
338221
338293
338368
338722
338726
338986
339374
339518
339529
339987
340081
340305
340729
340905
341178
341651
341954
341960
342098
342102
342379
342432
342483
342865
342922
343152
343305
343510
343781
344113
344183
344275
344296
344502
344503
344800
345103
345195
345299
345581
345686
345698
346144
346415
346526
346568
346728
346859
347029
347058
347203
347326
347554
347848
348745
348858
349104
349513
349664
349665
349734
350241
350371
350521
350588
350672
350719
350784
350813
350876
350895
351045
351198
351385
351658
351878
352111
352189
352282
352546
352594
352666
353463
353862
353997
354388
354419
354496
354772
354792
355052
355407
355638
355656
355720
355928
356004
356134
356154
356536
356615
356672
356687
356853
356992
357579
357620
357634
357694
357796
357932
358040
358380
358628
358796
358957
359121
359145
359239
359440
359470
359638
360113
360273
360539
360572
360918
361886
361966
362350
362482
362904
363164
363335
363618
364142
364288
364333
364434
364471
364523
364883
365051
365330
365363
366367
366415
366574
366586
366930
367213
367949
368165
368282
368363
368433
368723
368883
369054
369066
369161
370173
370217
370289
370681
371308
371331
371542
371597
371726
371836
371968
371979
372072
372092
372554
372881
372994
373041
373215
373283
373289
373597
373679
373680
373736
373744
374140
374187
374250
374293
374483
374693
375267
375342
375621
375673
375697
375794
376451
376923
377340
377366
377833
378111
378133
378349
379034
379563
379855
380221
380412
380598
380921
382184
382311
382341
382848
382859
383170
383357
383525
383644
383710
383794
384007
384292
384532
384534
384558
384639
384887
384914
385644
385760
385936
385962
386062
386084
386209
386348
386373
386584
387398
387445
387587
387933
387971
388048
388165
388194
388692
388802
388947
388968
389121
389177
389300
389601
389777
389821
389945
390428
391210
391297
391377
391800
392002
392029
392469
392470
392524
392770
392824
392860
393187
393292
393578
393782
394124
394150
394263
394645
394717
394776
395058
395187
395555
395572
395654
395899
396095
396286
396361
397198
397519
397528
397831
397968
398444
398469
399006
399404
399663
399943
400017
400064
400293
400424
400486
400804
400814
400934
400980
401075
401088
401439
401555
401661
401880
401902
402215
403360
403465
404076
404244
404394
404493
405040
405144
405349
405755
405832
406360
406406
406457
406547
406913
407102
407114
407192
407318
407403
407469
407688
407733
408182
407733
408055
408481
408593
408635
408713
408901
409143
409245
409261
409360
409473
409546
409620
409620
409653
409893
410215
410292
410679
411173
411517
411830
412176
412208
412284
412405
412665
412708
412760
412800
412865
413041
413099
413389
413416
413546
414059
414635
414834
414870
414918
414978
415133
415281
416004
416819
416898
417294
417423
417627
417760
418056
418111
418404
418529
418642
418704
419265
419402
419600
419734
420013
420036
420112
420117
420182
420288
420370
420501
420574
420984
421715
422255
422295
422378
422416
422573
422931
423127
423508
423552
423577
424191
424997
425048
425379
425566
425587
425645
425993
426384
426399
426552
426597
426687
426963
426981
427446
427656
427752
427774
427899
428059
428321
428494
428496
428569
428768
428773
428777
429385
429395
429646
429770
429891
430160
430199
430412
430417
430601
430662
430922
431050
431292
431321
431339
431390
431893
431944
431970
432390
432755
432841
433032
433097
433172
433347
433404
433601
433733
433938
434230
434273
434588
435281
435313
435325
435562
435712
435893
435974
436186
436931
437144
437197
437640
437708
438014
438086
438532
438809
438829
439133
439309
439363
439850
440013
440659
440839
440966
441149
441304
441575
442046
442172
442238
442305
442366
442604
442634
442888
443606
443736
443809
444609
445212
445246
445289
445726
445803
445892
446162
446415
446481
446529
446588
446866
446893
446914
447118
447146
447158
447517
447789
447883
448357
448397
448870
449128
449194
449432
449742
449802
450228
450395
450405
450560
451245
451333
451884
451933
452180
452187
452204
452722
452827
453007
453238
453453
453730
453754
454008
454107
454467
454624
454724
455051
455132
455382
455544
455810
455944
456021
456161
456212
456423
456518
456613
456633
456762
456802
456871
457040
457230
457250
457356
457369
457778
457920
457924
458130
458161
458164
458297
458526
458653
459094
459124
459243
459281
459471
459830
459837
459878
459911
460113
460240
460391
460538
460583
460753
460840
460949
461031
461357
461377
461414
461523
461766
462052
462120
462495
462694
462979
463116
463235
463300
463350
463796
464340
464341
464413
464418
464447
465225
465334
465413
465644
465690
466489
466587
466591
466873
466894
466927
467185
467230
467438
467752
467800
468005
468042
468382
468609
468610
468615
468678
469427
469626
469644
469800
469804
470171
470341
470824
470827
471041
471043
471159
471696
471757
472055
472168
472496
472539
472765
473235
473392
473477
473700
473924
474107
474201
474283
474652
474845
474879
475352
476173
476291
476359
476611
476614
476664
476765
476819
476881
477165
477608
477883
477903
478136
478408
478466
478578
478647
478847
478946
478971
479144
479258
479362
479558
479882
480160
480359
480666
480982
481009
481052
481253
481509
482151
482520
482835
483033
483316
483396
483416
483915
484050
484113
484276
484383
484476
484841
484911
484993
485010
485367
485601
485651
485757
485818
486277
486572
487121
487654
487656
488150
488258
488936
489016
489089
489479
489784
489851
490527
490596
490769
491069
491134
491260
491862
492329
492526
492781
493204
493242
493252
493623
493841
495111
495213
495774
495819
495913
496059
496423
496458
496475
496608
496610
496749
496906
497355
497518
497578
497594
497671
497804
497969
497973
498080
498093
498161
498250
498382
498417
498428
498774
498920
498924
498927
498983
499252
499776
499887
499980
500357
500592
501484
502311
502356
502626
502888
502930
503533
503554
503572
503692
503905
503943
504025
504034
504089
504234
504334
504754
505545
505946
506038
506255
506355
506472
506913
507329
507773
507837
507984
508047
508301
508558
508748
508795
508814
509095
509164
509360
509704
510031
510064
510181
510496
510944
510973
511218
511229
511247
511590
511655
511735
511908
512012
512292
512500
512832
513037
513119
513426
513807
514048
514065
514191
514224
514264
514555
514582
514625
514700
514941
515204
515394
515400
515770
515923
516044
516189
516374
516676
516855
517047
517327
517620
517836
518113
518209
518419
518682
519368
519422
519525
519563
519806
520032
520172
520247
520288
520569
520591
520678
520914
521381
521479
521501
521744
522180
522505
523061
523083
523096
523194
523829
524179
524411
524512
524677
524703
524799
524941
525904
525935
525946
526154
526317
526416
526419
526811
527007
527141
527285
527456
527490
527959
527996
528015
528220
528532
528567
528766
528967
529149
529334
529367
529553
529853
530014
530309
530518
530572
531010
531045
531283
531325
531704
531913
532289
532493
532961
533244
534172
534396
534724
534863
534878
534920
535149
535600
535630
535752
535883
536327
536351
536495
536570
536648
536659
536832
536931
537683
537717
537781
537867
538076
538393
538429
538659
538993
539009
539172
539435
539509
539546
540155
540229
540624
541294
541583
542090
542512
542540
542620
542645
542661
542779
543789
544176
544516
544518
544766
544849
544943
545082
545168
545520
545654
545920
545954
545971
545986
546050
546561
546563
546775
547193
547319
547757
547991
548059
548157
548264
548590
548611
548651
548740
549356
549479
549507
549532
549582
550262
550298
550520
550533
550804
550823
550831
551272
551499
551550
552396
552474
552705
552791
552907
552995
553113
553706
553828
553928
553968
554087
554230
554305
554584
554789
555162
555524
555654
555697
555924
556354
556632
557263
557367
557512
557698
557719
558055
558236
558396
558440
558784
559580
559710
559737
559938
560025
560044
560070
560337
560992
561002
561008
561029
561298
561340
561411
561430
561528
561680
562172
562253
562311
562437
562471
562895
562897
563114
563144
563345
563613
563741
563970
564025
564145
564258
564508
564594
564926
564984
565025
565104
565493
565887
565986
566215
566332
566453
566612
566778
567391
567477
567545
567963
568097
568167
568244
568261
568691
568986
569261
569399
569615
569641
569711
570202
570443
570501
570509
570582
570970
571018
571433
571681
571770
571847
572094
572301
572506
572524
572557
572979
572990
573343
573501
573524
573565
573705
573742
573772
573892
573900
574014
574044
574066
574072
574250
574489
574669
575467
575729
575967
576025
576110
576368
576465
576535
576651
576658
576728
576783
576992
577067
577220
578264
578340
578375
578455
578621
579614
579779
580203
580406
580732
580885
581081
581082
581092
581289
581373
581743
581888
582120
582123
582511
582849
583157
583346
583409
583444
583460
584057
584935
585070
585117
586206
586492
586675
587122
587455
587544
587589
588655
588973
589022
589049
589364
589628
589677
589685
589768
589932
590211
590330
590447
590700
590981
591346
591513
591770
592290
592388
592468
592562
592731
592771
592963
593109
593143
593590
593627
594077
594361
594482
594654
595095
595100
595387
595529
595786
595814
596278
596361
596363
596642
597000
597015
597063
597124
597647
597769
597910
598221
598467
598543
598574
598967
599166
599432
599495
599651
599668
599722
599723
599863
600038
600605
601351
601800
601900
601948
601991
602072
602200
602305
602353
602358
602429
602888
602955
603507
603603
603646
603656
604452
604591
604974
605023
605244
605341
605385
605592
606122
606202
606235
606428
606617
606829
606880
607253
607310
607368
607475
607971
608149
608404
608785
609227
609377
609577
609949
610044
610158
610309
610798
610814
611695
611798
611857
611907
613132
613198
613271
613312
613509
613527
613644
613728
613859
613867
613983
614065
614287
614972
615260
615390
615537
615638
615686
615800
615802
615804
615929
616181
617690
617750
618268
618306
618529
618562
619026
619345
619408
619431
619549
619550
619738
619782
619859
619935
619974
620420
620817
620883
620931
621118
621559
621621
621699
621839
621987
622239
622397
622984
623771
624091
624607
624731
624794
624908
624911
624914
625103
625111
625868
626009
626039
626266
626750
626780
626802
627336
627608
627690
628254
628587
628634
628659
628717
628939
629011
629475
629769
630056
630114
630166
630300
630463
630465
630752
631257
631259
631391
631488
631742
631885
632018
632030
632123
632169
632392
632454
632556
632572
632685
632696
632787
632847
632907
633491
633619
634336
634669
634736
636745
634336
634583
634796
634862
634869
635235
635343
635495
635513
635924
636358
636508
637105
637359
637374
637445
637583
638085
638193
638355
638652
638692
638695
638786
639220
639521
639564
639567
639626
639643
639689
639756
639828
640204
640308
640309
640356
640436
640513
640622
640641
640665
640801
640868
640925
640957
640995
641126
641329
641604
641869
642013
642117
642330
642377
643273
643304
643665
643831
643918
644401
644466
644655
644834
645036
645319
645402
646156
646157
646584
647831
648127
648431
648503
648510
649045
649170
649172
649559
649711
649883
650641
650682
651220
651239
651424
651574
651671
651768
651778
651820
652360
652464
652608
652637
652793
652908
653350
653395
653461
653590
653637
653953
654023
654104
654199
654527
655138
655949
655993
656260
656432
656844
657033
657037
657120
657375
657429
657466
657484
657508
657582
657591
657694
658041
658546
658870
659080
659125
659890
660037
660119
660446
660668
661006
662792
662872
662960
663047
663196
663326
663575
663654
663685
663833
663857
664324
664346
664502
664634
664814
664946
665250
665410
665570
666192
666349
666839
667236
667317
667379
667383
667473
667706
667954
668007
668059
668115
668283
668350
668504
668724
668813
669178
669333
669371
669477
669818
669833
670156
670304
670325
670639
671024
671564
671595
671667
672763
673142
673572
673816
674121
674491
674590
674854
674983
675112
675913
676012
676288
676309
676540
676655
676924
676982
677153
677270
677689
678366
678600
678673
678706
678902
678935
679225
679391
679440
679558
679577
679589
679644
680025
680096
680340
680364
680505
680618
681041
681087
681433
681458
681947
682191
682587
682881
683016
683585
683725
684925
684986
685150
685203
685232
686990
687100
687252
687325
687400
687609
687875
688214
688256
688304
688445
688657
688698
688721
689079
689239
689279
689552
689589
689692
689693
689944
690110
690228
690466
690683
691048
691066
691210
691357
691388
691678
691807
691959
692177
692298
692635
692788
693698
693834
693991
694357
695492
695538
695607
695777
696021
696749
697310
697604
697702
697838
697895
698090
698340
698429
698717
699049
699364
699380
699547
699724
700056
700063
700285
701060
701202
701213
701294
701640
702137
702297
702325
702355
702545
702976
703227
703276
703688
704506
704596
705053
705217
705619
706085
706134
706152
706154
706272
706594
706768
706815
707031
707132
707203
707255
707716
707882
707890
708980
709119
709435
709886
710171
710283
710319
710643
710671
711252
711882
712025
712100
712326
712762
713258
713344
713543
713913
714069
714311
714706
714726
714923
715060
715304
715394
715400
715410
715568
715739
715820
716118
716720
716724
716814
717028
717123
717137
717393
717421
717646
717709
717875
718486
719110
719231
719294
719364
719380
719407
719458
719478
719830
719896
719916
720079
720263
720351
720392
720431
720459
720765
720970
721163
721290
721472
721505
721514
721534
721644
721686
721823
722235
722617
722910
722951
723046
723399
723857
724009
724067
724115
724196
724209
724544
724969
725669
725889
726032
726220
726242
726720
726982
727045
727531
727577
727742
727770
727945
728045
728250
728963
729024
729053
729186
729482
729853
730163
730246
730862
731133
731372
731727
731824
732043
732206
732296
732433
732485
732678
732701
732714
732734
732751
732755
733068
733483
733513
734057
734061
734264
734410
734716
735143
735151
735160
735184
735328
735625
736076
736312
736373
736587
736759
736996
737131
737540
737558
737592
737737
737818
737986
738169
738561
738918
739124
739363
739411
739514
739621
739658
740324
740493
742003
742220
742429
742950
743150
743280
743953
744070
744101
744263
744265
744471
744529
744773
744900
745159
746021
746027
746057
746164
746383
746689
747031
748303
748339
748419
748446
748461
748533
748831
748895
749535
749612
749850
749935
750258
750310
750509
750538
750582
750630
750733
750852
751017
751143
751503
751684
752111
752258
752360
752383
752961
752975
752111
753166
753439
753595
753958
754109
754204
754816
755084
755529
755744
756463
756805
757083
757118
757252
757331
757414
757700
758044
758351
759008
759490
759491
759528
759556
759644
759835
760178
760238
760404
760425
760875
760942
760998
761048
761096
761362
761519
761620
761754
762237
762368
762369
762372
762628
762771
762774
762961
763030
763180
763409
763455
763521
763794
764085
764133
764181
764264
764511
764839
765048
765427
765430
765431
765490
765491
765852
765868
765913
766056
766073
766164
766426
766433
766745
766820
767210
767583
767799
767846
768109
768208
768240
768357
768653
768744
769121
769157
769172
769177
769425
769599
769740
769781
770235
770268
770673
770701
770912
771537
771538
771958
771970
772038
772219
772224
772915
772923
772973
773050
773127
773327
773426
773624
773887
774039
774081
774179
774190
774222
774652
774664
774673
774772
775179
775428
775466
775588
775694
775755
776162
776198
776219
776301
776474
776561
776616
776624
776802
777131
777320
777615
778096
778256
778855
779040
779428
779579
779616
779798
779945
779975
780184
780513
780914
781676
782373
782636
782898
783114
783206
783227
783451
783501
783545
783901
783918
784009
784158
784276
784767
785219
785444
785872
785990
786060
786150
786226
786237
786894
786939
787028
787440
787719
788453
788468
788822
788914
789328
789390
789472
789776
790157
790324
790354
790380
790684
790850
790873
791614
792060
792273
792295
792309
792467
792491
792554
793058
793126
793270
793444
793634
793909
793917
794261
794379
794481
794554
794697
794972
795118
795506
795683
795762
795846
795856
795868
795936
796029
796172
796526
796755
797030
797328
797473
797584
797588
797880
798035
798323
798483
799002
799383
799470
799873
799934
800110
800123
800198
800442
800642
800886
800891
801109
802015
802050
802167
802210
802240
802444
802615
802639
802640
802800
802832
802921
803420
803449
803459
804024
804521
804549
804735
804932
804959
805369
805435
805487
805663
806174
806316
806600
806622
806825
807882
807900
808064
808066
808990
809178
809328
809636
809643
809662
809698
809883
810007
810282
810697
810705
810771
810871
811450
812097
812282
812291
812329
812363
812517
812691
812982
813259
813267
813474
813604
814770
814814
815163
815558
815600
815762
815768
816080
816342
816875
817028
817099
817103
817105
817190
817277
817500
817639
817837
817966
818041
818160
818168
818182
818396
818468
818610
818863
818971
818986
819310
819410
819954
820189
820489
821356
821941
822051
822455
822660
822748
822772
822952
822993
823033
823487
823558
823613
823616
823708
823896
823916
823993
824126
824281
824285
825169
825382
825467
825602
826796
826799
826802
826885
827175
827261
827386
827413
827656
827764
827809
827913
827976
828024
828433
828706
828718
828922
828951
829137
829155
829175
829383
829613
829629
829659
829735
829751
829934
829940
830039
830567
830833
831092
831123
831820
832166
832297
832480
832831
832838
832912
833288
833461
833493
833863
833919
834167
834223
834366
834403
834566
834756
835625
835968
836228
836263
836381
836448
836461
836571
836601
837033
837050
837223
837245
837266
837870
838030
838108
838582
838664
838693
839270
839321
839346
839428
839661
839736
839754
839773
839903
840097
840695
840877
841199
841320
841378
841411
841600
841945
842498
842696
842988
843015
843031
843221
843539
843828
843915
844171
844252
844345
844798
844927
845089
845255
845299
845303
845356
845612
845633
845942
846035
846310
846831
846903
847182
847364
847428
847609
847910
848345
849054
849059
849210
849414
849621
849827
849828
849858
850050
850178
850515
850767
850940
851373
851540
851777
851801
851967
852091
852224
852597
852975
853338
853617
853634
854028
854954
854978
855196
855956
856206
853634
854281
854552
854760
855276
855591
856232
856235
857020
857033
857188
857556
857666
857934
858219
858224
858451
858869
858946
858971
859263
859788
859922
860164
860174
860593
861009
861076
861186
861255
861418
861427
862069
862373
862886
862964
863212
863657
863772
864071
864357
864651
864849
864967
865231
865562
865801
865899
865991
866214
866233
866455
866818
866820
867264
867515
867537
867935
868257
868279
868295
868565
868927
868929
869043
869112
869221
869262
869517
869524
869617
870013
870233
870359
870489
870627
870868
870904
871092
871174
871226
871322
871582
871711
871922
872014
872126
872350
872436
872482
872547
872859
872941
873225
873307
873506
873557
873815
874202
875057
875074
875080
875242
875470
875496
875544
875589
875594
875623
875630
875675
875689
875775
875872
876258
876319
876533
876646
876657
876896
877036
877174
877404
877429
877431
877591
877632
877722
877751
877762
877825
878039
878152
878615
878821
878838
878929
878986
879296
879565
880179
880205
880349
880591
880715
880769
880795
880977
881039
881588
882214
882368
883097
883102
883249
883274
883344
883714
883715
884359
884388
884557
884667
884726
884799
884924
885440
885465
885950
886299
886443
886598
886689
886736
886778
886815
886923
887048
887293
887633
887667
887719
887786
888294
888985
889158
889253
889670
889738
890011
890290
890838
891138
891254
891351
891514
891914
892148
892286
892894
892923
893234
893394
893433
893536
893885
893914
893924
894041
894131
894257
894327
894636
894653
894885
895127
895153
895252
895283
895525
895527
895767
896335
896434
896520
896700
896828
896948
896981
897025
897062
897328
897430
897544
897696
897853
897867
897941
898185
898470
898480
898500
898627
898782
899031
899189
899721
899735
899799
900016
900076
900262
900335
900484
900731
901264
901708
901717
901956
902166
902684
902714
902879
903002
903020
903488
903537
903541
903752
904032
904154
904184
904254
904454
904576
905338
905345
905384
905691
905832
905859
905864
905940
906149
906198
906514
906975
907324
907607
908042
908045
908218
908448
908471
908909
909339
909563
909627
909907
910418
910820
910998
911595
911628
911702
911715
912589
912706
912798
913000
913352
913673
913848
914185
914348
914461
914496
914618
914916
915036
915461
915626
915715
916024
916440
916597
916872
916960
917023
917469
917767
917783
917814
918142
918212
918226
918420
918486
919083
919277
919378
919568
919643
919832
920293
920418
920534
920717
920870
921146
921239
921277
921752
921796
921830
921928
921980
922129
922314
922406
923297
923591
923597
924252
924856
924916
925025
925110
925159
925360
925560
925679
925757
925775
925954
926162
926890
927196
927388
927737
927787
927988
928008
928657
929446
930388
930724
930731
930794
931247
931404
931505
931523
931588
932655
932717
932880
932916
933073
933083
933322
933329
933371
933379
933593
934288
934423
934722
934794
934862
935144
935277
935527
935777
935782
935908
936123
936192
936276
936357
936361
936970
936989
937191
937791
937834
937937
938455
938473
938475
938506
938577
938632
938772
939013
939188
939234
939652
939704
940263
940423
940663
940683
940712
941275
941363
941500
941546
941627
941913
942066
942101
942158
942633
943073
943195
943216
943232
944016
944235
944845
945115
945574
945789
945957
946005
946177
946520
947073
947114
947171
947528
947709
948090
948269
948308
948483
948703
948982
949124
949766
949799
949984
950984
951014
951044
951320
951348
951802
952059
952130
952327
952406
952691
953011
953018
953425
953816
954070
954315
954502
954581
955263
955439
955771
956037
956187
956276
956283
956445
956723
956944
957191
957553
957565
957898
958040
958218
958246
958263
958488
958755
958845
959034
959484
959575
959837
959926
960014
960153
960603
960677
960902
960920
960923
961232
961516
961800
961816
961824
961839
962114
962959
963126
963371
963658
963675
964305
964631
964733
964939
965324
965428
965544
965902
965903
966390
966415
966443
966487
966589
967193
967253
967400
967621
967679
968029
968118
968228
968315
968591
968683
968748
968843
969493
969773
970001
970011
970195
970373
970531
970548
970652
971170
971539
971681
971710
971867
971958
972003
972081
972523
972552
972919
973065
973653
974399
974628
974818
974873
974876
975567
975746
975749
975955
975984
975988
976076
976348
976436
976708
977129
977151
977266
977550
977568
977608
977982
978099
978416
978783
979120
979657
979839
979904
979928
980071
980194
980255
980737
981042
981115
981125
982109
982399
982437
982500
982653
982714
982780
983530
983855
984060
984195
984317
984420
984780
984935
985054
985468
986021
986224
986427
986428
986646
986833
986847
987069
987072
987205
987415
987496
987655
987952
988242
988313
988598
988640
988983
989557
989598
989642
989999
990249
990787
990857
991104
991164
991334
991365
991818
991969
992015
992104
992142
992143
992201
992788
993750
993797
993851
993914
994116
994239
994404
994836
994976
994981
995170
995335
995756
996498
996599
996768
997115
997319
997416
997457
997660
997713
997780
998082
998295
998524
998600
998919
998942
998981
999115
999472
999557
999662
1000026
1000061
1000118
1000232
1000690
1000775
1000931
1001148
1001232
1001436
1001696
1001702
1001789
1001989
1002022
1002176
1002297
1002332
1002623
1002713
1003086
1003229
1003354
1003413
1003984
1004694
1004763
1004901
1004969
1005155
1005976
1006220
1006797
1006806
1007269
1007304
1007439
1007791
1007987
1008029
1008159
1009095
1009548
1009801
1009843
1009957
1010129
1010373
1010405
1010944
1011206
1011299
1011321
1011386
1011771
1011837
1011855
1012128
1012137
1012157
1012451
1012656
1012744
1013572
1013577
1013717
1013862
1014004
1014191
1014406
1014426
1014634
1015394
1015552
1015630
1015727
1016067
1016323
1016349
1016357
1016426
1016468
1016474
1016531
1016597
1016926
1017255
1017269
1017280
1017456
1017458
1017665
1017758
1017841
1018125
1018597
1018840
1019271
1019372
1019577
1020097
1020142
1020155
1020199
1020233
1020255
1020578
1020579
1020902
1020951
1021444
1021510
1021590
1021633
1021719
1021858
1021988
1022010
1022050
1022573
1022886
1022908
1023071
1023642
1023668
1024294
1024333
1024362
1024490
1024578
1024673
1024850
1024926
1024976
1025028
1025118
1025181
1025201
1025312
1025819
1026153
1026302
1027142
1027194
1027357
1027583
1027622
1027757
1027779
1028056
1028400
1029238
1029497
1029551
1029679
1030380
1030605
1030633
1030852
1030885
1030929
1031842
1031847
1031884
1031952
1032105
1032190
1032313
1032354
1032455
1032640
1033013
1033176
1033452
1033639
1033747
1034111
1034292
1034318
1034429
1034435
1034457
1034672
1034972
1034990
1035139
1035140
1035478
1035550
1035703
1035916
1036253
1037696
1038062
1038165
1038364
1038619
1038696
1038824
1038908
1038995
1039210
1039671
1039689
1039751
1039752
1039789
1039808
1039893
1039900
1040385
1040473
1040532
1040865
1041215
1041435
1041651
1041698
1041708
1041820
1042323
1042354
1042509
1042525
1042612
1042924
1042927
1043082
1044229
1044239
1044355
1044418
1044439
1044528
1044552
1044645
1045119
1045216
1045302
1045482
1045620
1045675
1046076
1046130
1046179
1046641
1046661
1047341
1047511
1047873
1048033
1048165
1048205
1048363
1048429
1048591
1048673
1048928
1048947
1049420
1049453
1049755
1049759
1049767
1050047
1050244
1050254
1050331
1050530
1050964
1051043
1051210
1051397
1051447
1051573
1051771
1051790
1051843
1052036
1052200
1052488
1052732
1052929
1053102
1053173
1053175
1053655
1054028
1054076
1054221
1054469
1054568
1054578
1054592
1054948
1055105
1055155
1055312
1056428
1056435
1056524
1056553
1056874
1056936
1056975
1057063
1057114
1057477
1057487
1057532
1058013
1058031
1058384
1058645
1058772
1058916
1059046
1059366
1059785
1059906
1060067
1060200
1060317
1060331
1060992
1061041
1061044
1061151
1061242
1061748
1062138
1062228
1062234
1062516
1063067
1063125
1063322
1063437
1063584
1063824
1064137
1064477
1064528
1064846
1064968
1065342
1065432
1065448
1065523
1066059
1066141
1066259
1066857
1067023
1067270
1067280
1067514
1067527
1067614
1067741
1067774
1068003
1068011
1068149
1068214
1068506
1069108
1069213
1069340
1069424
1069437
1069612
1070008
1070243
1070318
1070939
1071081
1071148
1071444
1071763
1071982
1072142
1072340
1072533
1072726
1072902
1072975
1073279
1073975
1074115
1074508
1074635
1074706
1074765
1075595
1075984
1076104
1076226
1076347
1076529
1076629
1076745
1076929
1077126
1077279
1077399
1077767
1078117
1078725
1078961
1078975
1079307
1079542
1079703
1079746
1079851
1079975
1080031
1080167
1080263
1080659
1080715
1080818
1080881
1080997
1081056
1081079
1081231
1081324
1081461
1081473
1081502
1081552
1081586
1081992
1083264
1083318
1083727
1083939
1084118
1084215
1084412
1084817
1084874
1084996
1085024
1085171
1085399
1085741
1085742
1085961
1086075
1086124
1086220
1086254
1086409
1087551
1087783
1088037
1088219
1088808
1089002
1089181
1089287
1089301
1089405
1089946
1089993
1090645
1091028
1091120
1091126
1091536
1091557
1091619
1091794
1091855
1092158
1092160
1092556
1092796
1092828
1093270
1093298
1093427
1093501
1093735
1093736
1093833
1094013
1094381
1094464
1094473
1094648
1094848
1094931
1095398
1095875
1096023
1096063
1096135
1096147
1096257
1096388
1096392
1096780
1096959
1097033
1097065
1097230
1097373
1097638
1097743
1097889
1097918
1098237
1098301
1098390
1098570
1098589
1098850
1099190
1099257
1099266
1099865
1099942
1100093
1100267
1100355
1100482
1100827
1100853
1100883
1100968
1101970
1102151
1102319
1102859
1103405
1103468
1103553
1103654
1103659
1103687
1103849
1103934
1104252
1104816
1104830
1105334
1105410
1105632
1105634
1106178
1106851
1107061
1107297
1107487
1107507
1107786
1107863
1107893
1107935
1107956
1108220
1108262
1108400
1108845
1109338
1109453
1109582
1109695
1109780
1109911
1110017
1110204
1110384
1110802
1110999
1111016
1111128
1111351
1111516
1111573
1111703
1111752
1111826
1112251
1112317
1112395
1112425
1112549
1112570
1113170
1113406
1113411
1113559
1113733
1113938
1114161
1114493
1114811
1115171
1115301
1115329
1115658
1115960
1116036
1116099
1116169
1116290
1116422
1116666
1116921
1116977
1117323
1117486
1117534
1117554
1117929
1118124
1118169
1118263
1118484
1119199
1119304
1119393
1119415
1119490
1119990
1120117
1121023
1121261
1122183
1122496
1122656
1122682
1122767
1122950
1123414
1123446
1123567
1123745
1123829
1123881
1123934
1123961
1125482
1125576
1125700
1125749
1125991
1126152
1126288
1126409
1126420
1126590
1126665
1126696
1127180
1127187
1127193
1127486
1127524
1127748
1127832
1127866
1127949
1128247
1128251
1128293
1128394
1128516
1128840
1129015
1129335
1129422
1129482
1130237
1130451
1130546
1130791
1130815
1130859
1131042
1131173
1131232
1131678
1132134
1132140
1132410
1132508
1132600
1132678
1132777
1132836
1133061
1133158
1133472
1133651
1134167
1134344
1134514
1134547
1134853
1134923
1135121
1135292
1135296
1135630
1135657
1135710
1135744
1135954
1136139
1136169
1136335
1136463
1136771
1137310
1137446
1137552
1138074
1138096
1138583
1138739
1139280
1139296
1139422
1139432
1139485
1139818
1140028
1140606
1140764
1141283
1141994
1142028
1142710
1142814
1142849
1142914
1143102
1144088
1144100
1144106
1144228
1144483
1144552
1144682
1144867
1145394
1146045
1146792
1147008
1147078
1147078
1147276
1147302
1147328
1147389
1147512
1147950
1147985
1148100
1148202
1148215
1148355
1148432
1148893
1149068
1149492
1149735
1149858
1150088
1150133
1150560
1150658
1151019
1151363
1151513
1151601
1152281
1152403
1152457
1152468
1152542
1152901
1152990
1153056
1153166
1153555
1153632
1153982
1154067
1154147
1154595
1154734
1155228
1155303
1155940
1156006
1156089
1156133
1156200
1156332
1156455
1156632
1156649
1156830
1156922
1156950
1157032
1157336
1157354
1157529
1157574
1158993
1159201
1159380
1159515
1159676
1159803
1159843
1160199
1160226
1160754
1162028
1162245
1162736
1163181
1163325
1163453
1163858
1164047
1164074
1164178
1164185
1164234
1164475
1164619
1164747
1164936
1164938
1164988
1165387
1165800
1165871
1165929
1166178
1166200
1166626
1166785
1167097
1167173
1167576
1167794
1167881
1168014
1168162
1168327
1168831
1168859
1169905
1170205
1170276
1170696
1171106
1171180
1168327
1168456
1168685
1169257
1169495
1169669
1169705
1170200
1170955
1171023
1171347
1171395
1171464
1171592
1171677
1171803
1171977
1172175
1172213
1172446
1172868
1172889
1172913
1173044
1173053
1173097
1173711
1173756
1173844
1173862
1174047
1174081
1174152
1174209
1174568
1174568
1174851
1175064
1175268
1175331
1175655
1176100
1176498
1176647
1176815
1176873
1176923
1176940
1176960
1177289
1177527
1177578
1177653
1177761
1177829
1178434
1178464
1178761
1179243
1179342
1179427
1179573
1179854
1179870
1179913
1180323
1180454
1180728
1180930
1181230
1181441
1181522
1181558
1181646
1181646
1181847
1182052
1182103
1182157
1182211
1182359
1182500
1182615
1182814
1182817
1182918
1183041
1183298
1183431
1183660
1184179
1184644
1184698
1184901
1184977
1185450
1185977
1185982
1186795
1187238
1187246
1187292
1187578
1187710
1188025
1188333
1188344
1188554
1189201
1189271
1189492
1189743
1189806
1190031
1190270
1190478
1190597
1190602
1191215
1191260
1191722
1191724
1191787
1191844
1192034
1192060
1192154
1192221
1192352
1192484
1193095
1193121
1193480
1194664
1194912
1195163
1195163
1195316
1195360
1195431
1195525
1195564
1195769
1196145
1196190
1196297
1196314
1196329
1196363
1196733
1196918
1197054
1197201
1197396
1197693
1197876
1198003
1198476
1199275
1199457
1199481
1199753
1199756
1199870
1200105
1200188
1200390
1200467
1200879
1201162
1201354
1201445
1201699
1202092
1202216
1202522
1203213
1203683
1203693
1203922
1204278
1204398
1205201
1206045
1206342
1206517
1206528
1206556
1206568
1206724
1206732
1206967
1207039
1207840
1208054
1208372
1208397
1208554
1209173
1209183
1209226
1209409
1209664
1209751
1210198
1210446
1211732
1211867
1211888
1212213
1212260
1212341
1212919
1213137
1213391
1213478
1214154
1214161
1214298
1214387
1214562
1214909
1215649
1215882
1216393
1216677
1216779
1216795
1216924
1217044
1217581
1217628
1217915
1217995
1218078
1218147
1218265
1218483
1218527
1218919
1219099
1220594
1220602
1220922
1220959
1221350
1222153
1222320
1222550
1222760
1222814
1223020
1223030
1223474
1223678
1223864
1223968
1224187
1224213
1224313
1224443
1224449
1224680
1225109
1225365
1225380
1225463
1225594
1225998
1226083
1226296
1226563
1226812
1227210
1227260
1227466
1228070
1228182
1228199
1228333
1228472
1228574
1228585
1228670
1229253
1229255
1229414
1229793
1230086
1230162
1230320
1230666
1230893
1230899
1230985
1231135
1231378
1232089
1232441
1232487
1232658
1233215
1233389
1233655
1233703
1234429
1234440
1234490
1234559
1234602
1234623
1234707
1234853
1234930
1235018
1235078
1235128
1235326
1235391
1235417
1235544
1235969
1235993
1236004
1236471
1236559
1236727
1236774
1236800
1236859
1236957
1237004
1237523
1237777
1238414
1238526
1238676
1239137
1239567
1239874
1239879
1240019
1240429
1240433
1240556
1240761
1241036
1241094
1241338
1241592
1241932
1242226
1243072
1243096
1243459
1243776
1243811
1243831
1243877
1243974
1243978
1244040
1244094
1244115
1244146
1244234
1244278
1244902
1245449
1245561
1245715
1245750
1245853
1245856
1245873
1246257
1246824
1246838
1246996
1247061
1247126
1247126
1247191
1247426
1247471
1247497
1247698
1247809
1248008
1248560
1248831
1248901
1249233
1249429
1249687
1249836
1250012
1250095
1250123
1250252
1250323
1250843
1251035
1251486
1251502
1251825
1252588
1252622
1252806
1253071
1254261
1254664
1254701
1254729
1255242
1255480
1255761
1255837
1255895
1255943
1256251
1256401
1257229
1257284
1257295
1257329
1257508
1257763
1257788
1258216
1258277
1258478
1258692
1258854
1259257
1259284
1259490
1260235
1260753
1260831
1261008
1261072
1261216
1261262
1261465
1261991
1262111
1262283
1262484
1262530
1262583
1262813
1262891
1263096
1263347
1263547
1263603
1263819
1263834
1264138
1264143
1264422
1264428
1264733
1264994
1265023
1265201
1265412
1265483
1265535
1265561
1265846
1265861
1266087
1266108
1266117
1266343
1267038
1267255
1267577
1267583
1267621
1267861
1268117
1268815
1268970
1269002
1269221
1269244
1269503
1269630
1269669
1269739
1269749
1269926
1270311
1270532
1270538
1271371
1271506
1272046
1272136
1272355
1272508
1272775
1272926
1273015
1273307
1273711
1273724
1273919
1274025
1274144
1274468
1274827
1275021
1275597
1275792
1276056
1276578
1276630
1276879
1277077
1277300
1277340
1277364
1277419
1277544
1277867
1277941
1278011
1278056
1278223
1278472
1278712
1279068
1279129
1279144
1279224
1279373
1279622
1280401
1280431
1280604
1281089
1281644
1281763
1281784
1281911
1282184
1282228
1282923
1282987
1283429
1283548
1283578
1283734
1283765
1283795
1283962
1283984
1284062
1284336
1284383
1284681
1284743
1284800
1285978
1286025
1286078
1286141
1286854
1286913
1287061
1287298
1287591
1287858
1287874
1288093
1288317
1288356
1288572
1288671
1288756
1289373
1289567
1289606
1289666
1290061
1290138
1290360
1290480
1290999
1291035
1291101
1291142
1291440
1291935
1292356
1292663
1292927
1293361
1293408
1293436
1293845
1294153
1294186
1294392
1294492
1294519
1295029
1295577
1296129
1296553
1296770
1297011
1297069
1297173
1297374
1297576
1297893
1298240
1298475
1298579
1298610
1298638
1299115
1299814
1299895
1299951
1300029
1300068
1300109
1300347
1300518
1301034
1301318
1301362
1301557
1301614
1301614
1301963
1302226
1302522
1303324
1303450
1303623
1303666
1303914
1303933
1303967
1304031
1304061
1304359
1304474
1304834
1305026
1305567
1305702
1305727
1306380
1306569
1306683
1306920
1307158
1307175
1307183
1307270
1307544
1307900
1308114
1308238
1308473
1308652
1309026
1309036
1309265
1309330
1309605
1309731
1309934
1310182
1310281
1310420
1310557
1310961
1310983
1311214
1311257
1311675
1311842
1312123
1312633
1313404
1313573
1313628
1314007
1314093
1314141
1314167
1314559
1314589
1314937
1315028
1315232
1315236
1315953
1316431
1316888
1316915
1317505
1317783
1318004
1315236
1315451
1316009
1316370
1317871
1318042
1318665
1318761
1318819
1318820
1318870
1319055
1319264
1319847
1320502
1320568
1320729
1320935
1321021
1321177
1321319
1321466
1321493
1321739
1322155
1322492
1322493
1322822
1322889
1322902
1323149
1323162
1323183
1323217
1323671
1323716
1323744
1323870
1324064
1324212
1324443
1324645
1324729
1324752
1324835
1324911
1324958
1325294
1325607
1325720
1325782
1326495
1327084
1327205
1327277
1327302
1327411
1327449
1327789
1327857
1327883
1328064
1328072
1328615
1328663
1328699
1329280
1329602
1330004
1330446
1330874
1330913
1331026
1331096
1331260
1331726
1331932
1332060
1332337
1332492
1332705
1332714
1332721
1332842
1332925
1333021
1333610
1333754
1333844
1333984
1334024
1334071
1334443
1334627
1334736
1334795
1334802
1335335
1335437
1335488
1335501
1335598
1335877
1335899
1336544
1336803
1337032
1337119
1337398
1337402
1337611
1338077
1338142
1338222
1338319
1338541
1338886
1339066
1339158
1339246
1339417
1339583
1339880
1339963
1340208
1340415
1340521
1340936
1341823
1342026
1342062
1342166
1342266
1342372
1342763
1343011
1343537
1343941
1344138
1344224
1344241
1344744
1344790
1344815
1344980
1344990
1345158
1345362
1345511
1345967
1345983
1346134
1346168
1346693
1346761
1346783
1346799
1347082
1347410
1347502
1347556
1347796
1348027
1348152
1348297
1349064
1349562
1349913
1349962
1350154
1350211
1350450
1350767
1350940
1351421
1351577
1351807
1351864
1352070
1352294
1352480
1352620
1352869
1352984
1353003
1353299
1353320
1353386
1353566
1353619
1353784
1353867
1353962
1354679
1354829
1355227
1355396
1355554
1355912
1356290
1356393
1356409
1356465
1356577
1356694
1356754
1357007
1357348
1357404
1357538
1357739
1358151
1358404
1358460
1358640
1358673
1360091
1360897
1360916
1360962
1360972
1361041
1361042
1361189
1361263
1361596
1361694
1361806
1362619
1362993
1363205
1363342
1363357
1363389
1363408
1363489
1363957
1363991
1364007
1364044
1364160
1364216
1364354
1365050
1365085
1365321
1365357
1365378
1365709
1365935
1366127
1366152
1366381
1366482
1366681
1366821
1367046
1367296
1367520
1367671
1367777
1367786
1367933
1367970
1368109
1368183
1368410
1368668
1368688
1368714
1369331
1369399
1369471
1369704
1369758
1370024
1370233
1370570
1370586
1371533
1371534
1371727
1371737
1371822
1371882
1372220
1372231
1372471
1372481
1372519
1373333
1373440
1373485
1373768
1373973
1374334
1374655
1374742
1375133
1375139
1375224
1375816
1375877
1376164
1376232
1376695
1376885
1376983
1377066
1377343
1377809
1377877
1378252
1378560
1378793
1379170
1379448
1380376
1380575
1381011
1381609
1382100
1382124
1382181
1382248
1382254
1382256
1382407
1382443
1383270
1384104
1384474
1385473
1385555
1385687
1385746
1385814
1385840
1386172
1386306
1386582
1386815
1386836
1386928
1387169
1387371
1387373
1387796
1388124
1388223
1389227
1389258
1389650
1389671
1389897
1390229
1390326
1390562
1390939
1391209
1391743
1391961
1392591
1393085
1393138
1393515
1393578
1393826
1393879
1394415
1394802
1394868
1394874
1395008
1395049
1395269
1395319
1395509
1395647
1395863
1396135
1396150
1396220
1396522
1396636
1396758
1396880
1397386
1397390
1397931
1398226
1399010
1399170
1399499
1399535
1399576
1399701
1399876
1400091
1400104
1400639
1400795
1400827
1400883
1401034
1401832
1402173
1402435
1402720
1403509
1403540
1404055
1404206
1404378
1404508
1404734
1405179
1405464
1405554
1406510
1406514
1406829
1406841
1407062
1407618
1407887
1407960
1408946
1409258
1410214
1410301
1410356
1410444
1410563
1410710
1411113
1411268
1411305
1411668
1411811
1412028
1412146
1412028
1412125
1412324
1412358
1412391
1412598
1412731
1413044
1413382
1413453
1413723
1414021
1414176
1414258
1414320
1414509
1414742
1414764
1415056
1415667
1415728
1415890
1415976
1416268
1416567
1417046
1417053
1417073
1417221
1417494
1417560
1417821
1417902
1417961
1417973
1418426
1418515
1418531
1418790
1418829
1418859
1418990
1419149
1419329
1419481
1419508
1419615
1419726
1419973
1420004
1420122
1420438
1420681
1420697
1420736
1421011
1421316
1421356
1421421
1421529
1421723
1421873
1422375
1422569
1422636
1422743
1423586
1423724
1424586
1424616
1424630
1424630
1425005
1425245
1425505
1425807
1426168
1426267
1426556
1426723
1426725
1426860
1426896
1426899
1428035
1428438
1428460
1428619
1428653
1428727
1428814
1428904
1429032
1429278
1429552
1429656
1429661
1429665
1429882
1430006
1430262
1430459
1430808
1430834
1431611
1431771
1431864
1432090
1432500
1432931
1434128
1434143
1434227
1434293
1434776
1434886
1435044
1435070
1435078
1435233
1435417
1435812
1435920
1435933
1436006
1436115
1436857
1436962
1436972
1437004
1437149
1437714
1437719
1438038
1438063
1438490
1438914
1438921
1438950
1438998
1439199
1439451
1439513
1439680
1440106
1440387
1441076
1441205
1441441
1441713
1441959
1441961
1442175
1442346
1442448
1442470
1442616
1443437
1443507
1443588
1443618
1443984
1444278
1444283
1444329
1444583
1444591
1444668
1444777
1445351
1445391
1445476
1445539
1445539
1445927
1446133
1446295
1446512
1446602
1446708
1447171
1447352
1447360
1447915
1448077
1448121
1448176
1448340
1448354
1448404
1448424
1448526
1448652
1448735
1448858
1449021
1449216
1449341
1449479
1449899
1450192
1450287
1450484
1450529
1451222
1451519
1451585
1451723
1452428
1452694
1452778
1452784
1452955
1453190
1453231
1453266
1453646
1453673
1453696
1453775
1454130
1454296
1454546
1454965
1455044
1455098
1455358
1455653
1455978
1456242
1456382
1456447
1456467
1457015
1457172
1457194
1457241
1457256
1457499
1457655
1457686
1457771
1457905
1458086
1458424
1458555
1458854
1459113
1459427
1459842
1459996
1460209
1460445
1460627
1460761
1460816
1461509
1461775
1461893
1462092
1462229
1462492
1462560
1462561
1462593
1462685
1462877
1462953
1463011
1463218
1463251
1463329
1463346
1463557
1463870
1464843
1465249
1465349
1465398
1465452
1465496
1466326
1467135
1467402
1467593
1467744
1467815
1468366
1468475
1468775
1468845
1469205
1469226
1469748
1469812
1470015
1470048
1470070
1470506
1470745
1470846
1470865
1470893
1471511
1471580
1471652
1471722
1472022
1472221
1472378
1472490
1472626
1472627
1472750
1473396
1472750
1472860
1473393
1473597
1473600
1473621
1474006
1474479
1474493
1474544
1474628
1474866
1475042
1475061
1475115
1475177
1475192
1475423
1475604
1475663
1475682
1475769
1476091
1476410
1476439
1476807
1476956
1477241
1477362
1477402
1477409
1477528
1477803
1478364
1478795
1479084
1479214
1479497
1479613
1480059
1480156
1480434
1480476
1480868
1480995
1481199
1481567
1481694
1481779
1481948
1481983
1482066
1482169
1482241
1482438
1482551
1482584
1482706
1482771
1482776
1482808
1482877
1482881
1483117
1483154
1483361
1483459
1483469
1483684
1483880
1484292
1484642
1485028
1485303
1485612
1485706
1485725
1485850
1486249
1486933
1485850
1486375
1486499
1486954
1487156
1487810
1488310
1489006
1489167
1489425
1489870
1490352
1490467
1490552
1490659
1490765
1490926
1490929
1491163
1491265
1491516
1491535
1492439
1492474
1492979
1493103
1493628
1493810
1494061
1494352
1494528
1494604
1494815
1494881
1495503
1495546
1496023
1496082
1496621
1496871
1497364
1497483
1497557
1497646
1497722
1497837
1498060
1498241
1498840
1499628
1499901
1500332
1500586
1501039
1501111
1501211
1501319
1501521
1501561
1501646
1501680
1501761
1502370
1502523
1502773
1502846
1503179
1503357
1503555
1503894
1504156
1504179
1504192
1504481
1504534
1504766
1504832
1504913
1505002
1505028
1505050
1505326
1505625
1505892
1505896
1505915
1506130
1506273
1506417
1506471
1506982
1507147
1507283
1507349
1507444
1507458
1507476
1507512
1508095
1508284
1508347
1508851
1508857
1508975
1508999
1509257
1509277
1509465
1509552
1509575
1509657
1509709
1509841
1510385
1510408
1510623
1511159
1511168
1511637
1511825
1512132
1512286
1512419
1512489
1512507
1512545
1512850
1513216
1513357
1514592
1514664
1514712
1514592
1514835
1515175
1515336
1515614
1516175
1516203
1516695
1516811
1516864
1516902
1517086
1517321
1517451
1517562
1517679
1517698
1517855
1518085
1518187
1518238
1518281
1518600
1518706
1518836
1519158
1519262
1519364
1519638
1519840
1520090
1520438
1520497
1520571
1520745
1520867
1520896
1521049
1522313
1523097
1523818
1524038
1524073
1524088
1524187
1524571
1524756
1524823
1525296
1525326
1525332
1525640
1525669
1525762
1525776
1526179
1526395
1526461
1526475
1526643
1526781
1526909
1527189
1527450
1527462
1527491
1527675
1527745
1527815
1528266
1528587
1528807
1529087
1529282
1529368
1529512
1529774
1529780
1530146
1530426
1530476
1530638
1530786
1530808
1530872
1530902
1531126
1531309
1531367
1531615
1531629
1531902
1532002
1532114
1532279
1532685
1533021
1533267
1533289
1533395
1533463
1533698
1533896
1533915
1533936
1534725
1534751
1534799
1534835
1534867
1535231
1535949
1536577
1536619
1536644
1536690
1536893
1536913
1537452
1537596
1537662
1537866
1537980
1538066
1538103
1538598
1538646
1538753
1538961
1539175
1539678
1540118
1540359
1540675
1540851
1540943
1541363
1541532
1542132
1542239
1542441
1542649
1542933
1543008
1543091
1543506
1543808
1543894
1544007
1544270
1544605
1544645
1545031
1545233
1545641
1545972
1546236
1546450
1546497
1546525
1546693
1546917
1547060
1547215
1547232
1547515
1547725
1547873
1547900
1547957
1548075
1548247
1548470
1548571
1548606
1548886
1549154
1549211
1549361
1549408
1549842
1550093
1550391
1550546
1550583
1551224
1551541
1551648
1551678
1552076
1552130
1552195
1552375
1552718
1552979
1553640
1553878
1554190
1554285
1554481
1554817
1554903
1555036
1555059
1555305
1555358
1555594
1556304
1556319
1556416
1556461
1556708
1556906
1556923
1557178
1557195
1557363
1557415
1557669
1557962
1558095
1558453
1558682
1558751
1558754
1558985
1559189
1559604
1559636
1559659
1559676
1559880
1559914
1560087
1560227
1560561
1560630
1560678
1560679
1560942
1561145
1561285
1561723
1561726
1561815
1562088
1562276
1562397
1562403
1562432
1562477
1562484
1562521
1562560
1563155
1563183
1563274
1563483
1563537
1563625
1563763
1563912
1564078
1564116
1564352
1564382
1564571
1565074
1565287
1565421
1565652
1566188
1566537
1566776
1566874
1567141
1567242
1567252
1567325
1567716
1567813
1568022
1568407
1568824
1569062
1569231
1569405
1569504
1569567
1569714
1569728
1569792
1570172
1570416
1570719
1570847
1571061
1571118
1571156
1571308
1571687
1571715
1571828
1571956
1572240
1572374
1572742
1572830
1572865
1572932
1572940
1573363
1574074
1574162
1574499
1574508
1574731
1574919
1574988
1575196
1575222
1575324
1576028
1576086
1576366
1576547
1576555
1576934
1577052
1577346
1577406
1577497
1577967
1578184
1578244
1578464
1578525
1578534
1578626
1578965
1579615
1579826
1580366
1580378
1580647
1580776
1580820
1580834
1580861
1581003
1581141
1581247
1581270
1581336
1581563
1581770
1581783
1582318
1582356
1582543
1583094
1583160
1583319
1584037
1584193
1584221
1584327
1584499
1584847
1585063
1585847
1585958
1586601
1586645
1586686
1587024
1587025
1587555
1587692
1587897
1588278
1588490
1588582
1588635
1588823
1588949
1589148
1589222
1589929
1590265
1590416
1590509
1590859
1592184
1592189
1592347
1592396
1592542
1592728
1593011
1593472
1593819
1593862
1593902
1594128
1594184
1594423
1594503
1595037
1595671
1595691
1595730
1595777
1596103
1596296
1596541
1596808
1596830
1597081
1597959
1598010
1598354
1598493
1598507
1598840
1599147
1599217
1599543
1599604
1599710
1599750
1599874
1600093
1600133
1600133
1600250
1600271
1600606
1600737
1600836
1600966
1601187
1601293
1601332
1601443
1601540
1601642
1601661
1601721
1601887
1602009
1602079
1602286
1602433
1603281
1603286
1603304
1603365
1603660
1603880
1604031
1604140
1604149
1604188
1604424
1604928
1605171
1605199
1605377
1605384
1605525
1606121
1606302
1606357
1606579
1606767
1606986
1607210
1607258
1607292
1607366
1607627
1607731
1607887
1607916
1608059
1608244
1608939
1608956
1609150
1609510
1609551
1609818
1609987
1610020
1610186
1610402
1610638
1611390
1611493
1611510
1611789
1611825
1611876
1611903
1612146
1613202
1613657
1614144
1614501
1614956
1615195
1608956
1610569
1613048
1613601
1614937
1615276
1615313
1615643
1615888
1616436
1616738
1617446
1617475
1617491
1617720
1617794
1618033
1618059
1618061
1618384
1618481
1618616
1618692
1618880
1619022
1619188
1619213
1619560
1619623
1619670
1619859
1619872
1619895
1620026
1620512
1620697
1620841
1620879
1621087
1621747
1621812
1622328
1622450
1622719
1622812
1622925
1622929
1623169
1623222
1623701
1623912
1623939
1624620
1624762
1624916
1624982
1625075
1625303
1625472
1625505
1625596
1625739
1625984
1626154
1626257
1626371
1626382
1626668
1626725
1626798
1626830
1627034
1627107
1627515
1627775
1627843
1627884
1628184
1628366
1628600
1628735
1628774
1629456
1629652
1629820
1629873
1629898
1630635
1630801
1630836
1630918
1631355
1631676
1631761
1631803
1631836
1631901
1632161
1632398
1632587
1632640
1632852
1632941
1633211
1633257
1633286
1633553
1633597
1633681
1633909
1634027
1634245
1634278
1634467
1634581
1634698
1635251
1635518
1635592
1635908
1635945
1635974
1636087
1636100
1636112
1636263
1636621
1636743
1636792
1636841
1637002
1637034
1637270
1637272
1637307
1637521
1637563
1637642
1638364
1638590
1638715
1638777
1638783
1638926
1639582
1639607
1640392
1640632
1640632
1640655
1641277
1641342
1641567
1642203
1642533
1643046
1643063
1643179
1643211
1643410
1643779
1644125
1644185
1644538
1644945
1645159
1645291
1645507
1645805
1645809
1645836
1646025
1646920
1647202
1647878
1647879
1647931
1648079
1648123
1648379
1648529
1648664
1649048
1649182
1649198
1649309
1649338
1649540
1649635
1650442
1650507
1650771
1650820
1650974
1650977
1651229
1651355
1651526
1651935
1652113
1652344
1652391
1652511
1652616
1653377
1653491
1653941
1654085
1654297
1654623
1655074
1655168
1655232
1655282
1655318
1655364
1655430
1655591
1655898
1656103
1656129
1656598
1656690
1656721
1657172
1657874
1657938
1658043
1658169
1658231
1658493
1658688
1658763
1658807
1659520
1659806
1659961
1660046
1660246
1660337
1660346
1660347
1660437
1661027
1661090
1661847
1661868
1661928
1661949
1662000
1662095
1662198
1662246
1662257
1662514
1662602
1663145
1663326
1663424
1663515
1663876
1664036
1664087
1664109
1664292
1664297
1664506
1664709
1664926
1665053
1665831
1666048
1666151
1666354
1666752
1666811
1666816
1666845
1666896
1667183
1667341
1667594
1667866
1667930
1668309
1668366
1668430
1668586
1668836
1669207
1669349
1669693
1669836
1670048
1670363
1670432
1670827
1670849
1670889
1671011
1671421
1671728
1671934
1672084
1672188
1672238
1672306
1672448
1672550
1672672
1672739
1673323
1673488
1673745
1673880
1673967
1674122
1674232
1674498
1674737
1674888
1674957
1675086
1675797
1676232
1676254
1676488
1676740
1677061
1677249
1677349
1677576
1677641
1677975
1678048
1678073
1678215
1678738
1679023
1679704
1679724
1679744
1679921
1679970
1679977
1680061
1680566
1680589
1680702
1680774
1680776
1680874
1681366
1681641
1681987
1682078
1682122
1682123
1682138
1682190
1682606
1682657
1682668
1682698
1682770
1683364
1683512
1683537
1683732
1683815
1683955
1684154
1684530
1684794
1685118
1685143
1685197
1685598
1685823
1686195
1686657
1686751
1686775
1686847
1686930
1687037
1687119
1687490
1688025
1688102
1688130
1688186
1688208
1688330
1688389
1688438
1688570
1688615
1688651
1688758
1689168
1689566
1689585
1689803
1690008
1690307
1690427
1690552
1690626
1690815
1690821
1690843
1690937
1690977
1691066
1691197
1691739
1691827
1692006
1692473
1692573
1692724
1692848
1693189
1693198
1693376
1693669
1694071
1694157
1694457
1695249
1695442
1695527
1695960
1696406
1696410
1696676
1696689
1696806
1696991
1697153
1697456
1697526
1697565
1697767
1697785
1698297
1698573
1698616
1698667
1698691
1698774
1698918
1698964
1699192
1699523
1699552
1699764
1699902
1700399
1700742
1701025
1701129
1701326
1701401
1701450
1701589
1701864
1702045
1702404
1702895
1703165
1703260
1703443
1703757
1703869
1704057
1704157
1704277
1704374
1704806
1704864
1705006
1705050
1705210
1705389
1705577
1705610
1705638
1705727
1705911
1706199
1706440
1707122
1707184
1707262
1707700
1707852
1707884
1707887
1708380
1708478
1708549
1709009
1709089
1709790
1709797
1709845
1710153
1710322
1710714
1710874
1710891
1710919
1711073
1711310
1711407
1711425
1711452
1711457
1711842
1711912
1711976
1712001
1712051
1712602
1712668
1713089
1713189
1713416
1713713
1713762
1713988
1714060
1714116
1714301
1714450
1714965
1714976
1715075
1715192
1715308
1716332
1716441
1717155
1717562
1717964
1718074
1718079
1718197
1718603
1718718
1719041
1719050
1719216
1719531
1719567
1719618
1720635
1720651
1720830
1720964
1721401
1721527
1722071
1722948
1723097
1723388
1723452
1723531
1723568
1723781
1723959
1723970
1725555
1725751
1725768
1725894
1726174
1726716
1726812
1726963
1727148
1727755
1728224
1728410
1728793
1728970
1729170
1729198
1729349
1729386
1729670
1729841
1730580
1730669
1730678
1730747
1730875
1730879
1731140
1731145
1731238
1731817
1732496
1732908
1733665
1733848
1733964
1734014
1734398
1734459
1734765
1735076
1735505
1735552
1735752
1735778
1735905
1736642
1736655
1736937
1737038
1737220
1737453
1737632
1737676
1737695
1737834
1738052
1738056
1738118
1738354
1738433
1739021
1739085
1739103
1739169
1739354
1739405
1739473
1739709
1739847
1740311
1740451
1740551
1740730
1740986
1741058
1741494
1741535
1741667
1741784
1742036
1742151
1742253
1742370
1742747
1742776
1743065
1743429
1743562
1743861
1743978
1744002
1744238
1744285
1744310
1744690
1744909
1745625
1745675
1745924
1746177
1746294
1746363
1746503
1746651
1746670
1746718
1747170
1747725
1747731
1747771
1747773
1747965
1748103
1748173
1748552
1748721
1748768
1748856
1748919
1749159
1749348
1749502
1749598
1749627
1749800
1749890
1749891
1750024
1750385
1750480
1750493
1751001
1751132
1751437
1751619
1752078
1752158
1752269
1752311
1752408
1752431
1752437
1752448
1752489
1752517
1752627
1752725
1752754
1752842
1752932
1754352
1754363
1754918
1755132
1755336
1755472
1755611
1756046
1756117
1756309
1756340
1756646
1756936
1757038
1757142
1757297
1757312
1757532
1757773
1758141
1758198
1758346
1758583
1758722
1759026
1759036
1759309
1759536
1759718
1760226
1760290
1760310
1760349
1760372
1760574
1760641
1760722
1760846
1761010
1761197
1761452
1761565
1761641
1761758
1761882
1761897
1761971
1762052
1762181
1762212
1762389
1762498
1762921
1762967
1763047
1763739
1764019
1764041
1764124
1764242
1764266
1764558
1764631
1764687
1764709
1764772
1764795
1764884
1764947
1765133
1765152
1765291
1765326
1765495
1765681
1765862
1765900
1766362
1766518
1766590
1766615
1766712
1766761
1766767
1767337
1767913
1768131
1768152
1768275
1768553
1769102
1769168
1769213
1769291
1769624
1769722
1769855
1769890
1770008
1770208
1770429
1770463
1770892
1771022
1771303
1771357
1771411
1771591
1771833
1771950
1772293
1772362
1772381
1772447
1772714
1772857
1772864
1773123
1773149
1773219
1773485
1773690
1773807
1773969
1774363
1774379
1774939
1775239
1775257
1775454
1775589
1775968
1776018
1776091
1776408
1776421
1776448
1776673
1776678
1777827
1777991
1778064
1778228
1778637
1778665
1778898
1779083
1779433
1779663
1779746
1779834
1780339
1780389
1780463
1780481
1781464
1781968
1782283
1782298
1782445
1782828
1783133
1783237
1783272
1783544
1783686
1783883
1783980
1784003
1784250
1784273
1784297
1784326
1784566
1784687
1784851
1785188
1785411
1785616
1785748
1786186
1786321
1786834
1786878
1786961
1787028
1787159
1787175
1787786
1787912
1788025
1788321
1788331
1788695
1788762
1788920
1789111
1789167
1789246
1789521
1789634
1790864
1790886
1790955
1791264
1791882
1792447
1792540
1792651
1792665
1792723
1792753
1793590
1793647
1793878
1794323
1794650
1794679
1795361
1795497
1795600
1795858
1796018
1796152
1796155
1796377
1796613
1796653
1796693
1796747
1797075
1797105
1797190
1797274
1797509
1797533
1798231
1798430
1798764
1799001
1799140
1799269
1799447
1800337
1800411
1800598
1800855
1801079
1801092
1801127
1801376
1801723
1801930
1801999
1802169
1802195
1802733
1802813
1803091
1803121
1803848
1803922
1804246
1804286
1804494
1804927
1804997
1805508
1805881
1806000
1806158
1806323
1806327
1806575
1806776
1806884
1806944
1807080
1807207
1807296
1807308
1807489
1807678
1807837
1807857
1808185
1808578
1808603
1808785
1809176
1809286
1809396
1809667
1809694
1809843
1810516
1810564
1810679
1810908
1812256
1812328
1812453
1812567
1812818
1812962
1812974
1813087
1813125
1813185
1813233
1813395
1813429
1813727
1814002
1814048
1814185
1814650
1814987
1815159
1815414
1815431
1815574
1816102
1816162
1816575
1816787
1816832
1816913
1817514
1817591
1817781
1817892
1818090
1818099
1818279
1818381
1818523
1818594
1818685
1818704
1818823
1818937
1819109
1819329
1820343
1820599
1820776
1820924
1820992
1821156
1821409
1821429
1822162
1822423
1822826
1822919
1823000
1823309
1823399
1823429
1824283
1824474
1824479
1824757
1824918
1825193
1825240
1825390
1825828
1826092
1826142
1826172
1826186
1826330
1826450
1826462
1826939
1826965
1827083
1827481
1827792
1827824
1827856
1828361
1828598
1828772
1828941
1829011
1829458
1829490
1829818
1829909
1830050
1830742
1830898
1831087
1831296
1831614
1832251
1832542
1832552
1832692
1832814
1832932
1833192
1833458
1833775
1833925
1834086
1834201
1834306
1834402
1834597
1834938
1834996
1835048
1835576
1835582
1835794
1835919
1836064
1836136
1836253
1836438
1836469
1836691
1836775
1836820
1836987
1837383
1837638
1838046
1838194
1838286
1838391
1838407
1838702
1838815
1838953
1839536
1839752
1839758
1839765
1839857
1840088
1840190
1840253
1840254
1840275
1840300
1840633
1840682
1841177
1841227
1841415
1842114
1842121
1842510
1842731
1842820
1842920
1843016
1843198
1843387
1843593
1843693
1843748
1843905
1844346
1844435
1844578
1844877
1844889
1844907
1845207
1845458
1845850
1846745
1846998
1847112
1847260
1847958
1848023
1848188
1848435
1848593
1849003
1849121
1849362
1849961
1850080
1850120
1850298
1850417
1850465
1850825
1850983
1851141
1851264
1851833
1851846
1852238
1852391
1852495
1852522
1852634
1852868
1853093
1853195
1853405
1853440
1853767
1853776
1853959
1854022
1854045
1854296
1854937
1855127
1855130
1855158
1855169
1855194
1855819
1856018
1856609
1856694
1856808
1856841
1857054
1857055
1857095
1857135
1857214
1857451
1857823
1857964
1858107
1858152
1858208
1858486
1858662
1858725
1858827
1858869
1859137
1859739
1859944
1860007
1860126
1860227
1860278
1860475
1860707
1860799
1860881
1861118
1861146
1861296
1861908
1862103
1862153
1862444
1862961
1863204
1863244
1863454
1863795
1863868
1863941
1863961
1864468
1864555
1864602
1864707
1864712
1864852
1864859
1865512
1865555
1865582
1865716
1867022
1867037
1867043
1867440
1867698
1867722
1867774
1868151
1868237
1868371
1869340
1869820
1870642
1870664
1870741
1870932
1871621
1871654
1871663
1871872
1871885
1872110
1872262
1872304
1872306
1872372
1872955
1872969
1873364
1873469
1873963
1874078
1874264
1874397
1874677
1875298
1875474
1875482
1875516
1875618
1875627
1875883
1875924
1876520
1876695
1876901
1876903
1876965
1877034
1877150
1877327
1877444
1877448
1877530
1877715
1877869
1878013
1878287
1878545
1878551
1878940
1879042
1879286
1879396
1879581
1879653
1879820
1880186
1880247
1880251
1880281
1880352
1880634
1880942
1880968
1881000
1881223
1881278
1881660
1881792
1882038
1882426
1882501
1882642
1882666
1883617
1883786
1884314
1884831
1884974
1885160
1885516
1885592
1885760
1886091
1886232
1886364
1887472
1887553
1887623
1887695
1887936
1888301
1888434
1888631
1888823
1888983
1889445
1889485
1889512
1889691
1889741
1889876
1889879
1889895
1889985
1889994
1890135
1890222
1890307
1890561
1891105
1891323
1891488
1891774
1891879
1892052
1892143
1892192
1892529
1892585
1892632
1893107
1893184
1893462
1893633
1893689
1893795
1893883
1894096
1894182
1894457
1894468
1894774
1895051
1895130
1895225
1895339
1895609
1895723
1895742
1896029
1896046
1896263
1896387
1896528
1897003
1897381
1897628
1897911
1898397
1898467
1898833
1899032
1899234
1899312
1899426
1899473
1899698
1900073
1900159
1900776
1900811
1900844
1900860
1900931
1900956
1901990
1902360
1902946
1903003
1903031
1903228
1903278
1903326
1903403
1903416
1903534
1903545
1903668
1903697
1903866
1904067
1904106
1904547
1904848
1905212
1905355
1905465
1905534
1905552
1905619
1905656
1905830
1906296
1906382
1906906
1907041
1907048
1907125
1907254
1907490
1907628
1907671
1907678
1908366
1908431
1908989
1909507
1909700
1910457
1910534
1910668
1910933
1911043
1911076
1911166
1911184
1911249
1911814
1911920
1911950
1912212
1912455
1912917
1912979
1913388
1913453
1913583
1913724
1913872
1913938
1913990
1914034
1914593
1914784
1915418
1915876
1916007
1916133
1916205
1916217
1916232
1917235
1917470
1917503
1917654
1917750
1917837
1917919
1918272
1918469
1919804
1919976
1920117
1920214
1920638
1920639
1921092
1921327
1921660
1921766
1921773
1922066
1922635
1922681
1923089
1923184
1923305
1923619
1924007
1924037
1924046
1924317
1924580
1925043
1925619
1925885
1925996
1926102
1926135
1926169
1926286
1926361
1926371
1926503
1926534
1926727
1926786
1927022
1927050
1927389
1927394
1927570
1927970
1928497
1928628
1928635
1928866
1929046
1929057
1929250
1929367
1929514
1929900
1930059
1930469
1930744
1930769
1930782
1930981
1931044
1931210
1931601
1931957
1932051
1932294
1932421
1932430
1932431
1932615
1932618
1932843
1933002
1933095
1933338
1933702
1933766
1933766
1933770
1934496
1934592
1934862
1935064
1935183
1935263
1935484
1935849
1935929
1935941
1935970
1936181
1936472
1936584
1936631
1937638
1937764
1937876
1937911
1937930
1937998
1938136
1938698
1938780
1938798
1938903
1939147
1939236
1939431
1939481
1939628
1939631
1939646
1939668
1939678
1940459
1940478
1940605
1940629
1940732
1940799
1940985
1941146
1941169
1941359
1941642
1941974
1942468
1942700
1942711
1942873
1943238
1943459
1943480
1943630
1944103
1944182
1944349
1944376
1944449
1944470
1944566
1944654
1944763
1944803
1944846
1944971
1944987
1945171
1945190
1945383
1945385
1945516
1945740
1945943
1945986
1946269
1946479
1946503
1946603
1946831
1947030
1947091
1947365
1947392
1947558
1947625
1947687
1948082
1949348
1949662
1949974
1950046
1950719
1950757
1951070
1951222
1951589
1952020
1952096
1952162
1952311
1952502
1952538
1952582
1952922
1952928
1953023
1953121
1953182
1953415
1953458
1954013
1954052
1954231
1954337
1954387
1954489
1954551
1955197
1955232
1955414
1955566
1955582
1955935
1956195
1956511
1956994
1957128
1957136
1957158
1957391
1957464
1957533
1957561
1957896
1958094
1958102
1958343
1958354
1958360
1958681
1958790
1959684
1959709
1960385
1960441
1960507
1960517
1960579
1960807
1960907
1961086
1961284
1961668
1961712
1961730
1962122
1962154
1962422
1962913
1962940
1963023
1963155
1963172
1963527
1963730
1963771
1963832
1964148
1964502
1964631
1964837
1965366
1965518
1965751
1965835
1966072
1966095
1966280
1966469
1966820
1966912
1967298
1967899
1968271
1968479
1968515
1968681
1968719
1969223
1969292
1969380
1969435
1969539
1969548
1969571
1969810
1969817
1969818
1969959
1970172
1970608
1971324
1971368
1971522
1971569
1972270
1972276
1972320
1972450
1972536
1972714
1972927
1972989
1973170
1973171
1973398
1973421
1973433
1973873
1973910
1974682
1974704
1975076
1975367
1975381
1975463
1975474
1975681
1975754
1975822
1975898
1975970
1976182
1976202
1976627
1976921
1977139
1977217
1977432
1977458
1977746
1977754
1977797
1977968
1977994
1978037
1978180
1978235
1978803
1978955
1978967
1979114
1979195
1979268
1979454
1979581
1979638
1979734
1979771
1979878
1980046
1980197
1980487
1980628
1980832
1981028
1981158
1981184
1981199
1981239
1981529
1982011
1982111
1982139
1982148
1982397
1983125
1983402
1983457
1983477
1983592
1983794
1983827
1984042
1984517
1984836
1985065
1985094
1986113
1986201
1986222
1986318
1986341
1986384
1986722
1986924
1987667
1988383
1989093
1989416
1989493
1989628
1989842
1990297
1990451
1990544
1990702
1990975
1990985
1991077
1991440
1991553
1991684
1991751
1991961
1992216
1992221
1992265
1992529
1993077
1993327
1993505
1993510
1993712
1993841
1994399
1994833
1994844
1994858
1995247
1995304
1995380
1995437
1995578
1996029
1996226
1996305
1996487
1996591
1997005
1997298
1997595
1998194
1998217
1998334
1998732
1999079
1999635
1999671
1999680
1999821
1999920
