47 ms..
230
566
722
1601
1804
1865
1878
1881
2105
2241
2290
2593
2833
2941
3190
3468
3828
4567
4838
4938
5167
5257
5540
5542
5584
5806
5871
5887
5933
6511
6525
6546
6699
6966
7536
8326
8905
9044
9212
9473
9586
10020
10277
10329
10957
11100
11363
11369
11570
11603
11906
11938
12056
12154
12854
13343
13743
14305
14344
14722
14731
15321
15570
15733
15820
16030
16501
16719
16786
16801
16989
17355
17409
17546
17765
17925
17938
18131
18137
18288
18331
18409
18442
18620
18649
18675
19130
19197
19309
19373
19662
19724
19908
19988
19999
20101
20544
20583
20614
20779
21486
21605
21772
22061
22836
23160
23233
23400
23627
23687
23710
23829
23925
24055
24276
24425
24468
24515
25000
25101
25310
25420
25909
26262
26412
26845
27130
27150
27866
28333
28488
28783
28968
29456
29615
30124
30243
30353
30526
30911
31003
31189
31780
32195
32268
32515
32553
32670
32727
32811
33028
33166
33200
33353
33501
33589
33824
33966
33983
34257
34497
34590
34783
34791
35020
35887
36076
36177
36298
36396
36500
36780
37279
37305
38260
38312
38407
38718
39110
39143
39288
39387
39390
39600
39782
40080
40082
40585
41118
41169
41271
41310
41326
41521
41537
41553
42292
42903
42967
43089
43329
43486
43711
43779
44046
44400
44488
44605
44949
45059
45067
45493
45878
45983
46312
46333
46712
46844
47502
47519
47661
47786
47870
48185
48344
48389
48470
48815
49098
49271
49764
49901
50049
50442
50524
50594
50829
50965
50997
51010
51036
51104
51258
51475
52202
52263
52470
52615
52766
52845
53004
53032
53156
53417
53524
53583
53655
54036
54459
54614
54962
55321
55449
55518
55666
55841
56114
56159
56284
56870
56898
56926
56934
56990
57007
57162
57303
57525
57599
57643
57829
57934
57949
58205
58746
59047
59135
59216
59242
59402
59792
59876
59914
60383
60674
60961
61308
61379
61442
61531
61698
61875
61955
62145
62178
62432
62552
62602
62794
62871
62970
63074
63380
63597
63632
63948
64283
64321
64509
64577
64722
64778
64822
64905
64966
65239
65392
65593
65815
66154
66333
66478
66526
66635
66734
66804
67014
67167
67379
67828
67880
67909
68350
68690
69196
69584
69589
69771
69773
69996
70031
70194
70254
70608
71142
71243
71561
71596
71904
72183
72319
72401
72504
72736
72835
73049
73100
73180
73305
73383
73428
73477
73838
74154
74715
75232
75383
75461
75566
75728
76111
76415
76615
76866
76887
77025
77110
77182
77560
77593
77992
78021
78139
78150
78388
78600
78840
79783
80102
80830
81354
81542
81650
81737
82449
83096
83141
83157
83338
83440
83451
83529
83677
83838
83902
84144
84397
85030
85068
85740
85763
85856
85994
86051
86134
86493
86783
86802
86892
87148
87227
87302
87592
87595
88315
88371
88536
88726
88903
89262
89400
89751
89781
89788
89980
90107
90109
90327
90405
90515
90568
90672
90806
90818
90982
91187
91534
91769
91882
91990
92103
92458
92845
92927
92985
93286
93494
93822
93981
94061
94614
94754
95204
95456
95499
95538
95723
96133
96239
96133
96277
96310
96473
96901
97062
97346
97558
97725
97949
98028
98058
98417
98863
98889
98987
99198
99296
99440
99533
99601
99765
99915
100453
100454
100462
100741
100951
101038
101442
101548
101670
101861
101972
101975
102238
102704
102926
102946
102956
103019
103495
103730
104695
104795
104891
104947
105462
105956
106058
106216
106427
106851
107027
107034
107162
107259
107462
107840
107926
108053
108319
108554
108577
108847
109267
109271
109346
109475
109557
109883
109905
110224
110312
110936
111029
111096
111256
111477
112086
112160
112195
112309
112665
112739
112833
113060
113080
113204
114520
114530
114584
114770
114984
115258
115707
115723
116429
116448
116897
117113
117307
117713
117730
118064
118205
118330
118363
118463
118810
119015
119256
119573
119586
120386
120597
120678
120849
120894
121113
121622
121669
122103
122179
122203
122598
122627
122652
122679
122701
122797
122854
123838
123968
124194
124888
125173
125405
125474
126099
126226
127236
127357
127408
127533
127665
127726
127743
128088
128335
128942
128945
129068
129397
129402
129470
129629
129757
129807
130050
130056
130340
130672
130861
130881
131078
131094
131437
131468
131760
131976
132412
132581
132636
133555
133571
133586
133686
133945
133946
133983
134691
135182
135435
135464
135499
135692
136494
137563
137685
137827
137868
138832
139030
139139
139369
139647
139674
139814
139879
139950
139977
140007
140141
140359
141284
141497
142291
142313
142324
142625
142940
143121
143191
143368
143508
143537
143842
143905
143982
144003
144029
144427
144771
145073
145847
145851
145998
146199
146592
146656
146755
146759
146899
147061
147165
148023
148233
148294
148327
148343
148462
148767
149171
149199
150105
150345
150466
150904
151025
151029
151108
151110
151125
151338
151343
152171
152374
152409
152479
152528
152674
152698
153015
153152
153464
153506
153551
153822
154304
154466
154531
154585
154799
155075
155186
155305
155486
155536
155722
155904
155971
155995
156550
156632
157049
157106
157116
157233
157284
157368
157495
158172
158203
158583
158618
158631
158840
159022
159182
159499
159551
159629
160381
160562
160793
161175
161337
161432
161457
161638
161880
162086
162381
162586
162865
163149
163310
163633
163900
163911
163986
164021
164051
164618
164640
164850
165015
165019
165295
165449
165662
165675
165787
165843
165897
166265
166802
166837
166908
166953
167006
167118
167323
167405
168036
168059
168061
168076
168121
168157
168231
168307
169574
169774
170029
170441
171653
171977
172240
172245
172504
172549
172970
173416
173683
173990
174025
174077
174164
174554
174575
174672
174828
174950
175017
175224
175352
175713
175893
175917
175976
176173
176382
176418
176514
176627
176677
176695
176975
177228
177634
177689
177902
178277
178370
178494
178573
178703
178739
179294
179334
179477
179757
179967
180031
180061
180314
180338
180386
180551
180589
180621
180735
180862
180953
181161
181219
181559
181787
182272
182409
182550
182848
182870
182968
182976
183207
183817
184181
184190
184514
184678
184684
184807
185082
185106
185153
185441
185991
186045
186211
186258
186367
187015
187064
187254
187511
187638
187839
188067
188072
188101
188105
188318
188348
188438
188850
189688
189786
189862
189911
190238
190300
190330
190390
190431
190952
191432
192034
192098
192349
192533
192560
192566
192605
192695
193310
193700
193718
193846
193863
194287
194344
194757
194818
194882
194967
195332
195339
195520
195525
196508
196581
197176
197538
197630
197659
197973
198464
198696
199131
199206
199358
199865
200367
200547
200961
201136
201306
201444
201697
202174
202496
202726
202840
202878
203094
203147
204137
204189
204202
204384
204418
204482
204696
204923
204929
204962
205279
205609
205944
205947
205985
206028
206042
206109
206129
206278
206640
207014
207136
207146
207507
207750
207897
207905
207915
208158
208291
208490
208532
208910
209095
209409
209471
209591
209776
209952
210320
210853
210992
211079
211335
211609
211663
211685
211687
211863
211908
212021
212150
212455
212540
212552
212555
213084
213123
214120
214199
214207
214345
214592
214667
214802
215178
215469
215626
215650
215754
215780
216409
216423
216517
216947
216953
217108
217197
217249
217266
217412
217730
217896
217983
217999
218185
218315
218320
218887
218995
219802
220638
220675
221127
221535
221646
221849
222108
222378
222435
222520
222674
222869
222874
223067
223074
223087
223114
223146
223653
223667
224012
224324
224715
225116
225314
225553
225557
225643
225716
225792
225793
226035
226176
226570
226605
226650
226863
226989
227014
227182
227445
227446
227761
227784
228113
228127
228133
228246
228757
228772
228801
228892
229044
229322
229436
229620
229703
229845
230078
230228
230568
230638
230790
230835
230956
231343
231344
231626
232145
232752
233256
233478
233655
234179
234201
234377
234446
234605
234679
235056
235447
235544
235919
236436
236733
236743
237046
237300
237312
237313
237353
237366
237397
237531
237567
237628
237654
237656
237773
237845
238148
238231
239115
239162
239205
239296
239779
239992
240473
240903
241211
241237
241500
241632
241838
241908
242235
242384
242456
242694
242830
243153
243197
243390
243415
243576
243577
243774
244025
244185
244400
244464
244925
245128
245419
246121
246317
246327
246576
246697
246740
246793
247046
247062
247346
247579
247589
247595
247614
247716
247951
247989
248026
248241
248738
248971
248984
249047
249189
249247
249267
249269
249271
249311
249814
249855
250158
250500
250666
250834
250901
250952
251047
251928
252123
252873
252943
253045
253174
253185
253658
254474
254549
254638
254754
254937
255154
255447
255547
255626
255638
256140
256188
256269
256626
256637
256925
257524
257647
257940
258143
258469
258581
258675
258709
258895
259210
259367
259492
259675
259818
260298
260316
260417
260484
261153
261969
262024
262043
262555
262694
262707
262724
262827
262875
262954
263486
263544
263944
264751
264945
265147
265265
265344
265369
265547
265692
265903
265990
266044
266479
266658
266853
266942
267098
267211
267259
267574
267807
267892
267895
268974
269376
269638
269661
270074
270108
270235
270312
270436
270541
270548
270731
270878
270975
271313
272004
272048
272459
273033
273111
273451
273464
274291
274386
275019
275265
275267
275404
275553
275597
275656
275750
275976
275997
276008
276076
276170
276171
276489
276586
276794
277140
277820
278199
278558
276586
276725
278605
278758
279137
279778
279973
280554
280660
280919
281128
281326
281386
281453
281501
281521
281654
281947
281973
282482
283012
283025
283081
283310
283634
283841
283943
284049
284534
284539
284623
284693
284843
284973
284979
285026
285395
285400
285631
285858
286103
286174
286346
286535
287042
287632
288096
288277
288518
288597
288676
288844
289328
289397
289539
290001
290101
290265
290269
290460
291013
291108
291199
291316
291450
291926
292098
292600
292644
292897
292978
293477
293510
293967
294109
294329
294686
294795
295624
296413
296736
296988
297154
297457
297481
297578
297918
298103
298210
298288
298934
299073
299083
299249
299251
300366
300441
300502
300550
300572
300685
300751
300814
300934
301078
301847
301890
301922
302091
302130
302139
302593
302654
303086
303119
303231
303672
303779
303986
304084
304809
305099
305212
305229
305352
305549
305566
305645
305695
305780
305914
305968
306296
306330
306678
306759
306803
306818
307271
307676
307848
308421
309365
309955
310025
310322
310444
310572
310807
311583
311589
311608
311646
311792
311840
312387
312583
312841
313199
313230
313230
313312
313359
313488
313657
313812
313885
314030
314085
314160
314470
314676
314680
314700
315024
315149
315199
315394
315629
315851
315998
316098
316124
316314
317143
317160
317314
317712
317808
317834
317889
317980
318323
318373
318545
318794
318807
318902
319008
319801
319832
319924
320224
320238
320461
320868
320958
321128
321376
322094
322139
322557
322578
322703
322965
323159
323170
323273
323605
323643
323662
323677
323911
324063
324407
324447
324520
324583
324626
324738
325415
325480
325863
326200
326301
326547
326620
326904
326980
327002
327097
327394
328087
328283
328331
328482
328505
328777
328939
328961
329377
329821
330112
330306
330671
330842
331053
331146
331363
331586
331775
331912
332238
332326
332659
333018
333359
333372
333506
333594
333637
334068
334176
334325
334685
334702
334857
334865
334886
334994
335164
335174
335438
335714
335807
335924
335996
336079
336150
336395
336732
336810
337071
337255
337289
338136
338166
338252
338278
338385
338773
338938
338995
339094
339125
339426
339503
339558
339626
339877
339884
340287
340497
340771
340987
341087
341117
341187
341551
341802
341818
341853
341912
342425
342966
343393
343927
344097
344099
344239
344244
344655
344714
344863
345152
345371
345656
345771
345978
346050
346177
347120
347137
347953
348269
348562
348718
348737
348974
349044
349672
349810
349903
349905
349956
350082
350281
351012
351057
351181
351279
351438
351815
352090
352358
352447
352574
352865
352939
353146
353858
354195
354231
354322
354394
354446
354595
354625
354966
355266
355305
355373
355604
355696
355777
356099
356403
356416
356527
356582
356828
356939
357160
357576
357580
357701
358514
358633
358830
359210
359246
359294
359307
359412
359969
360309
360674
360716
360778
360786
361026
361362
361414
361458
361600
361652
361961
362200
362447
362634
362675
363043
363127
363220
363273
363386
363435
363483
363658
363681
363719
363850
364681
364686
364893
364896
364909
364948
365006
365698
365705
366237
366337
366373
366661
366677
366936
367287
367427
367847
368356
368497
368520
368573
368598
369438
369746
370010
370394
370810
370905
371105
371720
371760
372220
372391
372503
372791
372867
372899
373008
373363
373467
373549
373565
373640
373809
374250
374389
374474
374651
374674
375063
375077
375162
375280
375435
375495
375531
375593
375636
375638
375657
376230
376308
376574
376744
377225
377483
377749
377790
377893
377911
378276
378319
378330
378374
378555
378579
378637
378674
378710
378752
378849
378885
378931
379273
379393
379684
380197
380205
380552
380608
380795
381229
381348
381389
381471
381785
381924
382010
382390
382599
382891
383302
384111
384151
384168
384616
385022
385468
385648
386431
386645
386689
386858
387080
387517
387598
387859
388170
388319
388569
388717
388930
389198
389705
389990
390176
390281
390705
391183
391432
391511
391693
391726
391756
392009
392348
392558
392570
392760
392818
393048
393638
393752
393909
394038
394055
394143
394248
394337
394870
395271
395315
395500
395656
395694
396000
396236
396369
396400
396445
396912
396957
397177
397596
397621
397900
398191
398202
398274
398655
398923
399694
399823
399929
400046
400207
400257
400501
400914
401175
401276
401570
401630
401946
402113
402165
402290
402344
402536
402915
403071
403137
403507
403776
403922
403980
404364
404545
404547
404740
404869
405081
405439
405575
406177
406221
406222
406284
406380
406543
406721
406728
406797
406920
406961
407266
407470
407663
407797
407891
408444
409117
409402
409562
409670
410092
410168
410335
410605
410697
411050
411338
411638
411782
411838
412075
412524
412704
412871
412973
413084
413327
413767
413982
414076
414248
414271
414677
415045
415079
415354
416146
416170
416209
416232
416235
416501
416754
417041
417051
417170
417432
417461
417591
417631
417743
418240
418554
418638
418921
419199
419248
419649
419956
420096
420108
420176
420212
420310
420317
420996
421234
421285
421377
421680
422171
422360
422518
422850
423212
423329
423348
423572
423827
423921
424057
424083
424231
424374
424602
424723
424749
424842
425103
425164
425445
425664
426027
426085
426100
426451
426506
426578
426620
426623
426646
426894
427001
427353
427637
427652
427683
428073
428550
428859
428881
428923
429382
429404
429630
429727
429955
430066
430186
430237
430300
430321
430378
430889
430971
431144
431451
431540
432244
432420
432618
432691
432725
432820
433533
433660
433831
433987
434324
434345
434348
434716
434823
434915
434985
435127
435338
435345
435402
435617
436605
436813
436866
435127
436772
437093
437180
437190
437333
437341
437561
437782
438264
438363
438512
438601
438737
438782
439401
439408
439743
439793
439835
439903
440267
440291
440360
440605
440670
440819
440861
441057
441255
441625
442240
442313
442509
442594
442687
442746
442799
442918
442998
443024
443186
443186
443464
443636
443710
444147
444385
444825
444829
444882
445557
445575
445658
445681
445913
446107
446175
446332
446363
446460
446954
447208
447668
447716
447820
448777
448829
448999
449459
449590
449769
450148
450236
450296
450357
450425
450860
450864
450909
451038
451245
451399
451555
451780
451861
451983
452289
452558
452759
452910
453355
453418
453482
454390
454508
454866
455541
455565
455603
455844
455887
456150
456455
456605
456699
457137
457195
457541
458125
458128
458279
458409
458665
459243
459776
460286
460826
460983
461270
461365
461648
461800
462244
462249
462505
462517
462536
462691
462882
464134
464305
464500
464534
464552
464649
464666
464976
465143
465330
465498
465561
465641
465677
465928
466176
466357
466418
466624
466668
466950
467093
467175
467825
468375
468834
469101
469375
469386
469696
469777
470544
470597
470685
470890
471126
471321
471325
472335
472411
472449
472741
472934
473025
473064
473528
473543
474346
474622
474679
474729
474736
474777
475149
475438
475526
475542
475556
475873
475969
476001
476157
476357
476383
476697
477837
478057
478506
478564
478598
478761
478792
478815
478873
479113
479173
479334
479427
479547
479827
479862
479875
479884
480172
480244
480366
480558
480754
480767
480772
480953
481204
481210
481437
481457
481573
481632
482451
482477
482925
483086
483315
483375
483674
483944
484078
484134
484197
484215
484231
484410
485347
485509
485541
485552
485710
485736
485776
485833
486583
486663
486724
486751
486946
487019
487203
488518
488681
489163
489440
489969
490081
490102
490272
490451
490493
490928
491049
491091
491146
491284
491420
491682
492040
492176
492439
492658
492768
492848
493015
493091
493263
493405
493570
493715
494125
494753
495017
495235
495516
496365
496366
496819
496924
496992
497260
497446
497549
497707
497928
498094
498291
498521
498585
499079
499154
499236
499392
499408
499523
500075
500256
500483
500564
501108
501248
501379
501527
501595
501751
501851
502437
502444
502592
502813
502860
502921
503176
503249
503601
503801
504543
504674
504678
504763
504977
505125
505830
505929
505992
506139
506229
506239
506502
506666
506924
506951
507134
507308
507584
507677
507762
507762
507901
507974
508264
508268
508381
508417
508640
508794
509144
509151
509166
509181
509511
509700
510383
510416
510510
511334
512017
512103
512283
512531
512654
513335
513621
513667
514234
514613
514786
514829
514899
514904
515013
515406
515499
515615
515862
516225
516427
516723
516956
517137
517285
517335
517497
517586
517602
517616
517640
517683
517801
517879
518300
518487
518661
518847
518877
519107
519575
519601
519641
519646
519727
519820
519943
520030
520058
520330
520729
520782
520805
520827
520912
521061
521740
522280
522295
522877
522886
523651
523698
523743
524155
524539
524631
524714
524718
524720
524766
524788
524960
525243
525431
525495
525950
525951
526497
526504
526595
526933
527430
527578
527834
527949
528473
528760
528884
529002
529040
529363
529379
529430
529678
529848
530621
531177
531199
531882
532511
532559
532683
532727
532803
532863
533033
533840
533882
534365
534617
534669
534715
534778
534816
534916
535299
535602
535733
535952
536374
536476
536552
536757
537110
537256
537681
537976
538190
538201
538247
538274
538350
538673
539688
539724
539758
539852
539997
540012
540452
540557
540840
540897
540908
540951
540961
541074
541146
541397
541472
542037
542058
542233
542326
542442
542454
542763
543118
543127
543225
543594
543889
543917
544124
544307
544423
544439
544673
545149
545798
546209
546221
546374
546385
546987
547031
547149
547204
547281
547606
547648
547788
548065
548085
548855
549129
549140
549378
549424
549446
549629
550060
550180
550191
550396
550492
550701
550954
551063
551126
551191
551461
551626
551731
551866
551944
552362
552415
552477
552510
552698
552834
552931
553203
553433
554028
554122
554248
554512
554570
554725
555110
555223
555309
555310
555554
556537
556586
557135
557436
557531
557853
558920
559297
559838
560132
560170
560469
561101
561238
561330
561619
561650
562039
562119
562170
562172
563191
563462
563539
563624
563884
563940
564589
564843
565226
565243
565280
565401
565449
565460
565496
565644
565736
565826
566261
566835
566916
567226
567457
567786
567937
567962
568181
568210
568447
568791
568999
569162
569454
569643
569703
569754
569912
569942
570039
570217
570391
570498
570733
570825
570995
571177
571206
571329
571539
571820
572475
573017
573023
573177
573208
573256
573477
573582
573638
573792
573865
573964
574450
574644
574780
574803
574984
575181
575514
575741
575890
576804
577277
577601
577994
578162
578337
578614
579017
579413
579422
579584
579618
579789
579823
580262
580499
580709
580712
581151
581714
582431
582712
583376
583480
583559
583741
583847
583867
583868
583882
583929
583948
584106
584742
584890
584968
585135
585188
585636
585988
586589
586590
586876
587019
587388
587939
588102
588535
588868
589322
590096
590195
590199
590275
590771
590780
591370
591454
591714
591791
592207
592442
592703
592762
592806
593067
593122
593288
593315
593481
593485
594037
594056
594126
594566
594653
594695
594902
595819
595844
596533
596942
596954
597124
597172
597443
597625
597846
597926
598091
598197
598218
598614
598749
598765
598947
599086
599111
599175
599326
599338
599716
599794
599855
599986
600317
600995
601170
601264
601428
601502
601681
601927
602028
602224
602276
602328
602525
602566
602938
603049
603848
604350
604737
604763
604857
604914
605164
605420
605580
605652
605963
606296
606522
606540
606683
607055
607130
607189
607698
608245
608309
608412
608420
608531
608579
608616
608876
608915
609277
609800
610238
610440
610528
610631
610654
610740
611250
611325
611527
611762
611845
611896
612040
612271
612563
612630
612675
612772
612864
612891
613086
613259
613296
613319
613616
613665
613992
614183
614412
614482
614659
615147
615206
615326
615399
615517
615589
615653
615683
615769
616101
616242
616797
616875
616965
617041
617654
617796
617914
618153
618340
618451
618704
618878
619110
619385
619501
619676
619745
619897
619956
620095
620445
620517
620587
620626
620646
620760
621001
621159
621278
621428
621569
621582
621688
621931
622352
622480
622650
622668
622710
622758
622919
623040
623109
623198
623658
624094
624385
624422
624575
624825
624928
624995
624999
625000
625198
625623
625720
625745
625861
625990
626091
626472
626582
626669
626802
626911
627342
627606
628154
628645
629060
629064
629084
629427
629455
629463
629474
629504
629709
630095
630262
630307
630434
630547
630612
630676
630942
631908
632011
632582
632824
633080
633422
633492
633570
634094
634170
634566
634791
634866
634906
634922
634980
635303
635528
635591
635859
635888
635956
636063
636227
636385
636545
636550
636744
637230
637386
637472
638077
638289
638334
638363
638375
638495
638853
639005
639062
639124
639250
639418
639670
640533
640941
641008
641149
641383
641434
641711
641950
641975
642715
642829
643067
643216
643574
643847
643977
644701
645429
645761
645998
646143
646428
646489
646558
646985
647032
647051
647180
647191
647443
647556
647577
647742
647801
647821
647997
648012
648068
648276
648290
648328
648344
648386
648929
649000
649136
649451
649507
649810
649888
650070
650078
650160
650392
650551
650765
651095
651123
651241
651285
651322
651452
651476
651744
652122
652244
652424
652552
653054
653067
653082
653453
653471
653520
653648
653743
653831
653871
653941
654093
654304
654460
654826
655011
655311
655332
655431
655522
656129
656306
656489
656522
657021
657186
657227
657261
657366
657577
657802
658016
658059
658076
658354
658432
658795
659191
659268
659864
660180
660290
660361
660399
660482
661020
661077
661187
661369
661443
661588
661672
661754
661937
662446
662689
664249
664328
664351
664591
664715
664819
664856
665017
665131
665254
665328
665704
665845
665897
666055
666536
666707
666739
666843
666871
666907
667663
667944
667973
668073
668266
668394
668541
668544
668642
669215
669378
669750
669872
670345
670621
670925
670980
670982
671098
671328
671559
671641
671896
672064
673337
673360
673612
673938
674046
674164
674381
674466
674931
675169
675271
675486
675698
675903
676031
676187
676604
676664
676742
677015
677045
677093
677305
677435
678011
678232
678300
678362
678531
678553
678704
679524
679610
679748
679893
680118
680164
680549
680661
680728
681071
681101
681282
681441
681601
682132
682237
682341
682360
682671
682854
682904
682993
683054
683115
683132
683997
684790
685053
685800
685818
686189
686320
686322
686707
686867
686886
686930
687048
687119
687140
687362
687461
687699
687993
688197
688323
688715
688793
688968
689025
689316
689539
689867
690012
690272
690400
690668
691059
691261
691486
691600
691707
691852
692263
692375
692378
692868
693021
693189
693244
693397
693543
693644
693644
693855
694165
694212
694640
695014
695031
695122
695257
695389
695849
695909
696033
696047
696056
696122
696538
696678
696760
696774
696981
697350
697422
697487
697552
697566
697611
697706
698051
698488
698576
698863
699128
699131
699133
699285
700386
700450
700485
700501
700572
700649
700733
700828
700976
701358
701918
702012
702047
702093
702177
702213
702330
702419
702479
702594
703121
703250
703411
703623
704017
704165
704175
704234
704433
704514
704561
704642
704658
705017
705403
705555
705767
706207
706267
706302
707615
707691
708064
708293
708574
708588
709021
709218
709579
709865
710043
710415
711100
711235
711333
711396
711443
711515
711524
711538
711589
712042
712236
712359
712641
712966
713003
713584
714069
714106
714134
714232
714737
714870
715296
715409
715471
715931
716045
716211
716331
716365
716398
716598
716708
716862
717659
718213
718617
718740
719053
719605
719721
719749
719876
719927
719967
720099
720214
720246
720303
720506
720533
720726
721038
721159
721328
721386
721415
721511
721520
721544
721657
721664
721723
721775
722018
722142
722580
722859
723653
723903
723967
724022
724074
724695
724936
725251
725302
725328
725527
725676
725772
725835
726070
726100
726499
726533
726570
726594
726612
726725
727232
727443
727551
727746
728318
728671
728673
728690
728821
728906
729222
729270
729470
729490
729642
729758
729954
730365
730534
730784
731261
731330
731575
731794
732048
732273
732340
732756
733391
733451
733562
733703
733758
734097
734707
734729
734780
735375
735383
735630
735705
736350
736521
736531
736582
736582
737136
737407
737679
738195
738403
738480
738807
739343
739580
739622
739644
740463
740564
740678
740705
740771
741326
741382
741514
741742
741785
741954
742194
742934
743019
743055
743109
743345
743396
743714
744525
744678
744956
745018
745048
745062
745309
745344
745365
745510
745605
745669
745782
746126
746153
746281
746327
746853
746989
747315
747449
747531
747546
747639
747708
747733
747939
747980
748168
748194
748198
749228
749463
749580
749687
749696
749951
750226
750425
750716
750815
750861
751578
751617
751857
752073
752103
752142
752223
752142
752320
752612
752941
753056
753096
753550
753612
753653
753831
753885
754589
754728
754751
754888
755056
755230
755434
755557
755920
756988
757107
757141
757369
757740
757845
758059
758451
759101
759120
759648
761055
761284
761332
761642
761886
762221
762324
762330
762378
762774
762777
762925
762935
762944
763192
763236
763444
763936
764064
764320
764507
764826
764923
765243
765450
765464
765621
765898
765926
766101
767004
767155
767262
767461
767555
767732
767733
767949
768189
768986
768989
769019
769051
769110
769411
769466
769538
769653
769760
769787
769979
770121
770211
770404
770498
771238
771371
771407
771472
771534
772107
772131
772209
772584
772601
772996
773081
773266
773465
773503
773626
774092
774391
774919
775221
775260
775527
775577
776085
776449
776474
776803
776917
777216
777234
777291
777333
777343
777345
777452
777784
777890
778051
778116
778359
778876
778897
779478
779504
779668
779717
779890
779938
780018
780184
780250
780315
780399
780739
780788
781146
781539
781738
782168
782414
782790
782927
782973
782997
783330
783396
783495
783691
783873
784247
784537
784660
784872
785953
785961
785987
786179
786849
786862
786927
786976
787250
787324
787414
787593
787855
788018
788094
788202
788336
788561
789056
789194
789248
789299
789510
789822
790463
790511
790558
790774
791597
791803
792990
793075
793151
793160
793186
793315
793410
793446
793531
793632
794049
794076
794130
794194
794197
794356
794357
794397
794404
794560
794608
794618
794684
794891
795078
795086
795263
795786
796007
796259
797150
797262
797325
797340
797376
797435
797499
797553
797686
798357
798359
798374
798524
798593
798838
798973
799122
799563
800089
800106
800166
800420
800859
800918
801585
802475
802901
802929
803123
803703
803731
803735
803803
805292
805343
805370
805480
805636
806039
806217
806288
806809
806819
806904
806935
807000
807016
807044
807274
807288
807490
807733
807788
807913
808250
808811
809423
809453
809613
809686
809741
810551
810642
810776
811297
811554
811556
811718
812006
812008
812175
812583
812707
813353
813455
813551
813865
813920
814690
814720
814828
815005
815335
815597
815813
816005
816074
817113
817141
817275
817346
817513
817848
817912
818305
818350
818425
818434
818472
819061
819208
819208
819210
819545
819609
819880
819955
819964
819993
820684
820713
820733
821066
821095
821359
821523
821619
822278
822658
822673
823186
823302
823553
823676
823766
824326
824350
824462
824744
825045
825491
825541
825942
826928
827249
827746
827766
828200
828518
828865
828887
828899
828988
829173
829193
829207
829235
829404
829694
830098
830233
830265
830281
830344
830486
830916
831057
831162
831336
831413
831708
831796
831919
832123
832971
832983
833219
833221
833287
833331
833414
833849
834058
834131
834134
834168
834198
834212
834268
834941
835088
835229
835379
835542
836210
836327
836347
836377
837177
837197
837913
837944
837974
838128
838195
838816
838874
839253
839657
839670
839787
839962
840520
840608
840724
840832
840945
841230
841383
842381
842441
842667
842996
843159
843230
843370
843393
843424
843591
843925
843947
844011
844056
844239
844418
844765
844889
845007
845049
845123
845469
845672
845884
846036
846131
846197
846439
846568
846948
846954
846970
847229
847255
847325
847336
847956
847961
848153
848165
848260
848514
848569
848600
848815
848882
848974
849019
849401
849425
849480
849767
849774
849809
850296
850449
850763
851223
851758
851818
851820
852546
852613
853137
853226
853246
853285
853321
853481
853716
853999
854258
854331
854554
854716
854819
854973
855070
855286
855324
855480
855644
856062
856096
856408
856755
857365
857599
858057
858453
859034
859076
859227
859321
859511
859600
859745
860687
860941
861107
861338
861458
862230
862449
862556
863181
863297
863954
864206
864318
864329
864463
864513
864623
864676
865113
865302
865321
866323
866372
866573
867104
867193
867462
867992
868209
868482
868504
868553
868623
868863
869226
869549
870104
870397
870868
871129
871230
871374
871466
871516
871653
871835
871910
872009
872140
872248
872293
872800
872810
873049
873241
873284
873355
873395
873536
873568
873604
873616
873630
874084
874094
874356
874470
874719
874980
875044
875545
875624
875635
875787
876205
876245
876465
876996
877018
877030
877135
877200
877284
877299
877665
877767
877924
878535
878681
878794
878951
879487
880031
880225
880459
880664
880838
881090
881149
881243
881526
881675
881720
882078
882392
882460
882519
882530
883266
883538
884371
884621
884832
885014
885521
885886
886344
886889
887247
887251
887720
887787
888048
888154
888157
888209
888551
888983
889397
889427
889495
890317
890589
890892
891067
891521
892096
892238
892437
892471
893316
892437
893405
893538
893852
893966
894202
894268
894274
894491
894546
894825
894850
895029
895054
895437
895521
896126
896322
896784
897087
897109
897361
897505
897901
898211
898524
898889
899130
899762
899858
900288
900503
900562
900645
900688
900764
900941
901029
901320
901480
901486
901615
901732
901877
902017
902237
902305
902329
903084
903179
903242
903327
903587
903962
903993
904317
904458
904466
904639
904703
904704
905066
905772
905950
906635
906800
907133
907330
907441
907445
907464
907519
907880
908034
908041
908318
909165
909449
909450
909518
909674
909784
909829
909945
910083
910086
910480
910486
910733
910746
910848
910861
910864
911032
911138
911179
911206
911207
911533
911574
911667
911692
911732
911770
911838
912044
912169
912194
912514
912667
912795
912841
913003
913109
913458
913515
913544
913559
913718
913799
913809
913873
913905
914139
914267
914465
914532
914897
914992
915285
915510
916183
916193
916496
917159
917370
917687
917760
918053
918551
918644
918960
918974
919003
919061
919265
919311
919774
919973
920028
920658
920778
920948
921000
921250
921570
921733
921869
922450
922685
922943
920778
922080
923103
923545
923701
924074
924496
924612
924911
924915
925182
925355
925686
925888
925938
925963
926105
926231
926323
927095
927126
927734
927847
927868
928291
928306
928456
928470
929093
929128
929149
929351
929963
930202
930245
930587
930795
930856
931201
931392
931454
931579
931738
931777
931821
932036
932067
932091
932250
932377
932701
932906
933075
933603
933609
933612
933689
933719
933891
934150
934768
935014
935404
935429
935456
936403
936653
936695
936696
936914
937257
937318
937348
937902
937913
937982
938024
938160
938188
938197
938594
938898
939351
939466
939468
939475
939517
939547
939595
939737
939838
940158
940520
941236
941290
941418
941608
941622
941730
941732
942613
943046
943313
943732
944012
944187
944210
944954
945013
945326
945727
945997
946022
946085
946192
946232
946286
946545
947458
947655
947773
948255
948582
949026
949086
949143
949524
949645
949892
950515
950516
950596
950998
951026
951112
951398
951673
951740
951741
951858
952622
953080
953099
953136
953614
953705
953967
954087
954101
954212
954445
954567
954859
955168
955358
955724
955959
956041
956291
956315
956369
956867
956972
957155
957304
957366
957940
958006
958058
958308
958332
958333
958457
958719
958804
958977
959123
959449
959795
959826
960078
960116
960161
960288
960307
960516
960778
960811
961189
961553
961561
961884
961978
962592
962742
963206
963462
963614
964529
964767
964777
965031
965182
965663
966178
966238
966551
966583
966664
966721
966729
966895
967068
967078
967181
967481
967594
968293
968314
968618
968940
969339
970237
970275
970379
970427
970460
970523
970707
970968
971046
971614
971660
971714
971804
971849
972247
972366
972484
972502
973285
973347
973480
973564
973630
973713
973863
973929
973959
973975
974584
974973
974994
975005
975127
975236
975334
975452
976153
976179
976215
976245
976468
976718
977593
977621
977646
977704
977805
978326
978352
978372
978808
978892
980106
980772
980786
980985
981382
981433
981594
981663
981668
981846
981957
981968
981983
982134
982168
982208
982246
982317
982409
982424
982472
982880
982901
983163
983293
983991
984005
984136
984348
984538
984851
985016
985054
985062
985233
985569
985693
985880
986193
986720
987223
987233
987668
987733
988241
988305
988498
988805
989354
989392
989458
989502
989665
989698
989775
989797
990100
990256
990281
991132
991221
991339
991750
992468
992490
992558
993283
993797
993924
994236
994802
994876
995011
995185
995247
995267
995428
995547
995659
995924
990281
990565
990912
992631
993582
993956
994869
994907
995311
995739
996498
996719
996719
997044
997054
997652
997846
998669
998680
998791
998933
999196
999501
999613
999707
999829
999936
999942
1000179
1000665
1000708
1000775
1000827
1001037
1001150
1001190
1001655
1001726
1002224
1002418
1002460
1002697
1002803
1003360
1003523
1003992
1004031
1004269
1004434
1004545
1004561
1004621
1004913
1006308
1006718
1006963
1007012
1007530
1007861
1007925
1007962
1008043
1008046
1008055
1008232
1008326
1008877
1009157
1009778
1009832
1009840
1010073
1010232
1010613
1010697
1011036
1011342
1011573
1012269
1012513
1012587
1013140
1013305
1014058
1014374
1014438
1014455
1015098
1015462
1015524
1015553
1015875
1015896
1016206
1016462
1016548
1016564
1016801
1016985
1017151
1017658
1018015
1018397
1019139
1019255
1019381
1019383
1019709
1019847
1020010
1020483
1020541
1020646
1020718
1020843
1020882
1021148
1021203
1021693
1021709
1021710
1022671
1022780
1022929
1022978
1023406
1023453
1023577
1023963
1024359
1024413
1024435
1024723
1024747
1024944
1025003
1025046
1025136
1025434
1025772
1025823
1025911
1025999
1026064
1026405
1026582
1026607
1026688
1026878
1026976
1027037
1027082
1027152
1027406
1027725
1027739
1027931
1028162
1028188
1028215
1028245
1028276
1028472
1028580
1028583
1029216
1029468
1029672
1029771
1029925
1030345
1030806
1031098
1031220
1031598
1031676
1031777
1032322
1032333
1032420
1032435
1032549
1032603
1032628
1032924
1032978
1033432
1034387
1034615
1034860
1035536
1036032
1036293
1036322
1036360
1036371
1036756
1036833
1037235
1037556
1037723
1038314
1038523
1038540
1039641
1039801
1039817
1039922
1040120
1040508
1040839
1041341
1041790
1041813
1041824
1042010
1042013
1042136
1042702
1043163
1043226
1043439
1043622
1043625
1043738
1043861
1044655
1044670
1044968
1045031
1045138
1045268
1045472
1045725
1046058
1046168
1046837
1046936
1047097
1047323
1047337
1047918
1048215
1048659
1048955
1049091
1049278
1049815
1049972
1049988
1050132
1050228
1050434
1050518
1050583
1050735
1050793
1050940
1051299
1051369
1051394
1051500
1051843
1051866
1051868
1051994
1052057
1052080
1052193
1052206
1052448
1052600
1052613
1052669
1052832
1052910
1053243
1053327
1053450
1053695
1054029
1054507
1054573
1054581
1054615
1054773
1054915
1055387
1055415
1055505
1055851
1055959
1056090
1056643
1057007
1057008
1057390
1057489
1057979
1058122
1058841
1058849
1060220
1060769
1061012
1061889
1061922
1062113
1062122
1062235
1062274
1062399
1062456
1062765
1062896
1062929
1063133
1063579
1063681
1063938
1064051
1064117
1064255
1064555
1064618
1064832
1064860
1064973
1065096
1065421
1066243
1066275
1066290
1066647
1066736
1066843
1067406
1067649
1067661
1067679
1067757
1068215
1069174
1069522
1070105
1070213
1070232
1070684
1070918
1071091
1071411
1071449
1071647
1071694
1071733
1071841
1071851
1071860
1072105
1072189
1072422
1072671
1072716
1072747
1072996
1073030
1073062
1073139
1073498
1073702
1073787
1073836
1074169
1074652
1074899
1076084
1076210
1076216
1076293
1076628
1076763
1077105
1077155
1077182
1077211
1077263
1077626
1077699
1077707
1077815
1077959
1078362
1078384
1078603
1078630
1078776
1078951
1078970
1079319
1079585
1080154
1080488
1080565
1080641
1080652
1080667
1080902
1081035
1081456
1081536
1081547
1081786
1082109
1082244
1082293
1082335
1082447
1082866
1083622
1084183
1084296
1084901
1085386
1085579
1085754
1086078
1086555
1086583
1086588
1086706
1086768
1087079
1087309
1087748
1087770
1088174
1088470
1088676
1088716
1088887
1088906
1089169
1089325
1089401
1089467
1089718
1090285
1090613
1090701
1090998
1091344
1091401
1091500
1091513
1091546
1091749
1091772
1091841
1092545
1092588
1092662
1092685
1092692
1092825
1092826
1093686
1093820
1093829
1094066
1094113
1094285
1094337
1094378
1094398
1094464
1094688
1095068
1095225
1095243
1095255
1095367
1096029
1096063
1096098
1096825
1096864
1097048
1097189
1097315
1097693
1097704
1098000
1098189
1098219
1098302
1098520
1098775
1098841
1098945
1098969
1098989
1099072
1099239
1099346
1099485
1100465
1100537
1100695
1100727
1100844
1100868
1100930
1101174
1101361
1101643
1101693
1101883
1101971
1102108
1102267
1102295
1102653
1102732
1103372
1103447
1104172
1104260
1104491
1104869
1105141
1105153
1105531
1105581
1105621
1105644
1105659
1105712
1105745
1106251
1106264
1106455
1106536
1106761
1106840
1106959
1107013
1107086
1107823
1107824
1107825
1108061
1108225
1108374
1108431
1108598
1109152
1109814
1110149
1110611
1111095
1111269
1111403
1111417
1111784
1112147
1112297
1112406
1112476
1112761
1112844
1112851
1112851
1113159
1113381
1113551
1113640
1114058
1114648
1114764
1114947
1115184
1115491
1115518
1115961
1115972
1116144
1116188
1116327
1116412
1116474
1116649
1116858
1117056
1117070
1117088
1117112
1117134
1117202
1117562
1117638
1117651
1117671
1117764
1117886
1118171
1118326
1118348
1118597
1118658
1118740
1118852
1118892
1118940
1119255
1119312
1119410
1119566
1119567
1120542
1120690
1120792
1120957
1121139
1121158
1121376
1121491
1121900
1122263
1122344
1122370
1122542
1122677
1122919
1123044
1123136
1123233
1123664
1123745
1123792
1124348
1124445
1124516
1124630
1124819
1124933
1124989
1125076
1126183
1126259
1126502
1126559
1126619
1127235
1127312
1127754
1128039
1128141
1128358
1128377
1128437
1128686
1128863
1129029
1129633
1129696
1129873
1129879
1129884
1130122
1130161
1130889
1130939
1130982
1131543
1131659
1131675
1131874
1131937
1132032
1132292
1132330
1132374
1132443
1132508
1132510
1132517
1132669
1132715
1132912
1132991
1132992
1133150
1133190
1133256
1133755
1134006
1134490
1134564
1134807
1134835
1135388
1135455
1135512
1135672
1135777
1135841
1136014
1136138
1136169
1136478
1136480
1136853
1137009
1137112
1137201
1137811
1137898
1137940
1137992
1138176
1138272
1138654
1138748
1138766
1139013
1139091
1139208
1139327
1139673
1139694
1140552
1141407
1141552
1141732
1142159
1142411
1142472
1142818
1142912
1143440
1143679
1144366
1144586
1144625
1144652
1144819
1144891
1144920
1144953
1145196
1145430
1145559
1145695
1145894
1146023
1146027
1146380
1146424
1146519
1146560
1146742
1146821
1146836
1146837
1147117
1147327
1147831
1148039
1148203
1148391
1148795
1149017
1149262
1149377
1149391
1149423
1149539
1149752
1149768
1149892
1150090
1150096
1150131
1150167
1150245
1150325
1150373
1150636
1150715
1151252
1151619
1151621
1151646
1151667
1151950
1152479
1152535
1152731
1152764
1153058
1153332
1153380
1153567
1153691
1153904
1154029
1154152
1154338
1154541
1154809
1154988
1155460
1155620
1155680
1155683
1155870
1156308
1156451
1156563
1156955
1157065
1157088
1157444
1157884
1158603
1158708
1158756
1158824
1159044
1159147
1159403
1159927
1160026
1160109
1160113
1160386
1160672
1160898
1160905
1161772
1161872
1161928
1161998
1162362
1162405
1162486
1162585
1162689
1163032
1163338
1163364
1163866
1163883
1164442
1164845
1164940
1165061
1165406
1165538
1165656
1165776
1166177
1166207
1166288
1166308
1166764
1166770
1167094
1167362
1167441
1167887
1168202
1168212
1168269
1168758
1168942
1169111
1169268
1169353
1169535
1169863
1169899
1170144
1170177
1170304
1170355
1170593
1170863
1171015
1171215
1171314
1171562
1171674
1171737
1171948
1172138
1172490
1172506
1172545
1172593
1172785
1172811
1173422
1173569
1173817
1173862
1173907
1174111
1174197
1174300
1174587
1174812
1174815
1175151
1175613
1175632
1175713
1175880
1175898
1176419
1176457
1176669
1176901
1177057
1177241
1177409
1177539
1177889
1177985
1178129
1178329
1178643
1178895
1179003
1179077
1179516
1179632
1179654
1179879
1180182
1180347
1180359
1180386
1181124
1181357
1181361
1181485
1181551
1181803
1181916
1182167
1182208
1182975
1183115
1183125
1183302
1183406
1183435
1183768
1184099
1184511
1184675
1184703
1184870
1185223
1185322
1185382
1185502
1185592
1185662
1186116
1186513
1186515
1186584
1186680
1186967
1187147
1187258
1187321
1187455
1187538
1188243
1188583
1188585
1188587
1188916
1188923
1188929
1189184
1189298
1189450
1189718
1190274
1190528
1190694
1190869
1191046
1191283
1191513
1191535
1191562
1191803
1191897
1191936
1191972
1192005
1192268
1192581
1192778
1193321
1193974
1194095
1194301
1194847
1195119
1195323
1195394
1195557
1195738
1195847
1195895
1196128
1196252
1196442
1196450
1196748
1197244
1197275
1197462
1197497
1197689
1197861
1198020
1198051
1198119
1198241
1198324
1198624
1198656
1198697
1198698
1198733
1198775
1198796
1198815
1199006
1199032
1199234
1199878
1199975
1199995
1200004
1200137
1200216
1200429
1200645
1200672
1201097
1201211
1201357
1201523
1201865
1202784
1202942
1202977
1202988
1204173
1204323
1204491
1204716
1204915
1205065
1205268
1205448
1205882
1205977
1206098
1206217
1206386
1206712
1206867
1207023
1207279
1207550
1207563
1207640
1207738
1207793
1207906
1208643
1208888
1209030
1209349
1209357
1209387
1209393
1209694
1209703
1209826
1210075
1210297
1210537
1211121
1211163
1211264
1211316
1211947
1212047
1212084
1212123
1212205
1212612
1213132
1213154
1213185
1213219
1213322
1213569
1213608
1213613
1214024
1214296
1214315
1214364
1214399
1214426
1214479
1215030
1215155
1215163
1215311
1215328
1215333
1215526
1215652
1215699
1215708
1216339
1216387
1216729
1216875
1216996
1217162
1217210
1217426
1218107
1218182
1218258
1218295
1218369
1219042
1219188
1219282
1219634
1219710
1220071
1220392
1220455
1220475
1220606
1220610
1220637
1220659
1220865
1220925
1220996
1221297
1221304
1221470
1221602
1221680
1221692
1222066
1222422
1223143
1223353
1223463
1223493
1223557
1223912
1224121
1224150
1224529
1225180
1225455
1225555
1225969
1225980
1226064
1226171
1226284
1226321
1226580
1226888
1227094
1227374
1227465
1227551
1227925
1228231
1228344
1228590
1229032
1229095
1229100
1229157
1229184
1229406
1229484
1229791
1229886
1230014
1230335
1230352
1230526
1230563
1230941
1231114
1231151
1231243
1231264
1231466
1232019
1232233
1232356
1232422
1233021
1233128
1233450
1233490
1233559
1233928
1234564
1235171
1235425
1235573
1235596
1235613
1236147
1236293
1237070
1237190
1237519
1237673
1238223
1238299
1238366
1238404
1238584
1238809
1238908
1239669
1239687
1239742
1239938
1239962
1240278
1240298
1240343
1240523
1240567
1240863
1240940
1240947
1241012
1241515
1241875
1241903
1242332
1242353
1242399
1242423
1243465
1243502
1243561
1243959
1244207
1244348
1244483
1244699
1244868
1244996
1245077
1245298
1245648
1245970
1246842
1246916
1246955
1246956
1247124
1247153
1247396
1248462
1249186
1249996
1250526
1250712
1250808
1251099
1251276
1251336
1251440
1251726
1251801
1251842
1252682
1252985
1253073
1253111
1253195
1253686
1254109
1254368
1254411
1254536
1254610
1254694
1254852
1254955
1255090
1255200
1255325
1255623
1255920
1256156
1256290
1256354
1256451
1256652
1256719
1256856
1257130
1258147
1258423
1258430
1258614
1258668
1258995
1259309
1259340
1259366
1259506
1260102
1260236
1260322
1260545
1260638
1260919
1260995
1261051
1261109
1261128
1261224
1261348
1261499
1261908
1261931
1261997
1262763
1262827
1263072
1263220
1263860
1263902
1263967
1263992
1264187
1264308
1264395
1264424
1264539
1264582
1264590
1264641
1264744
1264883
1265153
1265262
1265445
1265516
1265609
1265905
1265954
1265986
1266078
1266381
1266505
1266694
1266819
1266851
1266852
1266980
1267439
1267464
1267465
1267721
1267845
1267939
1268051
1268071
1268295
1268408
1269121
1269142
1269429
1269507
1269688
1269784
1270191
1270192
1270426
1271160
1271206
1271754
1271964
1272124
1272266
1272396
1272474
1272967
1273040
1273087
1273973
1274042
1274194
1274391
1274543
1274675
1274751
1274915
1275004
1275443
1275491
1275517
1275658
1275671
1275970
1276232
1276259
1276369
1276510
1276790
1276809
1277180
1277500
1277624
1277788
1278028
1278105
1278330
1278657
1278811
1278890
1278968
1279501
1279511
1279836
1279842
1279930
1279995
1280155
1280241
1280311
1280326
1280355
1280733
1281001
1281493
1281536
1281659
1281891
1281912
1282169
1282326
1282519
1282678
1282996
1283410
1283436
1283578
1283606
1283670
1283998
1284152
1284413
1284561
1284617
1284903
1284927
1285009
1285635
1285653
1286274
1286329
1286553
1286628
1286722
1286879
1287279
1287684
1287706
1287734
1288190
1288232
1288603
1288830
1289059
1289082
1289107
1289373
1289574
1289701
1289913
1289956
1290279
1290641
1290719
1290753
1290813
1291034
1291215
1291216
1291436
1291520
1291769
1291829
1292441
1292675
1292740
1292967
1293035
1293113
1293188
1293329
1293480
1293783
1293950
1294264
1294396
1294481
1294577
1294756
1295284
1295293
1295382
1295447
1295595
1295633
1295687
1295803
1295895
1295968
1296052
1296114
1296382
1296542
1297196
1297269
1297348
1297404
1297641
1297695
1297739
1298171
1298419
1298581
1298663
1298761
1298795
1299193
1299282
1299551
1299594
1299916
1299918
1300180
1300361
1300363
1300475
1300722
1300809
1300834
1300947
1301154
1301259
1301493
1301603
1301983
1302086
1303065
1303179
1303356
1303451
1303728
1303770
1303891
1303986
1304075
1303986
1304865
1305234
1305524
1305861
1306484
1306630
1306771
1306801
1306992
1307401
1307725
1307827
1307834
1307932
1308104
1308506
1308625
1308924
1308968
1309040
1309147
1309192
1309329
1309385
1309552
1309659
1309819
1310027
1310824
1310875
1310906
1311024
1311283
1311376
1311414
1311451
1311734
1311915
1312205
1312673
1312754
1312860
1312951
1313076
1313168
1313481
1313786
1314292
1314442
1314823
1315170
1315429
1315573
1315753
1315804
1315896
1315914
1316240
1316525
1316583
1316644
1316780
1316915
1316925
1316952
1317135
1317501
1317824
1318248
1318631
1318674
1318881
1319128
1319519
1319608
1319643
1319805
1319856
1319863
1319874
1319876
1320456
1320905
1321019
1321102
1321269
1321495
1321554
1321580
1321596
1321686
1322098
1322170
1322323
1322385
1322391
1323348
1323707
1323720
1323872
1324350
1324872
1325237
1325373
1325631
1325892
1326232
1326272
1326414
1326641
1326817
1327094
1327155
1327475
1327600
1327844
1328130
1328269
1328291
1328472
1328561
1328717
1328738
1328899
1329208
1329340
1329500
1329627
1330541
1330983
1331124
1331288
1331349
1331441
1331496
1331835
1332001
1332091
1332178
1333092
1333271
1334060
1334122
1334177
1334532
1334646
1334683
1334729
1334823
1335018
1335234
1335259
1335602
1335666
1336104
1336335
1336463
1336559
1336584
1336759
1336858
1337101
1337380
1337478
1337507
1337702
1337722
1337731
1337945
1338046
1338129
1338173
1339399
1339538
1339811
1339822
1339926
1340088
1340135
1340245
1340412
1340431
1340520
1340899
1340963
1341073
1341138
1341305
1341349
1341452
1341681
1341861
1342816
1343012
1343225
1343365
1343565
1343635
1343775
1343908
1344044
1345069
1345101
1345275
1345472
1345563
1345621
1345867
1345894
1345936
1346042
1346059
1346101
1346160
1346340
1346616
1346703
1347124
1347340
1347431
1347666
1347910
1348064
1348520
1348663
1348713
1348942
1349105
1349362
1349577
1349783
1349858
1349860
1350107
1350115
1350210
1350307
1350437
1350760
1350815
1351340
1351619
1351792
1351802
1352015
1352089
1352101
1352139
1352300
1352421
1352464
1352632
1353034
1353296
1353338
1353825
1353997
1354018
1354110
1354249
1354314
1354446
1354583
1354640
1354672
1354708
1355080
1355123
1355419
1355551
1355602
1355816
1356118
1356334
1356569
1356629
1356923
1356938
1357141
1357143
1357686
1357759
1357933
1358053
1358292
1358483
1358514
1358564
1358572
1358646
1358730
1358761
1359351
1359570
1360325
1360488
1360954
1361393
1361587
1361865
1361882
1362070
1362518
1363060
1363064
1363196
1363217
1363367
1363443
1363838
1364202
1364303
1364470
1364506
1364715
1364889
1364967
1365467
1366070
1366167
1366343
1366651
1366990
1367380
1367659
1367768
1367774
1367868
1367933
1368080
1368092
1368155
1368214
1368290
1368438
1368708
1368736
1369348
1369393
1369442
1369571
1369650
1369780
1370069
1370188
1370270
1370652
1371276
1371322
1371740
1371743
1371983
1372078
1372170
1372198
1372578
1372694
1372799
1372815
1373351
1373813
1374164
1374447
1373351
1373987
1374119
1374198
1374684
1375090
1375103
1375424
1375473
1375711
1375908
1376175
1376243
1376175
1376551
1376735
1377619
1377641
1377714
1378043
1378079
1378117
1378637
1378954
1379269
1379512
1379626
1379632
1379646
1380211
1380267
1380341
1380762
1380767
1380827
1381142
1381337
1381513
1381547
1381690
1381739
1382182
1382208
1382807
1383082
1383640
1383718
1383781
1383818
1384122
1384177
1384413
1384477
1384674
1384747
1384823
1385130
1385256
1385548
1385937
1386400
1386662
1387124
1387751
1387770
1388018
1388301
1388730
1388921
1389316
1389770
1390083
1390128
1390618
1390982
1391047
1391115
1391590
1391598
1391641
1391757
1392179
1392855
1393145
1393373
1393398
1393417
1393424
1393434
1393448
1393478
1393731
1393732
1393780
1393780
1393793
1394168
1394214
1394220
1394262
1394897
1395222
1395765
1395803
1395883
1396005
1396340
1396642
1396887
1396923
1397003
1397219
1397346
1397771
1397891
1398329
1398450
1398705
1399038
1399213
1399296
1399446
1399528
1399532
1399987
1400237
1400556
1400770
1401086
1401389
1401525
1401643
1401745
1402230
1402313
1402364
1402376
1402380
1402776
1402853
1403055
1403128
1403131
1403159
1403460
1403523
1403678
1403706
1403789
1403900
1403992
1404016
1404128
1404261
1404411
1404454
1404497
1404573
1404708
1404812
1404819
1405146
1405513
1405794
1405919
1406027
1406221
1406293
1406473
1407285
1407455
1407520
1407583
1407597
1408081
1408193
1408452
1409790
1411036
1411085
1411414
1411705
1412062
1412351
1412708
1412836
1412984
1413029
1413358
1413569
1413736
1413812
1414067
1414304
1414349
1414473
1414548
1414620
1414722
1414795
1414865
1415009
1415244
1415261
1415276
1415568
1415727
1415821
1415963
1416391
1416470
1416546
1417076
1417084
1417980
1418120
1418200
1418507
1418526
1418718
1418792
1418954
1419074
1419612
1419991
1420056
1420116
1420633
1420644
1420653
1420920
1421249
1421598
1421611
1421655
1421698
1421932
1422008
1422095
1422399
1422483
1422633
1422911
1423032
1423387
1423720
1423724
1423770
1423929
1424055
1424173
1424292
1424647
1424781
1424891
1424904
1425271
1425488
1425511
1425536
1426748
1426887
1427448
1427878
1428111
1428382
1428707
1428759
1428796
1428809
1428945
1429341
1429439
1429865
1430103
1430457
1430664
1430665
1430887
1431283
1431866
1432025
1432108
1432146
1432262
1432277
1432357
1432442
1432715
1432836
1432990
1433048
1433547
1433957
1434535
1435088
1435580
1435908
1436115
1436204
1436291
1436511
1436975
1437004
1437199
1437839
1438074
1438499
1439191
1439288
1439691
1439730
1439730
1440004
1440158
1440162
1440186
1440533
1441150
1441161
1441539
1441564
1441644
1441939
1442024
1442155
1442659
1442793
1442984
1443279
1443750
1443987
1444070
1444211
1444238
1445021
1445628
1445695
1445809
1445926
1446348
1446426
1446618
1446718
1446774
1447018
1447180
1447181
1447261
1447328
1447389
1447937
1447998
1448028
1448564
1448677
1448970
1448978
1449215
1450070
1450122
1450172
1450342
1450696
1450788
1450883
1451612
1451770
1452009
1452351
1452596
1452629
1452927
1453600
1454032
1454544
1454549
1455001
1455017
1455027
1455178
1455226
1455471
1455538
1455722
1455759
1455932
1456074
1456113
1456141
1456189
1456286
1456497
1456512
1457272
1457420
1458139
1458382
1458446
1459321
1459482
1459562
1459607
1459623
1460182
1460913
1460932
1461007
1461255
1461447
1461551
1461583
1461659
1461712
1461771
1461919
1462180
1462333
1462479
1462495
1462513
1462581
1462873
1462990
1463039
1463152
1463290
1463629
1463793
1463980
1464134
1464349
1464702
1465104
1465234
1465254
1465492
1465662
1466036
1466054
1466195
1466212
1466495
1466985
1467125
1467857
1468372
1468406
1468646
1468677
1468803
1468849
1468944
1469127
1469470
1469590
1469784
1469885
1470260
1470483
1470653
1470706
1470942
1471018
1471272
1471378
1471777
1471778
1472129
1472502
1472667
1472793
1472920
1473309
1473515
1473656
1473995
1474077
1475202
1475620
1475672
1475763
1475948
1476034
1476157
1476190
1476607
1477081
1477214
1477488
1477556
1478004
1478051
1478429
1478522
1478677
1478714
1478746
1478775
1479014
1479021
1479389
1479483
1479659
1479672
1480001
1480060
1480278
1480437
1480551
1480702
1480712
1480856
1481021
1481036
1481070
1481195
1481227
1481236
1481251
1481276
1481361
1481486
1481554
1481558
1482564
1482596
1483267
1483535
1483706
1483795
1483843
1483865
1483959
1483990
1484047
1484286
1484295
1484428
1484439
1484466
1484557
1484795
1485015
1485223
1485762
1486138
1486539
1486668
1486954
1487185
1487246
1487326
1487585
1487933
1488009
1488123
1488570
1489113
1489216
1489261
1489347
1489503
1489539
1489609
1489962
1490011
1490299
1490322
1490411
1490415
1490802
1490958
1491260
1491306
1491713
1491784
1492071
1492095
1492271
1492992
1493027
1493183
1493314
1493523
1493543
1494094
1494526
1494834
1494845
1495174
1495318
1495354
1495524
1495708
1496052
1496093
1496288
1496299
1496544
1496606
1496609
1496615
1497138
1497200
1497748
1497924
1497931
1497992
1498032
1498180
1498490
1498693
1498809
1499305
1499423
1499446
1499596
1499650
1499783
1500078
1500598
1500811
1501105
1501166
1501385
1501396
1501569
1501643
1501720
1501908
1501993
1502173
1502363
1502394
1502409
1502565
1502921
1503173
1503312
1503398
1503973
1504458
1504527
1504744
1505121
1505182
1505208
1505372
1505526
1505690
1505710
1506370
1506381
1506453
1507015
1507046
1507171
1507625
1507817
1507978
1508107
1509008
1509523
1509705
1509728
1509868
1509918
1509985
1510471
1510923
1511051
1511099
1511197
1511475
1511627
1511808
1511974
1512206
1512269
1512802
1512835
1513131
1513228
1514150
1514438
1514622
1514744
1514903
1514911
1515052
1515658
1516043
1516049
1516109
1516171
1516487
1517478
1517597
1518027
1518400
1518535
1518655
1519402
1519406
1519597
1519814
1519910
1519979
1520342
1520342
1520377
1520439
1520678
1520688
1520737
1520841
1520849
1520901
1521294
1521410
1521428
1521696
1521925
1522217
1522623
1522727
1522780
1523057
1523096
1523321
1523350
1523427
1523598
1523674
1523699
1523959
1524077
1524131
1524346
1524357
1524826
1524832
1525012
1525398
1525565
1525635
1525936
1526462
1526963
1527540
1527592
1527681
1527773
1527880
1528428
1528437
1528669
1529011
1529254
1529693
1530219
1530228
1530315
1530434
1530599
1530896
1531048
1531475
1531524
1531684
1531778
1531892
1531924
1532064
1532526
1532696
1533110
1533510
1533694
1533707
1533801
1533997
1534118
1534200
1534204
1534499
1534547
1534977
1535656
1535727
1535762
1535863
1536389
1536570
1536691
1536721
1537065
1537099
1537210
1537265
1537265
1537293
1537365
1537376
1537529
1537637
1537663
1537874
1537887
1537927
1538038
1538054
1538387
1538923
1539231
1539270
1539462
1539480
1539498
1539709
1539869
1540016
1540158
1540163
1540188
1540554
1540759
1540809
1540965
1540978
1540990
1541009
1541295
1541919
1541958
1542127
1542392
1542434
1542472
1542520
1543197
1543366
1543470
1543612
1543969
1543979
1544034
1544212
1544220
1544432
1544464
1545010
1545322
1545519
1545855
1546119
1546233
1546370
1546391
1546578
1546640
1546782
1547082
1547206
1547780
1547811
1548827
1549066
1549195
1549551
1549864
1549871
1550168
1550509
1550784
1550951
1550966
1551214
1551232
1551322
1551599
1551879
1551880
1551893
1551980
1552235
1552238
1552561
1552832
1552879
1552906
1552910
1552911
1553064
1553324
1553367
1553391
1554239
1554356
1554544
1554731
1555149
1555159
1555403
1555481
1555653
1556014
1556348
1556384
1556443
1556844
1556879
1557671
1557694
1557707
1557856
1558279
1558597
1558807
1559127
1559474
1559593
1559664
1559768
1559887
1559898
1560184
1560235
1560854
1560964
1561012
1561260
1561263
1561339
1561368
1561924
1562330
1562411
1562462
1562524
1562646
1562842
1562981
1563253
1563569
1563615
1563725
1564101
1564386
1564491
1564577
1564655
1564898
1565099
1565283
1565488
1565705
1565744
1565972
1566020
1566105
1566170
1566344
1566445
1566525
1566622
1566629
1566662
1566904
1567508
1567645
1567739
1567869
1568050
1568799
1568926
1569030
1569299
1569629
1569689
1569755
1569877
1569969
1570166
1570284
1570306
1570319
1570365
1570471
1571144
1571228
1571263
1571426
1571788
1571828
1572129
1572222
1572351
1572409
1572532
1572608
1572632
1572738
1572901
1573307
1573646
1573690
1574015
1574319
1574326
1574332
1574698
1575043
1575638
1575876
1576233
1576281
1576589
1576994
1577008
1577228
1577419
1577424
1577515
1577815
1578237
1578249
1579122
1579171
1579520
1579801
1579853
1580018
1580256
1580623
1580979
1581049
1581202
1581366
1581457
1581495
1581703
1581757
1582668
1582886
1582969
1583051
1583053
1583268
1583442
1583828
1583847
1583895
1583937
1584080
1584295
1584380
1585210
1585556
1585716
1585989
1586125
1586151
1586306
1586791
1587276
1587294
1587305
1587342
1587357
1587449
1587562
1587736
1587751
1587880
1588155
1588282
1588386
1588398
1588437
1588654
1589278
1589428
1589911
1590068
1590207
1590214
1590811
1591312
1591878
1591879
1592026
1592383
1592525
1592645
1592726
1593124
1593295
1593822
1593899
1593928
1594073
1594135
1594158
1594548
1594593
1594737
1594770
1594845
1594852
1594995
1595075
1595143
1595334
1595444
1595613
1595619
1595997
1596262
1596386
1596434
1596465
1596473
1596565
1597179
1597757
1597862
1599119
1599373
1599796
1600175
1600453
1600566
1600883
1601001
1601230
1601254
1601493
1601579
1601600
1601603
1601683
1602577
1602719
1602766
1602774
1602889
1602897
1602972
1603066
1603378
1603460
1603627
1603636
1603732
1603795
1603880
1603905
1604084
1604285
1604347
1604437
1604914
1605128
1605364
1605657
1606137
1606302
1606430
1606999
1607072
1607205
1607529
1607577
1608442
1608797
1608828
1608857
1609213
1609224
1609482
1609808
1609898
1609928
1610033
1610078
1610819
1611023
1611098
1611203
1611324
1611436
1611963
1611973
1612049
1612298
1612354
1612402
1612431
1612504
1612683
1612728
1612849
1613174
1613225
1613309
1613955
1614096
1614644
1614697
1614839
1615074
1615456
1615655
1615996
1616485
1616574
1616674
1616815
1616883
1617484
1617772
1617811
1618013
1618021
1618311
1618392
1618448
1618641
1618827
1619125
1619620
1619712
1620134
1620961
1621035
1621107
1621367
1621487
1621830
1621887
1621956
1621989
1622078
1622271
1622424
1623183
1623248
1623272
1623699
1623746
1623983
1624097
1624154
1624496
1624731
1624795
1625293
1625620
1626015
1626179
1626311
1626455
1626638
1626901
1626937
1627222
1627872
1628040
1628042
1628093
1628144
1628345
1628921
1629363
1629437
1629808
1629957
1630189
1630255
1630351
1630484
1630779
1630942
1631239
1631312
1631536
1631560
1631870
1632027
1632093
1632113
1632595
1632930
1633158
1633201
1633207
1633306
1633357
1633690
1634381
1634456
1634467
1634665
1634667
1634748
1635058
1635097
1635171
1635230
1635262
1635594
1635638
1635704
1635724
1635760
1636074
1636110
1636131
1636298
1636300
1636389
1636451
1636507
1636717
1636846
1636932
1637125
1637202
1637513
1637578
1637768
1637831
1639210
1639386
1639858
1640189
1640411
1640459
1640490
1640493
1640770
1640883
1640948
1641058
1641352
1641559
1641755
1641760
1641798
1641830
1641865
1641974
1641999
1642068
1642089
1642259
1642296
1642445
1642448
1642591
1642622
1642667
1642924
1643112
1643142
1643150
1643185
1643694
1643705
1643714
1644314
1644633
1644784
1644920
1645042
1645052
1645234
1645264
1645540
1645561
1645756
1646398
1646460
1646488
1646693
1646738
1646893
1647527
1647641
1647759
1647778
1648536
1648699
1648787
1649744
1650096
1650115
1650157
1650190
1650315
1650545
1650584
1650630
1650857
1651108
1651442
1651677
1651843
1651929
1652253
1652440
1652721
1652989
1653281
1653814
1653853
1654054
1654130
1654311
1654329
1654425
1654526
1654620
1654778
1655110
1655523
1656598
1656770
1656847
1657082
1657099
1657182
1657205
1657343
1657402
1657841
1657996
1658173
1658290
1658841
1658895
1659015
1659212
1659240
1659397
1659398
1659441
1659786
1660064
1660413
1660800
1660920
1661068
1661307
1661357
1661875
1662223
1662322
1662574
1662779
1663315
1663422
1663741
1663943
1664242
1664319
1664580
1664587
1664894
1664978
1665342
1666094
1666136
1666153
1666393
1666700
1666709
1668588
1668949
1668970
1669538
1669648
1670091
1670162
1670273
1670382
1670782
1670820
1670931
1670955
1671102
1671310
1671346
1671646
1671833
1672190
1672202
1672460
1672590
1672604
1672758
1672874
1672880
1672985
1673077
1673264
1673413
1673668
1673731
1673749
1674153
1674615
1674778
1674836
1674933
1675067
1675547
1675812
1676569
1676856
1676866
1677005
1677126
1677304
1677376
1677620
1677909
1678496
1679461
1679486
1679650
1679772
1679876
1679943
1680319
1680320
1681042
1681096
1681097
1681414
1681436
1681607
1681963
1682259
1682320
1682594
1682857
1683060
1683111
1683161
1683231
1683270
1683287
1683372
1683505
1683620
1684146
1684318
1684463
1684592
1684607
1684668
1685886
1686256
1686328
1686352
1686409
1686734
1687349
1687359
1687360
1688106
1688215
1688306
1688415
1688522
1688533
1688934
1688952
1689013
1689173
1689343
1689563
1689592
1689641
1689787
1689893
1689963
1690036
1690096
1690321
1690946
1691251
1691338
1691644
1691781
1691954
1692048
1692075
1692521
1692695
1692811
1694230
1694585
1694719
1695106
1695261
1695340
1695377
1695415
1696063
1696259
1696818
1697206
1697690
1697756
1698576
1698644
1699147
1699157
1699195
1699275
1699461
1699651
1699816
1699941
1700651
1700966
1700995
1701173
1701423
1701580
1701613
1701615
1701691
1701931
1702027
1702074
1702204
1702245
1702309
1702712
1702729
1702761
1702867
1703050
1703721
1703792
1703836
1704115
1704417
1704511
1704621
1705009
1705102
1705383
1705433
1705544
1705732
1705861
1706177
1706358
1706517
1706540
1706567
1706624
1706792
1706870
1707466
1708077
1708314
1708390
1708636
1708692
1708993
1709057
1709167
1709287
1709527
1710142
1710308
1710420
1710437
1710702
1710881
1710882
1710926
1711225
1711270
1711453
1711558
1711588
1711725
1711748
1711850
1712162
1712493
1712732
1712882
1712920
1712928
1713148
1713354
1713513
1713570
1714272
1714446
1714477
1714762
1714819
1714900
1715211
1715736
1715908
1716159
1716588
1717121
1717167
1718084
1718084
1718151
1718735
1718827
1718855
1719059
1719094
1719278
1719461
1719750
1720249
1720433
1720488
1720583
1720648
1720818
1720884
1721010
1722017
1722129
1722169
1722680
1722693
1722889
1723034
1723340
1723505
1723522
1723527
1723550
1723687
1723884
1723993
1724040
1724084
1724458
1724619
1724681
1724934
1724939
1725002
1725318
1725321
1725363
1725451
1725725
1726203
1726841
1726906
1727359
1727377
1727561
1727594
1727769
1727907
1728099
1728402
1728504
1728621
1728639
1728652
1728671
1729372
1729498
1729681
1729695
1729943
1729972
1730021
1730080
1730125
1730457
1730498
1730651
1730847
1730957
1731038
1731156
1731212
1731310
1731343
1731462
1731599
1732119
1732140
1732201
1732673
1732829
1732894
1732916
1732947
1732948
1733008
1733091
1733101
1733104
1733253
1733386
1733522
1733800
1733865
1734028
1734029
1734214
1734738
1735063
1735065
1735085
1735722
1735926
1736161
1736250
1736260
1736569
1736599
1737027
1737620
1737854
1738587
1738894
1738973
1739009
1739370
1739664
1739781
1739797
1739815
1739970
1740116
1740343
1740861
1741358
1741551
1741675
1741930
1742358
1742576
1742943
1743092
1743507
1744008
1744332
1744861
1745101
1745333
1745549
1745686
1745895
1747305
1747643
1748014
1748110
1748201
1748384
1748597
1748625
1749070
1749082
1749097
1749801
1750063
1750099
1750194
1750403
1750833
1751165
1751234
1751300
1751417
1751553
1751936
1752107
1752406
1752568
1753028
1753383
1753883
1753961
1754045
1754140
1754343
1754683
1754909
1754981
1755300
1755372
1755485
1755542
1755722
1755787
1755867
1756002
1756197
1756341
1756478
1756779
1756851
1757389
1757495
1757569
1757695
1757796
1757888
1757909
1757996
1758190
1758836
1758925
1758947
1759186
1759461
1759903
1760137
1760262
1760291
1760950
1760988
1761110
1762271
1762683
1762958
1763336
1763466
1763839
1763875
1763966
1764071
1764181
1764259
1764435
1764443
1764796
1764875
1765242
1765904
1765933
1765977
1766055
1766204
1766239
1766245
1766268
1766501
1766670
1767690
1767712
1767806
1767827
1767828
1767963
1767988
1768178
1768282
1768435
1768531
1768604
1768638
1768727
1768732
1768773
1768932
1769833
1769840
1769913
1770008
1770077
1770358
1770510
1770653
1770739
1770870
1770898
1771126
1771213
1771333
1771869
1772025
1772306
1772335
1772582
1772602
1772996
1773448
1773558
1774091
1774319
1774966
1775051
1775534
1776103
1776333
1776406
1776412
1776498
1776705
1776997
1777108
1777123
1777162
1777640
1777693
1777735
1778019
1778808
1779010
1779234
1779424
1779506
1779689
1779851
1780329
1780361
1780822
1781142
1781273
1781316
1781861
1782167
1782371
1782577
1782606
1782825
1782852
1782954
1783055
1783816
1783966
1784131
1784249
1784302
1784387
1784450
1784648
1784668
1784750
1784769
1785003
1785121
1785374
1785698
1785836
1786168
1786887
1787066
1787293
1787685
1787733
1787735
1787784
1787830
1788251
1788350
1788515
1788677
1789027
1789320
1789630
1789654
1789896
1789906
1789908
1789913
1790255
1790343
1790706
1790883
1790952
1791014
1791725
1791761
1791782
1791867
1791982
1792137
1792594
1792706
1793295
1793382
1793761
1793787
1794184
1794256
1794601
1794645
1794753
1794867
1794918
1795179
1795445
1795479
1795615
1795740
1795955
1796259
1796476
1796627
1796658
1796724
1797089
1797230
1797421
1797682
1797715
1797944
1798016
1798195
1798510
1798532
1798819
1799036
1799449
1800011
1800313
1801234
1801323
1801707
1801779
1801931
1802323
1802547
1802636
1802895
1803103
1803136
1803150
1803371
1803398
1803576
1803649
1803849
1804129
1804260
1804436
1804640
1805380
1805521
1805917
1806403
1806497
1806691
1807481
1807532
1807584
1807906
1808459
1809101
1805917
1807150
1807812
1807945
1808808
1809125
1809140
1809364
1809400
1809563
1809708
1810339
1810381
1810486
1810655
1810754
1811083
1811180
1811628
1811982
1812004
1812043
1812085
1812094
1812105
1812109
1812194
1812494
1812505
1812569
1812579
1812700
1812930
1813087
1813369
1814880
1814938
1815168
1815289
1816031
1816570
1816676
1817516
1817723
1817825
1818011
1818597
1818875
1818924
1818940
1819367
1819689
1820116
1820462
1820605
1820834
1821184
1821373
1821758
1821968
1821997
1822161
1822260
1822403
1822408
1822981
1822992
1823088
1823407
1823480
1823501
1823916
1824022
1824026
1824509
1825153
1825182
1825434
1825611
1825662
1825855
1825907
1826358
1826695
1827059
1827061
1827290
1827400
1827677
1827940
1828056
1828167
1828236
1828329
1828657
1828751
1829124
1829272
1829322
1829424
1829619
1829707
1829822
1829910
1830150
1830171
1830406
1830585
1830695
1830948
1831756
1831842
1831862
1832041
1832055
1832185
1833007
1833009
1833053
1833320
1833522
1833577
1833962
1834044
1834709
1834755
1834836
1835175
1835664
1835777
1835977
1836261
1836873
1837122
1837399
1838349
1838754
1839427
1839468
1839772
1840073
1840429
1840474
1840588
1840591
1840655
1840665
1840773
1840785
1842112
1843009
1843765
1843921
1843938
1844130
1844153
1844252
1844357
1844438
1845345
1845375
1845686
1845699
1845713
1845887
1846748
1847498
1847660
1847769
1847786
1847855
1848627
1848751
1848974
1848981
1849152
1849681
1850326
1850397
1850414
1850450
1851085
1851416
1851422
1851936
1852208
1852221
1852277
1853120
1853526
1853701
1853960
1854012
1854057
1854258
1854568
1854786
1854954
1855170
1855214
1855308
1855452
1855773
1856294
1856514
1856915
1857026
1857241
1857609
1857623
1857682
1857993
1858189
1858221
1858271
1859065
1859082
1859131
1859145
1859160
1859311
1859351
1859390
1859614
1859633
1859763
1859839
1859940
1859961
1860374
1860685
1860782
1860990
1861069
1861203
1861219
1861451
1861758
1861818
1862418
1862687
1863199
1863260
1863459
1863570
1863622
1863648
1863691
1864049
1865018
1865545
1865835
1865917
1866165
1866347
1866386
1866476
1866527
1867334
1867636
1867691
1867800
1868456
1868740
1869511
1869545
1869554
1870200
1870939
1871741
1871887
1872124
1872300
1872526
1872581
1872638
1872803
1872984
1873046
1872984
1873248
1873351
1873424
1873505
1873659
1873745
1873848
1873869
1873968
1874079
1874121
1874186
1874228
1874281
1874650
1875188
1875337
1875510
1875616
1875666
1876333
1876794
1876897
1876949
1877213
1877248
1877578
1877657
1877890
1878094
1878319
1878326
1878351
1878905
1879304
1879360
1879369
1879424
1879491
1879826
1880034
1880331
1880752
1880761
1880778
1880818
1880825
1881685
1881828
1881943
1881977
1882253
1882452
1882453
1882876
1883116
1883153
1883203
1883218
1883418
1883558
1883576
1883722
1883967
1884002
1884145
1884221
1884243
1884354
1884445
1884453
1884649
1884804
1884861
1884918
1885186
1885280
1885983
1886363
1886397
1886611
1887092
1887132
1887539
1888048
1888300
1888351
1888697
1888925
1888973
1889152
1889378
1890317
1890375
1890659
1891304
1891351
1891866
1892297
1892309
1892480
1892583
1892742
1892785
1893401
1893425
1893645
1893839
1894097
1894141
1894192
1894376
1894387
1894521
1894579
1895561
1895587
1895816
1896081
1896768
1897337
1897339
1897370
1897408
1897566
1897698
1897734
1897815
1898014
1898060
1898256
1898300
1898598
1898619
1898670
1898970
1899056
1899311
1899326
1899515
1899846
1900175
1900239
1900243
1900413
1900433
1900637
1901047
1901137
1901269
1901346
1901357
1901390
1901462
1901597
1901624
1901921
1902355
1902814
1903077
1903178
1903211
1903541
1903912
1904063
1904178
1904459
1904467
1904499
1905039
1905599
1905642
1905829
1906054
1906190
1906263
1906436
1906479
1907252
1907776
1907802
1907905
1908449
1908553
1908629
1909096
1909124
1909219
1909264
1909690
1909713
1909716
1909724
1909962
1910019
1910139
1910332
1910459
1910486
1910546
1910582
1910710
1910774
1911487
1911513
1911540
1911592
1911674
1911713
1912188
1912214
1912732
1912797
1912853
1912858
1912922
1912922
1912932
1913077
1913319
1913327
1913375
1913431
1913889
1913998
1914274
1914397
1914450
1914593
1914758
1915004
1915109
1915909
1915968
1916201
1916473
1916585
1916905
1917077
1917323
1917350
1917438
1917582
1917749
1917826
1917879
1918323
1918766
1918769
1918832
1918895
1918958
1919053
1919149
1919271
1919402
1919497
1920516
1920641
1921068
1921271
1921393
1922265
1922267
1922648
1922812
1922826
1922988
1923092
1923201
1923425
1923705
1923851
1923917
1923990
1924107
1924511
1924539
1924797
1924933
1925232
1925240
1925775
1926219
1926415
1926448
1926698
1926744
1926862
1926998
1927039
1927656
1927768
1927886
1928064
1929086
1929141
1929295
1929786
1929882
1930358
1930427
1930566
1930764
1930779
1931028
1931497
1931566
1931611
1931680
1931804
1931820
1932326
1932433
1932484
1932895
1933238
1933710
1934287
1934495
1934823
1934937
1935006
1935184
1935318
1935512
1935926
1936531
1936547
1936636
1936784
1936876
1937071
1937418
1938102
1938644
1939187
1939240
1939374
1939385
1939528
1939594
1939686
1940273
1940377
1940520
1940700
1940758
1940883
1940972
1941085
1941341
1941451
1941487
1941492
1941676
1941713
1942029
1942046
1942109
1942185
1942673
1943057
1943150
1943179
1943328
1943389
1943460
1943651
1944083
1944228
1944579
1944980
1945080
1945495
1945679
1945921
1945981
1946522
1946528
1946586
1946788
1946858
1946920
1947196
1947459
1947580
1947989
1948159
1948247
1948353
1948375
1948419
1948653
1949075
1949474
1949517
1949670
1950316
1951019
1951148
1951581
1952010
1952134
1952268
1952361
1952413
1952633
1952792
1953170
1953405
1953633
1953876
1954001
1954158
1954929
1955734
1956136
1956637
1956674
1956737
1957138
1957197
1957316
1957399
1957432
1957718
1957959
1958138
1958164
1958362
1958492
1958782
1958968
1958989
1959362
1959377
1959501
1959917
1959943
1960272
1960294
1960325
1960530
1960656
1960902
1960916
1961049
1961110
1961352
1961587
1961953
1962010
1962193
1962236
1962557
1962608
1962641
1962766
1963127
1963506
1963869
1964380
1964753
1964768
1964788
1965141
1965206
1965271
1965889
1966034
1966054
1966056
1966068
1966068
1966101
1966529
1966584
1966813
1966910
1967758
1968081
1968411
1968672
1968862
1969713
1969795
1970044
1970094
1970387
1970469
1970616
1970675
1970781
1970877
1970974
1971020
1971439
1971873
1972061
1972244
1972702
1972798
1972926
1973024
1973119
1973175
1973182
1973344
1973391
1973562
1973636
1973708
1973967
1974288
1974725
1975007
1975281
1975314
1975678
1975919
1975991
1976017
1976096
1976469
1976736
1977151
1977616
1977621
1978013
1978073
1978265
1978506
1978843
1978847
1978876
1978895
1979427
1979830
1980054
1980192
1980286
1980345
1980461
1980562
1981668
1981690
1982152
1982284
1982380
1982515
1983165
1983199
1983327
1983721
1983822
1983891
1984400
1984703
1984812
1984905
1984925
1985094
1985473
1985476
1985571
1986064
1986079
1986759
1987054
1987087
1987147
1987210
1987247
1987348
1987432
1987573
1987862
1988017
1988399
1988507
1988706
1988775
1988987
1989136
1989291
1989530
1989674
1989972
1990153
1990253
1990661
1990798
1990803
1990928
1991207
1991327
1991626
1992199
1992459
1992850
1993276
1993409
1993692
1993757
1994181
1994289
1994331
1994426
1994596
1994607
1994850
1995037
1995813
1995831
1996203
1996330
1996340
1996739
1997332
1997360
1997508
1997654
1997918
1998386
1998485
1998966
1999106
1999172
1999303
1999449
1999732
